t = 10000
b = 20 20 20
E = -0.556353710862054 -0.556353710862054 0
-1.7336288042193 1.76630685109152 -1.286198590608 0.732244229805317 -0.453663472217782 0.507944627243982 0.680181431048942 0.449670813134761 -0.578920786214979 0 0 0 0 0 0
-1.37768056574222 2.12314006110824 -1.2572214737503 0.464450712093801 -0.88316975927885 -0.0655473788430334 0.564905113963727 0.35245238277171 -0.746096105548341 0 0 0 0 0 0
-0.962045700665327 2.39179231278258 -1.51295766049171 0.131691873998658 -0.981735432559031 -0.137304956199031 0.742877588089228 0.189449274014759 -0.642060579180953 0 0 0 0 0 0
-0.399127339339502 2.2586279929982 -1.53733452855096 -0.364817110920014 -0.706206454002507 -0.606779062770679 0.733106147297292 0.183883361558932 -0.65478410878422 0 0 0 0 0 0
0.0984299576681811 2.10289520107428 -1.80552714587333 -0.752360892199702 -0.241093949194441 -0.613047087151496 0.539683945200665 0.30806279894213 -0.78347842859183 0 0 0 0 0 0
0.346771013369116 1.93108409265523 -2.17650830629225 -0.744075131760501 0.590766279006357 -0.31200530813862 0.578772062073315 0.336703310650227 -0.742733940408699 0 0 0 0 0 0
0.376895040537864 2.01483062746163 -2.6859346863014 -0.253564955620007 0.906037875322859 0.338821648132328 0.411983551465228 0.418065021024391 -0.809624058087727 0 0 0 0 0 0
0.92283976992586 1.76263585206274 -3.59331519276066 -0.513069173810901 0.853571493149947 0.0904190565800304 0.83785684020764 0.520914363882332 -0.163230108822004 0 0 0 0 0 0
1.11684281636011 2.22278451318994 -3.87178728766769 -0.295645034722367 0.365522391844525 0.882602522483145 0.719631969691944 0.692838252436622 -0.0458783186485126 0 0 0 0 0 0
1.33657242209723 2.71993192889638 -3.85295095812672 -0.24008619024669 -0.107884262848077 0.964738065215837 0.567855971719274 0.790426016527613 0.229708888640357 0 0 0 0 0 0
1.32797606853532 3.1473346550036 -3.73653043107774 0.519854062637195 -0.47506831949477 0.709973078806837 0.422220057277403 0.865380727490694 0.269900576632222 0 0 0 0 0 0
0.409972462051844 2.9309351074786 -4.80282500487275 -0.383557354706488 -0.922891531240549 -0.0339832570149499 -0.39862090653877 0.132250806305797 0.907530173778354 0 0 0 0 0 0
-0.0413019563775365 2.88117167774708 -4.55985974155023 0.495127663117303 -0.770672181482726 0.40113940587049 -0.182492816460006 0.359154528154272 0.915261838676351 0 0 0 0 0 0
-0.345949547574922 2.79449264267635 -4.17615184345846 0.928305578296519 0.0870013080301451 0.361496063144462 -0.360352429137019 0.450092769125745 0.817044989364475 0 0 0 0 0 0
-0.23776645193728 2.98574863060591 -3.68346614068418 0.66531423316569 0.635956712275949 -0.391044573043745 -0.3109103111395 0.71223358343264 0.629331377703519 0 0 0 0 0 0
-0.191257663183322 3.38302213271757 -3.29670535211063 -0.00279635237466376 0.557656463908889 -0.830067071442189 -0.422823355753481 0.751559794427116 0.506338056251704 0 0 0 0 0 0
-0.63461616679898 2.42464138127404 -2.63362801579847 0.686840909649148 -0.718653406107973 0.108566576483317 -0.552893354069776 -0.419671098132273 0.719850690095217 0 0 0 0 0 0
-0.802595832987584 1.88773766756404 -2.5519379056978 0.80592379034061 0.058428077508824 0.589128967189642 -0.476739823838731 -0.525952460791561 0.704338750959393 0 0 0 0 0 0
-0.941813304201846 1.47122121980991 -2.26252530720653 0.441474854631331 0.690351886010007 0.573161492997626 -0.46154153225772 -0.373075896999713 0.804856308429028 0 0 0 0 0 0
-0.83543805749224 1.22371934946797 -1.80801087616587 -0.103104647349489 0.950459896664408 0.293249651978647 -0.394794153108489 -0.309707912033372 0.864996240124168 0 0 0 0 0 0
-0.725930657388023 1.10054745074593 -1.35050606783439 -0.551745678334254 0.831180752422996 0.0686672328773026 -0.400156051510556 -0.336064571241802 0.8526052064428 0 0 0 0 0 0
-0.812645673110469 1.18627559471338 -0.779263229112573 -0.80287134777971 0.436384778353605 -0.40615980590292 -0.548711262227157 -0.274595187400225 0.789628587065936 0 0 0 0 0 0
10.0424689640864 8.63819592101246 1.4130810572231 -0.269154320383057 0.37033423336871 -0.88904915755784 0.790357408692025 -0.442574381037559 -0.42363072116565 0 0 0 0 0 0
16.9895439580127 15.5596363197248 9.18930122594368 0.366228364842575 -0.0301645767283458 0.93003589392814 0.596607093130296 0.774623037016345 -0.209807243133678 0 0 0 0 0 0
1.56844980312319 9.79201055182344 -7.84856478193996 0.647061297521653 0.759903918024498 -0.0621100817034096 -0.750779968485982 0.649240918794235 0.121719346541499 0 0 0 0 0 0
26.9997466544941 5.79127605747742 -0.512342001634639 0.0338184040354266 0.123877374841408 -0.991721026383407 0.0297156617325478 0.991725344736182 0.124891225036141 0 0 0 0 0 0
4.63564622763418 13.8841965076189 16.6597404129613 0.561495816911397 0.225196475151184 0.796246746936344 0.827478569951558 -0.15425477715389 -0.53989310388574 0 0 0 0 0 0
-10.90397574212 16.7838837751639 18.6859248009102 -0.946221203558544 -0.0204835741318755 0.322871085679321 0.323005477773635 -0.11608767060937 0.93925023101298 0 0 0 0 0 0
9.68560966675079 12.9766711081273 1.66731514444043 -0.353868520727495 0.243996283208005 0.902907953064191 -0.925616185898883 -0.229883793416284 -0.300645979545808 0 0 0 0 0 0
13.7538958461748 12.5038671332958 7.27064348109654 0.184100741164525 -0.475079528322253 0.860468631948954 -0.951630426154778 -0.305235757539357 0.0350792849580586 0 0 0 0 0 0
1.62991668031574 9.69028336462658 20.4652465816808 -0.0565399028784596 -0.864480762770222 -0.499475945428556 0.714775237101113 0.314235184299424 -0.624781963517875 0 0 0 0 0 0
-2.45291510538188 3.07787634612594 6.81543634577374 0.224181463290054 0.212575953503038 0.951080449639786 -0.725604241580687 0.687895149102911 0.0172825241592932 0 0 0 0 0 0
2.52101591961862 2.75016057116366 3.14054167426634 -0.168124904398168 -0.234170355878925 0.957547987453526 0.0724925925807308 0.965807666474889 0.248918395034491 0 0 0 0 0 0
10.3728347882689 22.9278112631118 6.98933629479366 -0.996475960671629 -0.0542072664209734 -0.0640086963758029 0.0807010839037038 -0.411555542926732 -0.907804643701043 0 0 0 0 0 0
5.9161830685789 2.74737881612623 10.4928292052438 0.395308581887441 -0.667018060899504 -0.631520360201079 0.850024739268616 0.526209111364611 -0.0237029016679745 0 0 0 0 0 0
12.3582182201253 27.6192256430449 -6.08797557817213 -0.117248009835647 -0.992686573843443 0.0287448876024496 0.420781486741493 -0.0234396563368833 0.906859087059636 0 0 0 0 0 0
14.813924098525 19.6233834130798 12.7840957297346 0.853979484285088 0.484750912312458 -0.189038361808736 0.286454906270704 -0.134728664955266 0.948573485011779 0 0 0 0 0 0
5.55080439523164 9.85655155737917 17.7518257024113 0.599509662244129 -0.748962754568194 0.282210745376819 -0.735583975573977 -0.376628115346271 0.563087360282484 0 0 0 0 0 0
15.0313744849473 6.58904360541374 11.0049817040872 -0.690811710239831 -0.281137537824222 0.666138691290676 -0.661218516077668 0.61838272280082 -0.424726745700689 0 0 0 0 0 0
14.0002840071705 11.6845765520644 12.614619257432 -0.724079951625994 0.0431134665848714 -0.688367150338117 0.231019960630552 -0.925233150102861 -0.300954113747544 0 0 0 0 0 0
17.7144591042222 10.6281369447402 14.4904616223134 0.701987976565151 0.57511255509576 0.420069458481465 -0.307323116630721 0.776704357042219 -0.549802506762263 0 0 0 0 0 0
6.67085358308213 19.8154351828739 14.0364027929527 -0.604053130269123 -0.773119892819049 0.193404754810587 -0.103950495461692 -0.164174558974622 -0.980938781312336 0 0 0 0 0 0
21.8256167369008 -2.95896103126408 22.17015591832 0.560598566626321 0.718539985760548 0.411618121926337 -0.774113750963936 0.278212243223116 0.568634978089683 0 0 0 0 0 0
6.44023527278511 15.4003775765089 6.69770163128459 0.259137543419639 -0.124100117345077 0.957834420498655 -0.942038026546449 -0.251284693223938 0.222306652644241 0 0 0 0 0 0
-0.173872102476187 -5.65444099468113 -4.47239839836517 -0.899906684196425 0.0430168541807824 -0.433955517312895 -0.400772209635941 0.310685706893817 0.861890897859401 0 0 0 0 0 0
