t = 40000
b = 200 200 200
E = -0.181124068623787 -0.460328687089436 0.279204618465649
-6.55479492220667 -4.68997138745743 7.91079812456084 0.819393158454155 -0.501811668951314 0.277091578894431 0.407178102391461 0.16927060262135 -0.897526244702211 -0.195708279321169 -0.285726070043267 0.070572783752379 -0.0264819475361444 -0.240336766789161 0.236790625844223
-6.17797413645235 -4.46031969373306 7.6205854772229 0.500362151143662 -0.855674908148376 0.13212873199177 0.488336077145591 0.152891541430047 -0.859157704810277 0.322456684292476 -0.308555731622937 0.669313451912274 0.0452825489298539 -0.0849543802387559 0.012517762204657
-5.7666592618103 -4.30286361005022 7.32785845658309 0.132360417524929 -0.988569721638929 -0.0721832320109377 0.449486355424705 0.12476862807016 -0.884530769173242 0.388391618676986 -0.122906709159463 0.261255600705499 0.65359276925132 0.18234347637495 -0.298912310238716
-5.29427486434548 -4.32267121497964 7.14923394719933 -0.373906051950461 -0.881438395166155 -0.288548788507254 0.593303670927199 0.011811148132924 -0.804892010111324 0.709632611043082 0.549004291570732 0.127621047545755 -0.481993542615161 0.176671311965825 0.0494606338788018
-4.93548137692636 -4.46313224560933 6.80251582340873 -0.717118792502257 -0.643441340507377 -0.267812814154326 0.429695528676192 -0.105643707673718 -0.896772552978364 0.010462747768232 -0.0632499196910475 0.346369590845616 0.123105373457295 -0.0835801888111466 -0.297738263281903
-4.6461159209002 -4.66626449523505 6.36353695107361 -0.978872345514787 0.0192541550513519 -0.203563283404256 0.200499697447076 -0.104895117642757 -0.974061984107219 0.287320160451264 0.0578400318568503 0.00907280358906009 0.441950100078798 0.0785594455602567 -0.0852381744496944
-4.36828255499159 -3.87262653827057 5.20686848798838 0.427370698678415 0.229298745778511 -0.874514874959451 -0.190834092354768 -0.922627202863372 -0.335173449654658 0.591576782200287 -0.185087585574953 0.0437489835861051 -0.146096742349532 -0.212904971968312 -0.0968353802139574
-4.57020185887853 -4.02544735862404 4.86935991479929 0.846742002491611 -0.30174205418987 -0.438154748353364 -0.505725171062469 -0.712179855475224 -0.486869299885697 -0.292637522004994 0.0970821151461889 -0.334593823569719 -0.494698462727339 0.159232477433072 -0.0321321096160364
-4.75969295057311 -4.18898800933457 4.47137519617766 0.866897518019203 -0.484628439674442 0.116721003442467 -0.354596785433912 -0.76409274289067 -0.538909308595159 -0.484432024661861 -0.238511845869351 0.315789308183217 0.12299101926278 0.123360627895729 0.352131614926152
-5.42084957965329 -4.78090093696702 5.54979264104828 0.717174967941102 -0.403087445315844 0.568489616991858 -0.487520668320791 0.292718346704873 0.822580910043547 0.164243993186879 -0.0324793833191447 0.178636279702785 -0.039429352412955 0.220435969877841 0.0202580174942936
-5.67999398665373 -4.79196926310584 6.08685738211888 0.908872871320375 -0.366070130318694 0.199856842035965 -0.17618132027315 0.0973575060943491 0.979531333227163 -0.0501211546403264 0.0553930594791804 0.110136199443398 -0.42753148661878 0.372728805398487 0.13996348485614
-5.85288617161493 -5.06494108369824 6.33909554599325 0.785066207053383 0.411397279402302 0.463058501762175 -0.443548727604556 -0.148443297152706 0.883871570400668 -0.222198251018454 -0.156578203366534 -0.179392154323561 -0.312080411513311 -0.367130218049522 -0.12833682173542
-5.8411402104623 -5.3516858188209 6.78608825012496 0.578503400295605 0.764725064643621 0.283776700039907 -0.181226199644641 -0.218705082144585 0.958814377395331 0.481498395514625 -0.150368082829244 -0.420813990339806 -0.0306312053753639 -0.0395582777254967 -0.144192911120122
-5.61977402612825 -5.48202498733417 7.21613072778258 -0.263981623907426 0.959975229012555 0.0936008831841369 -0.290712616026314 -0.171720039712106 0.941274822789251 0.526657755013433 -0.503924389592829 -0.321969780245393 0.512056846356574 0.548440789604656 -0.49834934572389
-5.60165392554623 -5.4613551862482 7.75783943396732 -0.477103149196959 0.859068832280132 -0.185400087018973 -0.0953615511639499 0.159108451253139 0.98264469457472 0.204547912049304 0.265712353786229 -0.0608075735299635 0.230760224536593 0.103658441496659 -0.0852614277085595
-5.56773109468969 -5.21745350451965 8.26435185821921 -0.814327685311804 0.501188974165264 -0.292711224236845 -0.164113931095066 0.284910738911968 0.944400559491282 0.00068370113171764 0.254485630433392 -0.282221766605962 -0.383916323802125 0.17427059437835 0.430353876426649
52.9791115816838 152.731593060956 66.5830815223909 -0.373928518763694 0.209497057576107 -0.90348674835863 0.754050576354408 0.635845988707083 -0.164643384995868 0.354237903300714 0.560007496062557 0.212752846287527 -0.147541631218171 0.0416787526827686 0.0946727344311659
162.414505457474 27.757739377999 50.1773759748345 0.47528414436385 -0.108862837025523 -0.873071442397482 0.767124527138311 0.537197782633059 0.35062564876779 0.0814963293235944 -0.0842168158838268 0.21288381220601 -0.906699193157533 0.0323658478253482 -0.322434965763357
33.5718157789605 164.246897082555 53.1010248721677 -0.142913999490033 -0.801727444869815 -0.580352082441709 0.154238402440119 -0.59724803807618 0.787086490505346 -0.0105315237121401 -0.148638451236151 -0.170537930482108 -0.347296258604096 -0.0166306279208462 0.285908814820581
133.750857621373 183.709085855095 164.983305455782 -0.776414865621709 -0.385986634095923 0.498190877611954 -0.434631625432192 -0.244492034928228 -0.866786533337436 0.414135334627053 -0.0606023895589975 -0.212341963054742 0.0694264270859645 -0.526468442417984 0.409619431349653
109.380621731569 181.855274543897 125.755972788004 0.174241528392786 -0.631033568633265 -0.755934071631307 0.963004799087971 0.269467607779745 -0.00297340845964091 0.449862047912082 -0.161258402665648 -0.0631611940638692 -0.345916254130045 0.0456415862734776 -0.255485790879494
7.51049033376433 180.185247786249 56.4703552569171 0.987550686783003 -0.0922920539100588 -0.127380189064891 -0.00437516709457095 0.793358142763085 -0.608739375212135 -0.10848750181392 0.445437843998846 0.270603430390219 -0.0283242382812541 0.131842359172946 -0.170519238378103
167.169021274955 156.786967977782 62.2874552965454 0.79002223099413 0.219566422043728 -0.572411871622829 0.213300564800726 0.776899300063279 0.592393637354016 0.0266469229568236 -0.0232705251440777 -0.628393187141196 -0.310122149865583 -0.0538676298859617 -0.365693715725829
162.009228189973 63.5128553150604 32.9592825135699 0.79820618237102 0.560484592871483 0.220734771903502 -0.586591125125165 0.806571684357815 0.0731632455093174 -0.238560130903832 -0.148225081633605 -0.175213639653225 0.557006773078476 0.0224704290090731 0.451674344328991
107.260789705994 98.3210098876568 184.078460333283 -0.0409962078718308 -0.126010771754368 -0.991181366089696 0.680117111039187 -0.730242141569734 0.0647067846360979 0.286662408571628 -0.0635760966562003 0.341540456858044 -0.195135764705904 -0.352220522075141 -0.185547760143116
114.854617784945 28.8051703072982 127.125365528762 -0.877173269206151 -0.375411942561679 0.299387409926175 0.422386655074209 -0.306717945242655 0.852943998783591 0.0272620671405112 -0.335788662909196 -0.0432315057819047 -0.549797738081827 0.0277110442269495 0.239971506831863
41.8210973969585 173.821220620984 74.2747484382565 0.466944523131632 -0.413867759722803 -0.781457735136503 -0.525187135588941 -0.840770621532696 0.131465282375951 0.201976129573644 0.133029229680939 0.062152028422728 -0.134284784318066 0.286444873657725 0.00553838989068867
46.0595598936232 163.777411280507 34.18502724458 0.139746684776251 -0.155366526287534 0.977922280906112 0.317196995192769 0.942592819836581 0.104425628526398 0.0188253994004724 0.122761943113727 -0.299545837677397 -0.0497334773335912 0.198237501577545 -0.547419035281987
142.275154378544 11.2200143002693 84.5903047852936 0.433706311373601 0.413136653993037 0.80076016490945 0.858055891002196 -0.460618466759627 -0.227091592856262 0.294852842704157 -0.153474414080674 -0.212165338929842 0.127254675533999 -0.0344073761064963 -0.143011768138295
67.599433155983 193.839498351393 189.381640496123 -0.0971314980803436 0.964497053790994 0.245582639436651 0.22061455007748 0.261475818279888 -0.93965926932854 -0.104654608161657 1.12744792198044 -0.166288868705332 0.271816919266317 0.365052498390636 0.382781788644795
160.281610164393 19.5609360823235 73.7057232572441 -0.818255917073029 0.411423217103537 -0.401482395193696 0.550746679651034 0.761199644650708 -0.342422364671884 0.0149440141378915 -0.514224409958955 -0.182170413307226 -0.242789675892941 -0.184888811784722 -0.351982695056776
101.214490432227 22.0522317612186 3.4515445294352 -0.577324722997013 -0.794449658397309 -0.188536078906976 -0.802410901933978 0.509289516355093 0.31106395753435 -0.0313317927605078 -0.707054607424966 -0.385701017145765 -0.0925315922905518 -0.0196458719534572 0.0238059948506747
84.3381324971003 124.558976131203 113.909065850651 -0.984770951363517 0.0253870979878718 0.171992932659294 -0.0409904159502938 -0.99529562819973 -0.0877857667273541 -0.526368949514655 -0.378742312946735 0.32933669876007 0.198326924543655 -0.0189660038131178 0.109228191617428
152.594022271252 113.324760044017 25.5783150652638 -0.974844547147276 -0.0216303874491464 0.221833599460088 -0.155497539107079 0.779053348336757 -0.607368305698344 0.0218060696964394 -0.625875610225271 -0.185342075406187 -0.128775080834456 -0.193992475157854 -0.354648434423471
203.289765097931 11.1188281685005 97.8698512065969 0.384090934928422 0.803903747486135 0.454106565457824 0.74413090122663 0.0216263789830357 -0.667683532296523 0.083951271096086 -0.206948093421343 -0.114064215682623 0.0931116813294616 0.874807817095759 -0.495348243686077
81.1686725820894 96.8424837364535 35.4560465324168 0.780144156228667 -0.491582838075548 -0.386938322960621 0.575776218172105 0.806081831731716 0.136798166350761 -0.392331788185381 -0.230008314832244 0.0753032600272125 -0.00964544137197772 0.286113305865773 0.0888347296087632
-8.79739472385822 93.2982683068366 92.2555506578799 0.0106505841461485 -0.57513127142995 -0.817991722044627 0.999703299879336 -0.0117925129923191 0.0213078385483788 -0.547585329571244 0.134200229933886 0.355577720305677 0.493370601623348 -0.227632381177837 -0.141594931055533
3.79493813186736 122.365393474146 138.330855572766 -0.515821993474196 0.841978787443616 0.158111812165186 -0.741438707869769 -0.346296483651585 -0.574758420766218 -0.484853919855399 -0.326013271097491 0.636894728742419 -0.129408191543858 0.00373987447189689 0.536163255338072
50.6228389395209 131.238654141714 36.9339530304162 0.812907694742254 -0.376067076188743 0.444695973023144 -0.579427476527622 -0.59919527666354 0.552475024659996 0.0414222613692117 0.0706145536318702 -0.122646716911827 0.0972638700176193 0.410484622840205 -0.217184358751877
