#t = 390000000; extr. Ts: 0.0993833 0.103383 0.10905 0.109717 0.110383 0.11105 0.111717 0.112383 0.11305 0.113717 0.114383 0.11505 
0 2.60666e+09 3.25832e+08 5.34062e+12 1.21468e+11 1.98584e+09 1.33756e+09 9.16645e+08 6.38868e+08 4.52631e+08 3.25832e+08 2.38208e+08 1.76774e+08 1.33099e+08 1.01629e+08 
1 1.04318e+10 984733 1.29859e+11 1.51358e+09 9.91469e+06 6.0216e+06 3.72611e+06 2.34849e+06 1.50726e+06 984733 654708 442825 304597 212997 
2 1.12814e+10 5.98834e+06 5.66539e+12 3.64399e+10 1.01397e+08 5.55642e+07 3.10054e+07 1.76126e+07 1.01818e+07 5.98834e+06 3.58206e+06 2.17855e+06 1.34669e+06 845853 
3 9.79111e+09 2.94026e+07 1.53643e+14 5.82103e+11 7.71502e+08 3.87386e+08 1.98054e+08 1.03068e+08 5.45803e+07 2.94026e+07 1.61078e+07 8.97129e+06 5.0781e+06 2.92036e+06 
4 7.48231e+09 1.31056e+08 3.52838e+15 8.06541e+12 5.24159e+09 2.4197e+09 1.13722e+09 5.43977e+08 2.64746e+08 1.31056e+08 6.59675e+07 3.37528e+07 1.75493e+07 9.2693e+06 
5 5.35968e+09 4.98817e+08 6.37878e+16 9.07642e+13 2.99108e+10 1.27382e+10 5.522e+09 2.43588e+09 1.09308e+09 4.98817e+08 2.31415e+08 1.0911e+08 5.2267e+07 2.54297e+07 
6 3.97756e+09 1.44049e+09 7.34227e+17 6.95499e+14 1.25258e+11 4.95691e+10 1.99581e+10 8.17322e+09 3.40331e+09 1.44049e+09 6.19572e+08 2.70716e+08 1.20129e+08 5.41212e+07 
7 2.87675e+09 2.56356e+09 4.35724e+18 2.9129e+15 3.09961e+11 1.14975e+11 4.33649e+10 1.66256e+10 6.4772e+09 2.56356e+09 1.03043e+09 4.20517e+08 1.74189e+08 7.32163e+07 
8 1.96259e+09 1.96259e+09 9.90654e+18 4.84655e+15 3.20482e+11 1.12082e+11 3.98323e+10 1.43803e+10 5.27241e+09 1.96259e+09 7.41496e+08 2.84266e+08 1.10551e+08 4.36022e+07 
