#t = 397000000; extr. Ts: 0.0993833 0.103383 0.10905 0.109717 0.110383 0.11105 0.111717 0.112383 0.11305 0.113717 0.114383 0.11505 
0 3.28558e+09 4.10698e+08 6.96205e+12 1.55859e+11 2.5115e+09 1.68931e+09 1.15643e+09 8.05385e+08 5.70419e+08 4.10698e+08 3.00478e+08 2.233e+08 1.68487e+08 1.2902e+08 
1 1.04111e+10 982777 1.30789e+11 1.52333e+09 9.94835e+06 6.03722e+06 3.73231e+06 2.34989e+06 1.50632e+06 982777 652412 440528 302458 211078 
2 1.12864e+10 5.99099e+06 5.70106e+12 3.66699e+10 1.01736e+08 5.57202e+07 3.1075e+07 1.76419e+07 1.01926e+07 5.99099e+06 3.58138e+06 2.17673e+06 1.34468e+06 844017 
3 9.8548e+09 2.95938e+07 1.5501e+14 5.87943e+11 7.78375e+08 3.90696e+08 1.99662e+08 1.03856e+08 5.4968e+07 2.95938e+07 1.6202e+07 9.01736e+06 5.10029e+06 2.93074e+06 
4 7.47566e+09 1.3094e+08 3.59e+15 8.13529e+12 5.25095e+09 2.42268e+09 1.13801e+09 5.4407e+08 2.64652e+08 1.3094e+08 6.58723e+07 3.36845e+07 1.7503e+07 9.23871e+06 
5 5.39462e+09 5.02068e+08 6.52876e+16 9.23742e+13 3.0218e+10 1.28588e+10 5.57001e+09 2.45523e+09 1.10096e+09 5.02068e+08 2.32769e+08 1.0968e+08 5.25089e+07 2.55334e+07 
6 4.03326e+09 1.46066e+09 7.58515e+17 7.14524e+14 1.27622e+11 5.04557e+10 2.02954e+10 8.30338e+09 3.45422e+09 1.46066e+09 6.27665e+08 2.74001e+08 1.21477e+08 5.46804e+07 
7 2.95306e+09 2.63156e+09 4.57209e+18 3.03716e+15 3.20047e+11 1.18577e+11 4.46711e+10 1.71063e+10 6.65675e+09 2.63156e+09 1.05654e+09 4.30679e+08 1.78196e+08 7.48165e+07 
8 2.07641e+09 2.07641e+09 1.04449e+19 5.11424e+15 3.38694e+11 1.18476e+11 4.21136e+10 1.52073e+10 5.57688e+09 2.07641e+09 7.84687e+08 3.00899e+08 1.17049e+08 4.61771e+07 
