#t = 397000000; extr. Ts: 0.0993833 0.103383 0.10905 0.109717 0.110383 0.11105 0.111717 0.112383 0.11305 0.113717 0.114383 0.11505 
0 3.10259e+09 3.87823e+08 6.55646e+12 1.43572e+11 2.33379e+09 1.57447e+09 1.08122e+09 7.55469e+08 5.36851e+08 3.87823e+08 2.84685e+08 2.12251e+08 1.60656e+08 1.23397e+08 
1 1.06357e+10 1.00398e+06 1.31929e+11 1.53758e+09 1.01017e+07 6.13678e+06 3.79814e+06 2.39422e+06 1.53672e+06 1.00398e+06 667465 451396 310433 217026 
2 1.13425e+10 6.02074e+06 5.60249e+12 3.62511e+10 1.01703e+08 5.57683e+07 3.1137e+07 1.76958e+07 1.02339e+07 6.02074e+06 3.6022e+06 2.19106e+06 1.35448e+06 850709 
3 9.84955e+09 2.95781e+07 1.53135e+14 5.81314e+11 7.74047e+08 3.88891e+08 1.98936e+08 1.03583e+08 5.48806e+07 2.95781e+07 1.62107e+07 9.03193e+06 5.11403e+06 2.94179e+06 
4 7.48462e+09 1.31097e+08 3.52498e+15 8.05031e+12 5.23656e+09 2.41796e+09 1.13669e+09 5.43865e+08 2.64761e+08 1.31097e+08 6.60035e+07 3.37783e+07 1.75657e+07 9.27918e+06 
5 5.36471e+09 4.99284e+08 6.41138e+16 9.11537e+13 2.99791e+10 1.27639e+10 5.53167e+09 2.43949e+09 1.0944e+09 4.99284e+08 2.31569e+08 1.09153e+08 5.22737e+07 2.54262e+07 
6 4.00519e+09 1.4505e+09 7.42411e+17 7.02015e+14 1.26186e+11 4.99289e+10 2.01004e+10 8.2307e+09 3.42703e+09 1.4505e+09 6.23889e+08 2.7262e+08 1.20989e+08 5.4518e+07 
7 2.92436e+09 2.60599e+09 4.48914e+18 2.99049e+15 3.16309e+11 1.1724e+11 4.41852e+10 1.6927e+10 6.58951e+09 2.60599e+09 1.04667e+09 4.26819e+08 1.76665e+08 7.42014e+07 
8 2.06165e+09 2.06165e+09 1.04195e+19 5.09308e+15 3.36621e+11 1.17726e+11 4.18383e+10 1.51049e+10 5.53826e+09 2.06165e+09 7.78973e+08 2.98658e+08 1.16159e+08 4.58194e+07 
