#t = 397000000; extr. Ts: 0.0993833 0.103383 0.10905 0.109717 0.110383 0.11105 0.111717 0.112383 0.11305 0.113717 0.114383 0.11505 
0 2.76175e+09 3.45218e+08 5.66063e+12 1.26542e+11 2.0848e+09 1.40656e+09 9.65615e+08 6.74226e+08 4.78595e+08 3.45218e+08 2.52921e+08 1.88124e+08 1.41996e+08 1.08712e+08 
1 1.07053e+10 1.01055e+06 1.34966e+11 1.56777e+09 1.02153e+07 6.19952e+06 3.83322e+06 2.41407e+06 1.54807e+06 1.01055e+06 671298 453654 311773 217824 
2 1.14e+10 6.05127e+06 5.79559e+12 3.71151e+10 1.02849e+08 5.63213e+07 3.14049e+07 1.78259e+07 1.0297e+07 6.05127e+06 3.61685e+06 2.19802e+06 1.35775e+06 852229 
3 9.83356e+09 2.953e+07 1.565e+14 5.9024e+11 7.77375e+08 3.90071e+08 1.99294e+08 1.03646e+08 5.48511e+07 2.953e+07 1.61679e+07 8.99951e+06 5.09127e+06 2.92642e+06 
4 7.49802e+09 1.31331e+08 3.64316e+15 8.24825e+12 5.28998e+09 2.43847e+09 1.1444e+09 5.46635e+08 2.65669e+08 1.31331e+08 6.60155e+07 3.37314e+07 1.75144e+07 9.23821e+06 
5 5.44602e+09 5.06852e+08 6.54926e+16 9.31784e+13 3.05516e+10 1.2999e+10 5.62952e+09 2.48071e+09 1.11197e+09 5.06852e+08 2.3486e+08 1.10597e+08 5.29112e+07 2.57092e+07 
6 4.08085e+09 1.4779e+09 7.7007e+17 7.24443e+14 1.29234e+11 5.10852e+10 2.05454e+10 8.40431e+09 3.4956e+09 1.4779e+09 6.34948e+08 2.77124e+08 1.22836e+08 5.52794e+07 
7 2.99458e+09 2.66856e+09 4.57054e+18 3.04758e+15 3.23224e+11 1.19851e+11 4.51878e+10 1.73184e+10 6.74479e+09 2.66856e+09 1.07228e+09 4.37453e+08 1.81147e+08 7.61173e+07 
8 2.05086e+09 2.05086e+09 1.02907e+19 5.04186e+15 3.34298e+11 1.16954e+11 4.15785e+10 1.50161e+10 5.50751e+09 2.05086e+09 7.75131e+08 2.97273e+08 1.15653e+08 4.56321e+07 
