#t = 400000000; extr. Ts: 0.0993833 0.103383 0.10905 0.109717 0.110383 0.11105 0.111717 0.112383 0.11305 0.113717 0.114383 0.11505 
0 4.2018e+09 5.25225e+08 7.39205e+12 1.75709e+11 3.08748e+09 2.09531e+09 1.44652e+09 1.01544e+09 7.24529e+08 5.25225e+08 3.86669e+08 2.88968e+08 2.19126e+08 1.68532e+08 
1 1.06157e+10 1.0021e+06 1.31661e+11 1.53683e+09 1.00953e+07 6.13146e+06 3.79391e+06 2.39093e+06 1.5342e+06 1.0021e+06 666071 450382 309711 216526 
2 1.13219e+10 6.00984e+06 5.62481e+12 3.63622e+10 1.01686e+08 5.57387e+07 3.11096e+07 1.76744e+07 1.02183e+07 6.00984e+06 3.5947e+06 2.18594e+06 1.35099e+06 848312 
3 9.69466e+09 2.91129e+07 1.51232e+14 5.7399e+11 7.6266e+08 3.83072e+08 1.95913e+08 1.01988e+08 5.40257e+07 2.91129e+07 1.59539e+07 8.88807e+06 5.0323e+06 2.89469e+06 
4 7.36709e+09 1.29038e+08 3.49448e+15 7.96132e+12 5.16186e+09 2.38267e+09 1.11975e+09 5.356e+08 2.60667e+08 1.29038e+08 6.49531e+07 3.32348e+07 1.72806e+07 9.12758e+06 
5 5.26855e+09 4.90335e+08 6.30508e+16 8.95108e+13 2.94271e+10 1.25296e+10 5.43052e+09 2.39512e+09 1.07462e+09 4.90335e+08 2.27458e+08 1.07238e+08 5.13686e+07 2.4993e+07 
6 3.89076e+09 1.40906e+09 7.22226e+17 6.82302e+14 1.22587e+11 4.85047e+10 1.9527e+10 7.99585e+09 3.3292e+09 1.40906e+09 6.06039e+08 2.64805e+08 1.1751e+08 5.29445e+07 
7 2.84837e+09 2.53827e+09 4.37728e+18 2.91493e+15 3.08164e+11 1.14215e+11 4.30431e+10 1.64886e+10 6.41858e+09 2.53827e+09 1.01942e+09 4.15686e+08 1.72048e+08 7.22582e+07 
8 1.99097e+09 1.99097e+09 1.01172e+19 4.93325e+15 3.25364e+11 1.13767e+11 4.04242e+10 1.45918e+10 5.34924e+09 1.99097e+09 7.52146e+08 2.88328e+08 1.12125e+08 4.42215e+07 
