t = 30000
b = 200 200 200
E = -0.15794109230001 -0.200220824990823 0.0422797326908132
-5.54728188134825 -3.78528806199543 7.69167701248866 0.0562560278155965 -0.66459115736657 -0.745086420128101 0.982460040217713 0.169733703325452 -0.0772181814359212 0.0737290173757855 0.188825359684015 -0.141996316202234 0.439174054638759 0.0249645115358967 -0.128956897821368
-5.04485018905888 -4.01418904269184 7.6395740719966 -0.205399892383083 0.0182518615640509 -0.978507866678025 0.973497745286093 0.106546528921311 -0.202360821851693 0.0927263517280003 0.0092026747056887 0.420513689472762 0.0627108492073244 -0.860559069490227 -0.182670962817268
-4.60744168312246 -4.21908215614417 7.36541963324175 -0.318370421590493 0.490728903032215 -0.811064288986543 0.93573414418549 0.0256803491029331 -0.351769874971789 0.0250430132537108 0.238629179069906 -0.218592600796491 -0.350474418160079 0.408043549379125 -0.099324634166128
-4.2930490044748 -4.36494379326658 6.94920180847576 -0.284014775270172 0.918446378154376 -0.275302970873904 0.934256486514273 0.200510973305085 -0.294889932115305 0.052988739608189 0.000280042271084024 0.12971132154085 0.375855363684741 -0.173207110691072 0.0667961644389764
-4.05016808499101 -4.2721953863572 6.47634883883038 -0.172297570004957 0.91830142743041 0.356420983155926 0.931144849168308 0.269883909037182 -0.245217864902467 0.296543616618383 0.311058929279679 -0.153106339038601 0.177617671062008 -0.12518147227566 0.312044420049499
-3.87811770462881 -3.92359060156096 6.07066331759723 0.242354046716272 0.517772752126869 0.820472896424861 0.814220039644952 0.351303573193172 -0.462202894575931 0.234693476393164 -0.416559794701256 -0.366848793174203 0.222708968377472 0.212270088658465 0.135754251484484
-3.08876382912996 -3.77202346774385 6.46925050128288 -0.419828970908606 0.899850189535151 -0.118376652023977 -0.0408396728461216 0.111565768098436 0.992917541212421 -0.258209171031133 -0.164114171206234 -0.0781046624887964 -0.308356217913854 -0.503563032769203 0.399745209225293
-2.88224166668871 -3.49175558465606 6.84850371683408 -0.994591705402973 0.0998822515680008 0.0284740002200932 0.0274144000921828 -0.0119652512568795 0.99955249269452 -0.319998426772205 0.0491934944295202 0.465533040769434 -0.0425317105723631 -0.181429941057359 0.16450577612768
-2.80862970685223 -4.22126493164336 7.50957415773653 -0.339305573083825 -0.901720938416374 -0.267901025099495 0.301160839317482 -0.373937442366346 0.877195975660103 -0.0101533263751306 0.0854316320415229 0.280087251090873 -0.338568497432687 -0.348103795362612 -0.0271668833421226
-2.78953659089478 -3.72612987120735 7.90638900916658 -0.132617742684868 0.267854801355468 0.954288362205352 -0.197708557118287 -0.950592811979422 0.239341908056093 0.178393940508957 -0.558997858166802 -0.349469047590005 0.0751057653866684 -0.0398594453695179 -0.420201898013728
-3.69437848371928 -3.21288881937582 6.97053460250718 -0.188695829159428 -0.678823369917841 -0.709642578676694 -0.973194122844053 0.0325114947227216 0.227675331789047 0.178727648643318 0.00357457493407808 0.194033180706186 0.445666827984899 -0.162728431993528 -0.161842818456341
-4.19348339534815 -3.13272002068319 6.81813787952841 0.0934781601916214 -0.934686434769698 -0.34296213428134 -0.995048124222008 -0.0993931248834495 -0.000331977196369578 -0.306508188085619 0.230031554309954 -0.218732874302597 0.313919063232568 0.275486002069788 -0.127548019510005
-4.65407179025223 -3.24206124006659 6.59308945453146 0.323457784849714 -0.896482985601189 0.302808857209327 -0.944980761202552 -0.289518912112032 0.152282909019969 -0.0628658903184508 0.0157024796227465 -0.830179144236011 0.0531102414057073 0.0587416861939844 -0.234419209740315
-5.03561617069911 -3.56152783897548 6.44095306791136 0.377763236259566 -0.577100639268612 0.724050915242937 -0.882418630624891 -0.461227586354767 0.0927705251577893 0.013645779736456 -0.36923136870165 0.463034206821322 -0.0972177191625157 0.246656866570762 0.153964801762822
-5.27835364099238 -4.02053648753306 6.46813678748217 0.15000809839153 0.168384546711662 0.974240278558341 -0.909065909234769 -0.363925578999635 0.202872631365491 0.21757011848476 0.283839264221087 0.168080374222392 0.040217020455185 -0.134063194779768 -0.133175529794027
-5.61796728184152 -4.30848002386298 6.68883333537021 -0.0141732034673074 0.69478679340553 0.719076065325993 -0.908836245504502 -0.308803138619768 0.280458853174898 0.315319670287234 -0.509492052365151 0.0261907805325866 -0.0251265293193327 0.36737775681285 0.366437685379701
99.1660534109898 90.4788156386685 77.7632312688374 0.543476911520841 0.0823797477667379 0.835371956317296 0.77779506430989 0.324857611381641 -0.538054145633841 0 0 0 0 0 0
90.4491220300478 23.0892535109704 169.240727357625 0.616479936916223 -0.695096944667489 -0.369854921937687 0.409008122668761 -0.118677351389081 0.90478059457967 0 0 0 0 0 0
72.6896290383089 129.674316664806 47.8597970618535 0.637179495428132 0.699020753412472 -0.324610868494203 -0.160862065126554 0.532524605551805 0.830987879022005 0 0 0 0 0 0
27.2000125897976 49.1656924743895 18.6673939910783 -0.2936147103794 0.097523899406975 0.950936050856096 0.909043539162723 -0.279219842574606 0.309315394870408 0 0 0 0 0 0
68.8177553783057 66.4243470583894 195.498669721296 -0.706849498339355 -0.556200521748346 0.437040826437813 0.707363759351146 -0.556165958592305 0.436252055725039 0 0 0 0 0 0
72.835096629904 9.51917683233903 163.152973702382 0.0636811842993728 -0.852155111294501 0.519399981149022 0.839568762993462 0.327107244319926 0.433733831358653 0 0 0 0 0 0
56.9446159740073 89.1391642280631 167.951969917093 0.368133354523887 -0.789968069766883 0.490334821544404 0.908929689808469 0.194727941921206 -0.368683784469579 0 0 0 0 0 0
154.749658627985 118.321960537033 3.47101624765929 0.386573032671239 0.525583037192412 0.75784145779164 0.557442983458102 0.521473014773719 -0.646005517208582 0 0 0 0 0 0
48.1200957098505 201.004886948793 187.255867519954 0.502508179440347 0.675744905161451 0.53930908389279 -0.816000994954614 0.164556485723025 0.554133037508437 0 0 0 0 0 0
90.6772098833479 57.8143902835014 102.375497861144 0.286078189908939 -0.957655161996466 0.0324938467698159 0.903173021927145 0.258165681172819 -0.342970643442741 0 0 0 0 0 0
36.8788135853122 125.500262953488 188.171380657937 0.19535688902107 0.954540353959225 0.225140818119096 0.781104358244861 -0.0126184402044092 -0.624272886891131 0 0 0 0 0 0
180.061479055048 143.713773485488 43.0367024278732 -0.251467016387532 -0.944123741129962 0.213060292298125 -0.801599752484702 0.3265254275263 0.500818206034783 0 0 0 0 0 0
48.2380911102346 -11.7206074461655 145.839653968064 0.62148109705545 0.0939015065040015 0.777781225616098 -0.781794400543227 0.0102343430447853 0.623452206913172 0 0 0 0 0 0
103.197325996261 33.4693922064317 86.2120664507169 -0.746345681031287 0.575434023068218 0.334430455798045 0.0017306627695608 0.504157234199339 -0.863610096688044 0 0 0 0 0 0
138.352103034332 126.003821384733 13.9111719488979 0.533736666352834 0.799500645955537 -0.275542818989505 -0.0611161417121383 -0.288514565117693 -0.955522921572767 0 0 0 0 0 0
138.202246676288 78.7426376675594 112.539013818579 0.224531695114547 -0.779554481607753 0.584705294425387 -0.931214551472773 0.00513114444460623 0.364435194891915 0 0 0 0 0 0
136.453973397929 154.962574022452 134.737441222039 0.379968951445803 0.683068810709296 0.623731137738934 0.905360227345495 -0.136421272059599 -0.402134278916686 0 0 0 0 0 0
26.4161389086175 17.2679421525239 130.066444159846 0.558757807338214 0.371560879298614 0.741439224051359 0.764416782506165 0.115993236658802 -0.634202202824105 0 0 0 0 0 0
161.12151506262 154.166819092027 178.995018107745 -0.589215036471322 0.633073968486984 -0.502038763232454 0.0384512329789052 -0.598678829889046 -0.800065675330693 0 0 0 0 0 0
183.985624276223 61.5400064279404 73.9398217146112 -0.837648583961683 -0.540496078862846 -0.0787956479566742 -0.503895378207377 0.709001431486869 0.493362299619671 0 0 0 0 0 0
144.612663710416 180.397490163266 29.1782057627531 -0.213595210674771 -0.96313922389839 0.163523431773202 -0.143734239728312 0.196547526385823 0.969901759766015 0 0 0 0 0 0
14.0592490227577 193.026851363874 173.534879634616 -0.288433865789727 0.955468906517596 0.0623302764554628 0.525850144083145 0.21247056382276 -0.823612634464068 0 0 0 0 0 0
58.5817217015238 193.132559590938 166.662894007345 -0.782128413570514 -0.613765691131521 0.107548811120089 -0.621335714205434 0.781230038055942 -0.0601789949940738 0 0 0 0 0 0
105.540313863732 175.16036140929 188.178470297695 -0.755139522442522 -0.653601247855714 -0.0506916379987917 -0.591401258392827 0.712555024339574 -0.377504741926789 0 0 0 0 0 0
44.686051038653 148.706184224296 15.7215246450408 -0.0161784774904453 -0.989734124722355 0.142002171783196 0.920658941966437 -0.070145763440703 -0.384013757339276 0 0 0 0 0 0
123.106638054173 85.0813904161529 51.0001417746083 -0.666674385728374 -0.667731272247115 0.331179929070149 -0.72778174982585 0.487273130709965 -0.482595617265346 0 0 0 0 0 0
95.866657257818 132.539838659997 169.376510227484 -0.322778073269553 0.522603013714713 0.789113628586607 -0.946168569233886 -0.156966052017319 -0.283066389449257 0 0 0 0 0 0
150.292669174789 151.578368098466 162.847612502328 0.885832398134057 0.252008293020223 0.389605789262156 -0.0103663972038514 0.850197147369623 -0.526362342282356 0 0 0 0 0 0
154.089677378128 57.8579733397336 97.3474332839872 -0.0448192276859505 0.223911064722329 0.973578429656267 0.315335326088775 0.927904314418479 -0.198889916372709 0 0 0 0 0 0
172.479987633234 130.008999809622 67.1245936560051 0.661312200602168 0.198563231863205 -0.723352404971165 0.180230969814065 -0.978139465823176 -0.103730312657575 0 0 0 0 0 0
71.9110095876196 80.9315009725379 21.8645537969915 0.637741840388864 -0.00693171451420277 -0.770218915080482 -0.245996539071111 -0.949423904941646 -0.195140820273561 0 0 0 0 0 0
117.618392674808 37.5842704447937 76.1650282364698 0.922314546561839 -0.339991846983716 0.183688093668787 0.385912674138282 0.835170355655421 -0.391869683586477 0 0 0 0 0 0
-9.94752322736286 161.904901846145 137.116971574975 -0.492530502266815 0.79784566237018 0.347643438091639 -0.557766099695854 0.0172517625609581 -0.829818796813379 0 0 0 0 0 0
17.2855803352992 99.3368344778283 46.7128360846621 -0.979751807829842 -0.141142725251108 -0.142003553928632 -0.141077146379956 0.989942060216244 -0.0105808221873643 0 0 0 0 0 0
153.013238495866 56.7081744888928 57.4738829793564 0.245253726657058 0.860013309683599 0.44746808343 -0.961231880143675 0.155715915077366 0.22756473819183 0 0 0 0 0 0
108.686041806678 9.54665064870217 88.2895634840641 -0.0301871623487898 -0.95826527689297 0.284282226999644 -0.962266304944817 -0.0490872941615261 -0.26764505786152 0 0 0 0 0 0
62.3094173237477 83.2571277077078 39.0035820985788 -0.132218026433581 -0.987487815326394 0.0859430340599244 -0.0259313391188998 0.0901205024143172 0.995593161113 0 0 0 0 0 0
73.2224170411239 188.840529635696 47.7968370446563 0.785073023713272 0.574436750486345 0.23169524651035 0.365207728763188 -0.127159860202977 -0.92220039444964 0 0 0 0 0 0
76.43336409882 155.621761691363 171.335750412941 -0.696722708183398 -0.159381431029498 0.699410402527368 -0.399106486012336 -0.724039198791044 -0.562566613585477 0 0 0 0 0 0
133.035077534913 18.5305932294424 137.777429682684 0.32600820838729 0.76665882456693 0.553130044054387 -0.281990802434349 0.637321323438353 -0.717148971444687 0 0 0 0 0 0
1.22270056799538 73.4827698514375 122.913012616017 -0.867741443445463 -0.477353291398668 0.138414343449379 -0.403627889574455 0.514313337199728 -0.756681062443015 0 0 0 0 0 0
11.2701968130064 185.173042509808 156.463872131174 -0.161033637070592 0.727210128383479 0.66725822643187 0.981309415827368 0.19014704243944 0.0295942183697766 0 0 0 0 0 0
81.9752984402912 90.6592601874925 42.8572427582222 0.302090071057526 -0.950402843714958 0.0740000817253393 0.299179745919628 0.168227442227036 0.939250175127803 0 0 0 0 0 0
121.700601065141 16.7097662505006 110.048121391101 -0.831828847294172 -0.376122908239142 0.408157107450116 0.0186673695292095 0.716000828988478 0.697849757545907 0 0 0 0 0 0
133.19530765754 103.158034751786 186.149685896284 -0.624939416849639 0.746547934408196 0.228291160863877 0.716948652801273 0.433120165759708 0.546252189389004 0 0 0 0 0 0
58.7816095059168 67.5237006630581 20.8119408957474 0.343074531095552 -0.50119428093116 0.794420587353486 0.423662498157189 0.83740259224733 0.345350474935341 0 0 0 0 0 0
101.424500108492 186.394413318676 164.284066008923 -0.243069857759176 -0.940070072540245 -0.239134458208885 0.64523587421224 -0.340773386137881 0.683771936075011 0 0 0 0 0 0
205.78106219483 35.3056919594515 82.4964657403171 0.911608682522683 -0.302659117063857 0.278149169543914 0.113138517618233 0.835271157805408 0.538072237464411 0 0 0 0 0 0
160.729108339675 92.3785555814428 135.008605692333 -0.526499740221263 0.193412057495634 0.827882651595248 0.453798873480972 0.887389171089206 0.0812835538359936 0 0 0 0 0 0
139.251376549301 194.031114485284 166.063336542606 -0.691996224088482 -0.230241675510713 0.684200178175545 -0.699931034195592 -0.0180551502500219 -0.713982100440145 0 0 0 0 0 0
102.98664365245 188.5226445197 101.047196169192 -0.442255050424311 -0.766989784306805 0.464905465725617 -0.875757325164565 0.257432637157587 -0.408383928965873 0 0 0 0 0 0
178.499463526583 205.101630393219 97.4946585321891 -0.748354279953971 -0.152446946016956 0.645542937290639 0.298496059765981 0.791713293353018 0.533001049665554 0 0 0 0 0 0
131.407637660276 70.6909362788332 27.8399204849309 -0.238508979144781 -0.695579643491673 0.677703744194456 -0.361891929228297 0.711240060081907 0.602637328406 0 0 0 0 0 0
183.964027146522 86.6298011142684 69.4656536841768 0.709953289289991 0.570963279761638 0.412270760354145 -0.696564316641129 0.655550882942799 0.291635259657906 0 0 0 0 0 0
87.4627106773226 33.5365328099217 53.7455833931947 -0.871775986727336 -0.074624570178216 -0.484187653648719 -0.130806553395885 0.987905829465302 0.0832569206200734 0 0 0 0 0 0
97.9794469694562 4.88940447622045 138.760251930039 -0.424843722221026 -0.851588691452171 -0.307090344234166 -0.595943233092076 0.00774143704584449 0.802989174199805 0 0 0 0 0 0
52.4855846505681 78.8297106208575 93.7756079458805 -0.184767421504097 -0.515226270278556 0.836900712630442 -0.343610047875689 0.83168566258645 0.436154854260392 0 0 0 0 0 0
44.159794826905 160.615786219941 71.2076266214076 0.276507988100276 0.430275306835582 -0.859305763802988 -0.00258045439119969 -0.893832332852434 -0.448393887150639 0 0 0 0 0 0
58.6463679665591 102.262366891296 14.8158035660146 -0.837986057795832 -0.466875386518056 0.282500702969911 -0.1524911474281 -0.296719549498093 -0.942710904884362 0 0 0 0 0 0
87.5728732956103 176.850387788183 17.5145536033026 0.51035016141998 0.294579139675691 -0.807939189754934 0.764989261754358 0.273675306959555 0.583003555289666 0 0 0 0 0 0
97.0648489789035 201.974144406732 132.241078330758 0.258673280987475 -0.37647177894335 0.889582503789713 -0.965939926218794 -0.0942016073938045 0.241010368966627 0 0 0 0 0 0
115.295729911005 76.7585181926804 166.534200424188 -0.525016357328076 0.850479285732264 0.0322920438326016 0.800148240784662 0.480305220230111 0.359262573169537 0 0 0 0 0 0
182.294649160839 31.4447403991909 77.4921715479835 0.322615958393233 0.945501443609101 -0.0441129332930074 -0.18046451319986 0.0156928307762903 -0.983456239676082 0 0 0 0 0 0
55.0701798168969 145.113045109165 43.9571823840354 0.348719410970936 0.489297426201444 0.799363941177968 -0.236684713412371 0.87123397570369 -0.430036832483933 0 0 0 0 0 0
9.8440263349928 147.877041221205 155.542097876296 -0.289818766005986 0.869788479036371 0.399340776258466 0.0696896157444044 0.435319182386388 -0.897574771417429 0 0 0 0 0 0
121.679725937749 191.99341521733 153.771436060762 0.0901065554103618 -0.396348663433116 0.913667579147052 0.924492911216634 0.374476722695052 0.0712736892375256 0 0 0 0 0 0
140.198360864797 45.4814249709265 95.2260202830839 -0.372061563226285 0.524167730267815 0.766040662928002 -0.444367769830117 0.623984142880922 -0.642791569464749 0 0 0 0 0 0
59.6054460466355 127.785747744554 144.259429807073 -0.720769621191701 0.692455833124208 -0.0315596307077603 0.643159706179229 0.651089554219852 -0.403023468372348 0 0 0 0 0 0
23.9751349866393 172.018332094299 133.970795821096 0.885751775608481 -0.446306462417797 0.127492110134256 -0.00648415780880917 0.262748736543311 0.964842446290041 0 0 0 0 0 0
97.2813748475519 159.176975559052 22.2104063465331 -0.478875132427289 0.583085311591066 -0.656269798383245 -0.832298519183341 -0.539310540120099 0.1281531573705 0 0 0 0 0 0
143.852607245662 110.913006835588 81.3698449903379 -0.741407067357992 -0.173158973565011 -0.648329711420527 -0.566279666189843 -0.356944240423247 0.742911868842901 0 0 0 0 0 0
