t = 20000
b = 20 20 20
E = 0.0532108805382442 -0.21921366252572 0.272424543063964
7.01843218685416 5.51054274468244 11.1320394029333 -0.642717954129965 0.325582170959163 -0.693476518951844 0.76377793753561 0.342783455034611 -0.546939292927622 0.251866737150813 0.0889648315970384 0.6565238451349 0.223077961269986 -0.421383766776769 -0.316088728476375
7.15576267874878 5.45656114206722 10.6519741892503 -0.438417761367986 0.890722539018602 -0.120012816693509 0.813685401707148 0.336647677375713 -0.473903241442868 -0.232751481317425 0.186879173249768 -0.0887504649085403 0.0621787571690873 0.0550105276885082 0.0903879898805766
7.33376014496484 5.5477723686255 10.2289383831169 0.17535349865751 0.687007591673542 0.705174827647173 0.833765287095327 0.277264577780806 -0.477451195064763 0.162757241283424 -0.0495734301622292 0.0643353689471659 -0.523821504998029 -0.0696010538497702 -0.170710459458066
7.67515682594359 5.83803278274021 9.97285908297114 0.359529895335797 -0.153232844210898 0.920466083565191 0.93016119814006 0.137520302888328 -0.340423375104589 0.433421564998521 -0.0406421036889816 0.0878744587563474 -0.0872520384626276 -0.216927483193021 0.324296336606883
8.07178965486845 6.14056672731544 9.92078973542348 0.217299756864755 -0.637743491997098 0.738961353705748 0.956974927190962 0.288337007226901 -0.0325663997312523 -0.578697314628343 0.173893932328063 -0.0566180169214494 0.00519321350339724 0.0293307336938706 0.0885867395425907
8.43342821107655 6.33585539759657 10.1706846351467 0.329103667669279 -0.943213078536231 0.0451632308386347 0.937106738978125 0.320335539160718 -0.138621641657061 -0.256594656738416 -0.114187176912297 0.0605673054908586 0.547952926520503 -0.1403326899822 -0.0272855285737661
8.91287801806664 6.27961521078337 10.324303831257 0.0112233508666924 -0.683077849639029 -0.730259191242946 0.944118913398256 0.247826546635792 -0.217304622149796 0.589878003458198 0.129787456865592 0.0684513202285464 -0.178161611772602 -0.504537344734031 -0.109921522306978
9.46615102559288 6.19580657673072 10.1145286726964 -0.564791203814842 -0.0634657122607764 -0.822789700504045 0.767212537138809 0.326867105399645 -0.551853908604356 0.302232605921968 0.0889841515700583 -0.0459338956526894 0.0686517795448532 0.478987305555234 0.613536917140744
13.6047174798786 8.39517200789828 16.1248799920588 -0.188910135252007 0.839684552073184 0.509158729733415 0.888274951060559 -0.0749387144869884 0.453157428809409 -0.0144812319246383 0.178545704463045 0.245942611613712 0.0736410331494913 0.0730170401028704 -0.189327754061901
13.6847212440519 7.04749021797906 16.3330572703861 0.446691937591408 -0.89441904632696 -0.0219268871180299 -0.420450466369528 -0.188222814939551 -0.887577377676839 -0.0565340029727076 0.312876364580864 -0.264333514024066 -0.4388677707235 0.466014387065682 0.0268524237819407
13.7614432822108 6.99174029543496 15.7571292533825 0.215377661574513 -0.965872987915975 0.143880803450799 -0.305827923920494 -0.20664214548844 -0.929391288480568 -0.122652536929173 -0.0059857590965813 -0.103766567327595 0.141530095441186 0.628657523939989 0.122583157235056
13.8760182716378 6.79090299845771 15.3179264897407 -0.539315247080552 -0.729452393725784 0.4207586966856 -0.363996257124394 -0.248631758122639 -0.897601682904565 -0.145608575362889 0.026487676579053 0.114231751873931 0.390681724360735 0.0875976080389713 -0.0633148605802271
13.8489174259552 6.32135135273689 14.9739781526801 -0.992635516066477 0.0273589380490546 0.118008303350966 -0.114653926298039 0.102260239618203 -0.988128104432438 0.22288216945623 -0.124298251579626 -0.268975169383001 0.205251397511611 0.169477419569929 0.665328953266177
13.6069939788018 6.05978222433864 14.5932873578831 -0.721927334721099 0.672264679649646 0.163954468430054 -0.221427389200871 4.47406160029336e-05 -0.975176845297058 -0.205061054082828 -0.237958982166807 0.174023977421046 0.0961851718106091 0.488041331384048 0.395239863827905
13.1679035446929 5.84947896535949 14.4406653578186 -0.0298049526369302 0.933140955526328 -0.358272936773172 -0.22536656597119 -0.355476414359417 -0.907108862615111 -0.200657954340693 -0.196898526809712 -0.307717378547701 0.148451940229965 -0.371738385178808 -0.106722814190115
12.8386441391118 5.84672535412558 14.0410405193603 0.758032885801648 0.616428842539466 -0.213075954214269 0.0319708497032705 -0.36142158867525 -0.931854148869821 0.0808074219917558 0.00617637314664194 0.256889141976195 -0.0869379379434335 0.574207910776947 -0.142166302026237
8.67893569839939 9.5557840402868 -0.554727268516629 0.0389239885678763 -0.866813679348796 -0.497110528248188 -0.703878967773151 -0.376896783609834 0.602082339115926 -0.493544957173224 -0.186789349334013 -0.722932144916165 -0.174103455635501 -0.490904479186098 0.135891004426936
9.55907066637352 7.7747602443081 12.8130592294979 0.644089560415116 0.164697257570056 0.747009601975453 0.614982642502266 0.469259218890897 -0.633712897367485 -0.0649305078391878 -0.0595116061426402 0.0347937809732122 0.262822476904239 0.757285599622002 0.193963333520093
-11.0347828556847 17.7025069886443 4.74842818813038 0.264771004798317 -0.346374156793163 0.899956142560306 0.776033086486324 -0.477457864134881 -0.412075828847293 0.559231452098484 0.0743425362429897 -0.428418632767348 -0.232638823003781 -0.189437413418979 -0.135281523641427
9.17409828630072 7.48517717736739 7.09848940444507 -0.308034143141374 -0.943229882382678 -0.124226654060625 -0.852451895843503 0.215664602831414 0.476250423549239 -0.382818272873077 0.102438618963579 0.126454892976267 0.0900603727954777 -0.265561151667138 -0.118441031837916
20.4627611700458 11.6086924782893 7.22773069819218 -0.240073700538572 0.204507626468036 0.94896845133862 0.953995849931333 0.230562204200747 0.19165816757192 -0.0568159300505107 -0.344562405468591 -0.49575203643864 -0.0864199351960736 -0.617791155068819 0.467289048698467
-5.36275511510086 21.3573235104951 9.90197227050327 -0.273048104186872 -0.0397918678634222 0.961176997652013 0.323279665195541 0.937242778802027 0.130637272277054 -0.0237720756439919 0.0878872293341619 0.219849606501589 -0.223953255158429 -0.582811294201857 -0.0560589270923442
1.35700985481444 -2.23249442341243 14.2138898760467 -0.993430695547864 0.0530013497741969 -0.101421020616761 -0.0554124247045168 -0.998240491152828 0.021103048008118 -0.0425217034845834 -0.168774817147093 -0.342299922384448 0.499855043619038 -0.0643229694818822 -0.106893574202332
5.96416872150897 4.77519631404141 22.2905812280862 0.362166981345015 -0.847497878569892 0.388049440973187 0.711395857635502 0.520317849535925 0.472424799713704 0.257725732765548 -0.146276585054854 0.107685577710181 -0.359596669484029 0.0942112506889557 0.227346569698827
1.55062466619136 4.22518875849191 4.29853753745104 -0.322713618393494 -0.454426682975002 0.830272363520128 -0.525871542048084 0.815437799521049 0.241909521797454 0.283053252329667 0.179275883195975 -0.311057036834287 -0.192644290240126 0.029782588284308 -0.117920422084757
10.3112699661021 -2.65405355855072 10.2486205655108 0.449994316443488 0.720230921107167 -0.527989004876355 0.0328313811371813 0.577490190358602 0.815737138289494 0.123659196731364 0.200481649205817 0.220017127471717 0.269646082665767 0.515423514914367 -0.619244147250893
1.29856202572288 16.6667142219701 9.35517736484714 0.557879787410973 0.592655526841453 0.580972861633811 0.603140896024052 0.191332516621161 -0.774346688930823 -0.444598300870301 0.0564216834685665 0.119585684522753 -0.0520990691661767 -0.101486122965647 -0.219177850014906
23.0356660782154 30.1832316770509 16.0208862455274 0.892149902087131 -0.110379849974931 0.438046401876433 0.32773438987334 0.825518404121444 -0.459466416950843 0.524028751643239 0.455909070535286 0.187851970880974 -0.107109272262044 0.0356069625445246 -0.698866098326288
5.52504715378819 18.7675017878816 13.4990190489798 0.425923527616752 0.649675944115238 0.629690589750838 0.686722214339317 -0.685270965432115 0.242520557528024 -0.164645283641649 0.22329575156463 -0.273455593342344 0.14885200987567 -0.182460770150276 -0.080082455801634
-2.19395144101776 2.55482347903732 2.50451264536205 -0.441922594294855 -0.875364759243729 -0.196063337726414 -0.671784912425078 0.178101987911587 0.719016423403616 -0.0464095699116532 0.060424581276032 0.191668047114392 -0.297576536057825 -0.259655745830763 0.626432096634612
20.1150954090566 -0.976427631797506 4.7073719278882 0.31738348807587 0.0492653781811381 0.94701664695714 0.640205086845758 0.725589051855578 -0.252304913442049 0.304353234565175 0.285930089717521 -0.301195398913154 0.395452909475891 -0.223073736833135 0.0972616773972057
3.4705633025569 25.6813703081439 10.9563761390603 0.982315336341919 0.17837447295713 0.0569127984428983 -0.0822549258238428 0.138064870700334 0.987001568034645 -0.0673930720733886 0.261631900351222 0.478575558536897 -0.337917182104903 0.574568722726017 -0.538046313277466
5.85817352570155 8.40888621816209 4.65905551667266 -0.973618112517629 0.141195635847453 -0.179252419525958 -0.221743698807638 -0.400144075323734 0.889221204505213 0.39180327371833 -0.107556643761044 -0.146019349539187 -0.275348805238611 0.46616339887135 -0.14283603990345
16.9164031921654 8.7070739907673 12.2930959783895 0.531066112989772 0.401965070552377 -0.745917408269012 0.190967738165749 -0.914445385237323 -0.356820494202848 0.332406455698789 -0.142720752389711 -0.0608299162310873 -0.372392863492867 0.487629321004646 -0.530355379208348
4.26456488780547 23.3329831010389 17.6242471077693 0.531212376638804 0.0452323383583557 -0.846030331413702 -0.335994322502651 -0.905445645911336 -0.25937579938929 -0.0316338539272828 -0.182939797766683 -0.0441927684190232 0.332983458024903 0.0852181069550461 0.168550644548358
26.5997332917011 13.2452736779625 7.85754398404484 0.745658242103563 0.614077998857771 0.258653918041681 0.654940165116952 -0.603981480882704 -0.454158153193804 -0.101365552920547 0.50018170722353 0.227783302775087 0.312527739382364 0.143170223384967 -0.338982846777012
-8.0941467534429 11.4394046426239 1.99395711057419 0.349148724237343 -0.93594787396327 0.045789294439273 -0.937024740506623 -0.348250221283332 0.0265769176273762 -0.160404881566724 0.236447086400321 -0.156289469525184 0.167827360688268 -0.25929912417751 0.356929516646475
9.13985494079208 14.32625359496 20.3774922864828 -0.150391757070575 -0.815129832769754 0.559415329932496 -0.9186986616826 -0.0938008463498547 -0.383658662870201 0.0550824914627331 -0.0393750076685973 -0.00422237618162978 -0.680251452976877 -0.304741865415813 -0.31146890954561
-3.27027428521825 11.0430043526544 0.340407678034123 -0.0440557640817955 0.643769938813864 0.763949732245257 -0.80161326733133 0.433586523418661 -0.411605151893149 -0.09750451116608 0.151297937236493 -0.215660085139839 0.066609696016418 0.244221587153563 -0.272462919859096
-0.39705997989006 12.6783915696835 -3.11649455004229 -0.645663741421515 -0.0883235591523791 0.758496656905299 0.548750528214922 0.637073930852708 0.541303570186757 0.00865611656278681 0.0190764949093776 -0.334139253661607 0.315191364668336 -0.522444122349448 -0.210312251102865
12.6499118172638 2.09883731809301 16.4985811616451 -0.386437329809383 0.915299116553733 -0.11354979972873 -0.151337814587762 -0.184371174685092 -0.971135391514558 -0.0942390224667851 0.353433761082532 -0.282655553015157 0.707403030444063 -0.0559782551624579 0.378464474367987
11.7629409878633 21.5797070158574 24.9452204570958 0.222450576168061 -0.722271002859528 0.65485892428241 -0.380358920277134 -0.682756427623436 -0.623835356557875 0.10316959077974 -0.0400133925119463 -0.152115864190864 0.600367761171502 -0.33016997570673 0.100687302944654
14.3517699116332 6.79971492743809 9.31768556710071 -0.218914816399756 0.871856290148279 0.438112706528433 -0.901518855087327 -0.00895519830183457 -0.432647009714437 0.165184639526088 0.00188400128534452 -0.582815642897316 -0.136257649298405 -0.310046055645378 0.354769133150101
16.8241816302341 17.4921055742801 8.9908843173166 -0.66565931801218 0.743896842440195 -0.0592878923511457 -0.308148891038725 -0.346357267606464 -0.886047840807187 -0.146352890333443 0.0893203259218062 0.0549327722622231 -0.0767399472660169 0.213590217746101 -0.359648889668657
-6.41541397791165 12.9381327017265 10.0029113975846 -0.49549718630141 0.553458693342245 0.669451903862297 -0.85189967487792 -0.15919899556442 -0.498921351949781 0.386092676994174 0.699522483834308 0.371819011904573 -0.0276901457662689 0.343830163018506 -0.3222422605036
17.3759959368778 -0.623241828274509 -7.02899298739714 -0.271063090805146 -0.96169359620915 0.040867288182149 0.48618125389322 -0.100145075237215 0.868100589221416 0.122243835740733 0.271050641490039 0.0846678204158129 0.0131281247921798 0.00802438770175199 -0.295831738827343
9.56587443810209 13.2667829166413 13.8702304359115 0.134912193243061 -0.0343193972331886 -0.990262975573889 -0.572677879743399 -0.818274756005927 -0.0496621067737994 -0.457510727281336 0.687388566808694 0.494263486524625 -0.351919355944596 -0.0245678930520166 0.0867981327111417
-9.75051174726706 23.3277641637887 -6.57580152218813 -0.834118077619322 -0.377927970329181 0.401767820370816 -0.311408106279429 -0.27854390891698 -0.908536292244126 -0.125908767257366 0.0283192776617093 -0.707976230796211 0.173978186343651 0.464746374940969 -0.019751659816749
13.7916021730628 13.9820805221496 16.0915146062722 0.261862629202813 0.848565840126696 -0.459743176418787 -0.410870929608233 -0.333020403141188 -0.848694504602394 0.39129413730527 0.171782979456408 -0.0389207651320389 0.301956620817081 -0.464122152103967 0.0884721451858101
11.8771542378356 17.9047288675479 20.5048879453968 -0.687052197728699 -0.290675208398727 0.66593324617701 0.709542302826655 -0.465861670696075 0.528698855955752 0.0652371235059381 -0.175436878713781 -0.313488978706693 -0.209961620172524 -0.162051743960573 -0.094096923220027
5.77563929559589 -0.93322149691823 7.86155840032103 0.65837335087304 -0.615421630035949 -0.43335976470341 0.702672030076995 0.296150878750804 0.646951768330613 -0.0736180579991511 -0.0961240619654971 0.0490844622250663 -0.363747683037029 0.234581139970689 -0.0896519064439779
-0.377889389275089 -1.84941770361102 0.480537361888154 0.425372608113528 0.412852626512641 -0.805363717297687 -0.408023299992692 0.881799899345091 0.23652854151385 0.131537801492287 -0.11189555578269 -0.307954643945013 -0.151040891589839 0.0924528529518778 0.288707997504589
4.64169470572351 13.3567886581094 18.5295654376362 0.248387936056283 0.862226688686854 0.441439121702069 0.697430830982041 -0.475448800121081 0.536226224672902 -0.546927934403427 0.260761323811293 0.156078678989783 -0.287626858760341 0.0618983177605676 0.100753325636188
5.87955488454496 5.96323711319938 14.5133239219848 -0.745449215309626 -0.433587097748415 0.506268293729145 0.313850564482791 -0.898375654956178 -0.307276650299785 -0.176078565715129 -0.55098219797142 0.0305717070185502 0.0454196132506516 0.0360953906712375 0.606267798080314
11.325689085216 10.3815183918451 16.2950237499882 0.644655420671326 0.582239047576684 -0.495395736190559 -0.389037706041659 -0.307975952549402 -0.868216720269848 -0.688741138471754 -0.00317828205392834 0.273539150605368 0.293174503245159 -0.365041573487751 0.0407986157959199
20.7035432774952 2.7388722111043 11.2498020424506 0.987967206610311 -0.132085111346748 -0.0804625131051374 0.11200410741847 0.252256745096756 0.961156334644445 -0.0547644461798616 0.531475927908004 -0.167928847683045 0.0295374818431983 -0.28549291283235 -0.227908359329151
1.29708657441747 10.7130393148683 21.9906785842396 0.278884152586941 0.369144008286564 -0.886541703563121 0.0681131303494298 0.913240170412228 0.401687603724071 -0.179869787576212 0.268705554128749 -0.521256981943842 -0.128728442540099 -0.268543076648465 -0.551312653739696
20.3284791899483 6.60909922454732 8.30916410228567 -0.838920928057746 0.156663516314972 -0.52121792272491 0.323910046831589 0.913322887278528 -0.246826871722369 0.660699598850489 -0.623760958964819 -0.110132989369668 0.210941593259778 -0.0974749279205637 -0.33074454085425
-8.70448904943991 26.0256869666036 20.7693660178989 -0.2718553094821 -0.206933748217105 0.9398260466588 -0.962327269307834 0.0538288538844726 -0.266511841254112 0.40488577570953 -0.134362509368461 -0.364842566425155 0.0758467889545519 -0.183217568058534 0.0412163446945248
17.0202799803435 22.7511955006537 16.0028376953279 0.468497811427027 -0.330909415141771 -0.819151181838326 0.721138748763532 0.678865884713743 0.138202581298374 0.140690374118264 0.117586684992214 0.276525704092282 -0.519785972867844 0.592209517105131 0.265303628357011
13.6081261050237 -2.623038296281 13.200681932773 -0.112511678265571 0.932403977858882 -0.343458587044088 0.478506611453855 0.35377631602085 0.803662638745287 -0.0570151850886058 0.201379299785163 -0.498606014178262 -0.0348406408383685 0.457767197697674 0.290899584262968
1.35649100367436 11.9493340025188 11.4976545863893 -0.368529406564922 0.181983718813126 0.911629268854809 0.131348266459952 0.981006726123372 -0.142735168020235 -0.748164233493283 0.0435069619680935 0.0761254917366844 -0.09431369434376 0.797831355639906 -0.0768334108129603
7.26940560863933 18.5693207235786 17.9972774428437 0.863009986282601 -0.423477111270319 0.275464705932152 -0.503028567763253 -0.669987114249 0.545966480465982 -0.390603525684321 0.39922555360087 -0.0188702969147741 -0.150283856285061 0.000944715539689018 0.325238788495903
