t = 10000
b = 20 20 20
E = -0.675838388231538 -0.675838388231538 0
-1.15850562829635 1.70318676153346 -1.00494095145527 0.816872337024845 -0.00592497665110155 0.576787980123215 0.467636219243673 0.592210537194565 -0.656203430986793 0 0 0 0 0 0
-0.981220307589213 2.16008314678022 -1.08078221493596 0.871474039576064 -0.433238968733334 0.229862372726753 0.487406232887328 0.817127489757834 -0.307794845721629 0 0 0 0 0 0
-0.617390320412762 2.59729816319872 -0.98872974244528 0.652193547842216 -0.718063280613628 -0.242957922859223 0.555341076939425 0.67074237307884 -0.491630844903134 0 0 0 0 0 0
-0.0694146856669261 2.81171494065051 -0.877564223441862 0.151660901058556 -0.617813485631583 -0.771560360902905 0.662568270669992 0.642795375317712 -0.38447019655978 0 0 0 0 0 0
0.425704630487422 2.82764678352952 -0.962942276543249 -0.307229308518999 -0.271795398019333 -0.911996343932128 0.730011056464969 0.547479638356543 -0.40908411854081 0 0 0 0 0 0
0.884576937031133 2.80225143087072 -1.14427912965574 -0.553269581549069 0.176567302319498 -0.814074134634272 0.784235792736879 0.439880691095753 -0.43758329467165 0 0 0 0 0 0
1.19578164774018 2.81928389292044 -1.54510383050859 -0.698716937589401 0.715362740004454 -0.00712430765475244 0.660158365220681 0.640895968280943 -0.391718274790066 0 0 0 0 0 0
1.35565933685441 2.20343272986865 -2.26368827628409 -0.651262268862222 -0.577360063572118 -0.492455842020175 0.0148644090993526 0.639117456643971 -0.768965440266118 0 0 0 0 0 0
1.51353894157115 2.30530745949487 -2.70536576891551 -0.999441366336736 -0.0271496473953392 0.019485985045346 -0.0333790638351763 0.83937619451753 -0.542524987727854 0 0 0 0 0 0
1.22165512499345 2.4866023200645 -3.17973303358916 -0.679066978672094 0.278619073218542 0.679146059777198 -0.205496633154262 0.816028981132463 -0.540247872407599 0 0 0 0 0 0
0.895563876432615 2.7582781397995 -3.43069264534513 -0.140368160974161 0.406744354741952 0.902693586228988 -0.451035661430831 0.785355543329772 -0.424008762730068 0 0 0 0 0 0
0.523335258171814 3.25841576139716 -4.33031264346768 -0.730191400515724 0.438724884534131 -0.523775662799407 0.55657567992442 -0.0626902754258426 -0.82842824742843 0 0 0 0 0 0
0.368901563035819 2.32415280362706 -4.15160531952324 -0.824783047090291 -0.539966705547338 -0.167835548390158 0.37418051074992 -0.298661215994569 -0.877946612767826 0 0 0 0 0 0
-0.536044006448581 2.78110353637197 -3.65547443825777 -0.116611548745627 -0.735822958314867 0.667057896726087 0.44982294376735 0.559674557952967 0.696005476663949 0 0 0 0 0 0
-0.693107362075321 2.9757509641533 -3.2203466448577 0.717555175657458 -0.649717607736658 0.250961089617813 0.441526486666718 0.70298732165251 0.557550971922489 0 0 0 0 0 0
-0.476854910676646 3.01918215456842 -2.71126183966884 0.779898643501717 -0.168858478881532 -0.60269800275529 0.571767750042202 0.583948079341502 0.576269200633137 0 0 0 0 0 0
0.208210639349165 2.96209050351095 -2.19405565879225 0.564044084684163 -0.11707318175548 0.817403233791296 -0.669091377698361 -0.644909672012252 0.369334740719311 0 0 0 0 0 0
0.144178049764651 2.4303540792693 -2.03640027754173 0.16581495423901 0.456676745653882 0.874043291088912 -0.506622208091389 -0.720963561353854 0.4728058967296 0 0 0 0 0 0
0.157181373516283 2.04822147364657 -1.74643370109581 -0.317760017846666 0.63540730467738 0.703765584549644 -0.378883256744699 -0.765491875611827 0.520066882728992 0 0 0 0 0 0
0.162999362395089 1.74010540439034 -1.32153583735043 -0.71305817559563 0.6240728493407 0.319501230570284 -0.352891314508136 -0.713249586639204 0.605592813169486 0 0 0 0 0 0
0.116180234309226 1.66586871864271 -0.816650845180327 -0.940140254477178 0.286368502121135 -0.184741126032736 -0.334639566484871 -0.673253421288611 0.659352771686837 0 0 0 0 0 0
-0.10518666794554 1.59638560300814 -0.346805167214903 -0.893443626649306 0.158538959476729 -0.420266285568896 -0.448020985545856 -0.38156702715534 0.808507062979008 0 0 0 0 0 0
26.2303427538233 2.49816105183499 9.09125806889834 -0.161250895239839 0.234378488989085 0.958678653159032 0.670890409296134 0.738460174816452 -0.0676947170970958 0 0 0 0 0 0
12.2036334241698 -0.907149017017316 6.82928042065385 0.542145962424835 -0.758438152327226 0.361730941286747 0.484975240520872 0.633974982259954 0.602390792305159 0 0 0 0 0 0
4.35561133132781 -3.21242267094001 6.93183673988211 -0.288853490258129 0.359245946691672 -0.887415295747641 -0.0371622156241168 -0.930435950940309 -0.364565350683826 0 0 0 0 0 0
-5.18606919112901 13.7576712358524 5.44269606573326 -0.216395835671748 -0.930273284174766 -0.296250642210351 0.86853354021666 -0.322017970091415 0.376767580358374 0 0 0 0 0 0
5.49454837872639 8.40567062594284 19.4110308866569 -0.394500371045901 0.593016495252881 -0.701926503499853 -0.304436544997275 0.636390099345272 0.708749575375543 0 0 0 0 0 0
14.0711266824799 -1.49160998558833 -0.208604425869725 -0.154540586059231 0.984561955767636 -0.0821885567653153 -0.703938597111537 -0.0513574475471202 0.708401542335437 0 0 0 0 0 0
12.7055942267141 13.2069692960169 20.6696311247865 0.887635833017327 0.295489162774391 0.353254403830805 -0.0361998065694726 -0.719896157447638 0.6931370997627 0 0 0 0 0 0
16.7060013474557 8.18065397282858 13.06888304723 -0.776489212321226 0.538721727409433 -0.326868962970674 0.241496450215881 -0.224705475698798 -0.944026906679045 0 0 0 0 0 0
2.29135369992818 2.99932190849791 22.2623693908837 0.414030570106082 -0.460411620236425 -0.785238647182799 0.619341411845309 -0.489699854003064 0.61368573222835 0 0 0 0 0 0
8.78387289344528 9.74541230737307 6.48157807875358 0.696701230914686 0.632187527513061 0.339037244757723 0.71705306017849 -0.599862664775357 -0.354964246063851 0 0 0 0 0 0
9.945619356371 7.96205435327374 13.7200445877804 0.0633926147379537 -0.786223370860494 0.614682147120797 -0.740398436209876 0.375936972076868 0.557208620107447 0 0 0 0 0 0
20.5371562475158 -2.78583650277747 21.5140800131822 0.708229928364563 -0.439779527541903 0.552271889172595 -0.497317853292417 -0.866016980108216 -0.0518605163569378 0 0 0 0 0 0
