t = 0
b = 20 20 20
E = -1.02269086769585 -1.02269086769585 0
-1.00755678802151 1.4558947293989 -0.457575432907248 0.982880000701358 -0.014845332361268 0.183647557083181 0.134870685563986 0.737047656166446 -0.662246591853817 0 0 0 0 0 0
-0.841944438781788 1.91601691895742 -0.637286624895566 0.792255945834454 -0.579051744413383 -0.192430353499282 0.301126753228128 0.645310682209047 -0.702066019473909 0 0 0 0 0 0
-0.554812012480999 2.30515463205616 -0.921516622257471 0.415168307443768 -0.859332909207788 -0.298633889104769 0.431716330178528 0.475044916818735 -0.766781118703427 0 0 0 0 0 0
-0.230943637166144 2.50517899584839 -1.20986783823047 -0.144760773318279 -0.860977916518418 -0.487607569672445 0.552184483925832 0.33862836322429 -0.761854866363766 0 0 0 0 0 0
0.210694272532752 2.48088654175991 -1.51934680602479 -0.775225134711964 -0.363133746527305 -0.516875157275959 0.236561062209394 0.591811902040202 -0.770582534417892 0 0 0 0 0 0
0.368346151834534 2.69255635437281 -1.94699934009711 -0.868190811062162 -0.367732206173546 -0.333193192191882 0.19912248522427 0.356853021638354 -0.912691665866741 0 0 0 0 0 0
0.379704426165752 2.54776935023728 -2.50909301404192 -0.856552443397298 0.515693630180177 -0.0194412026652287 0.281670363216724 0.435616437107801 -0.854926926462574 0 0 0 0 0 0
1.29532745365076 1.63188248082291 -2.84930686523826 -0.68579895552075 -0.584481646775371 -0.43365993541076 0.0304834349848212 0.572266430974402 -0.819500954704832 0 0 0 0 0 0
1.22319977407594 1.69189535430745 -3.41072459878654 -0.950134558211032 0.040005331580208 0.30926342856758 -0.193092087301912 0.703268239945322 -0.684199647091437 0 0 0 0 0 0
1.03374399596557 1.83367562661229 -3.84180370507295 -0.496585011326597 0.552224712822425 0.669664930367849 -0.235856503404597 0.6566371813579 -0.716379265060653 0 0 0 0 0 0
0.613822049571758 2.00170653665751 -4.12655870310574 0.166113333804259 0.69368958232825 0.700857356117519 -0.297961918965413 0.712819011199775 -0.634907619086118 0 0 0 0 0 0
1.26516029214626 1.4293606096317 -3.59003082231575 0.68891824285465 -0.656668798758097 0.306883854121445 0.361139329633025 -0.0561294886351918 -0.930821026885814 0 0 0 0 0 0
0.574751079385046 0.610840168626053 -3.46397969744694 0.978623074769213 -0.193548197822736 -0.0695410139755276 0.205619575345819 0.913922737155105 0.349951048404183 0 0 0 0 0 0
-0.129406674929716 1.25454326322782 -3.07452413597584 0.299326861589927 -0.420948148148623 0.856274497460522 0.154558534703574 0.906959674768592 0.391836345366367 0 0 0 0 0 0
-0.32542481421999 1.60565563478955 -2.75752323720441 0.951749407974962 -0.162612195484062 0.260250489175024 0.0705059693690043 0.941247584680493 0.330275349796227 0 0 0 0 0 0
-0.245240361234175 2.01033009655714 -2.49327586062 0.895240267366113 -0.146106205170498 -0.420948698193977 0.260120558757332 0.938393039100657 0.227498830732442 0 0 0 0 0 0
-0.714327786026215 2.40142381190048 -2.35417503954022 0.925583217345346 0.170715896927801 0.337863425906921 -0.192442500702034 -0.556386744761403 0.808331359019901 0 0 0 0 0 0
-0.654315842807846 1.9235300660048 -2.08910799221815 0.698084516783781 0.548900406392939 0.459767652134034 0.00309615356183162 -0.644427903901176 0.76465876360997 0 0 0 0 0 0
-0.41532927388606 1.55867573610474 -1.90065988030854 0.0930110819874136 0.788082148371137 0.608502546124427 -0.0807069460148074 -0.603173303456993 0.793516391111016 0 0 0 0 0 0
-0.180697882437289 1.27406674767626 -1.37491617816228 -0.234957278811628 0.861608639518931 0.449917296311679 -0.146001705953852 -0.488907410274291 0.860030788150429 0 0 0 0 0 0
0.0468094516577443 1.14168245486443 -0.877312581878556 -0.704504825272269 0.676652680751687 0.214042122467216 -0.0486614006814911 -0.346941708898848 0.936623415176146 0 0 0 0 0 0
0.235820545899458 1.34186776211507 -0.387892052585457 -0.993881014964732 0.101306401448012 0.0440173340689456 0.00800725946487926 -0.331376218022028 0.943464658130109 0 0 0 0 0 0
