t = 10000
b = 20 20 20
E = -0.36419141543099 -0.36419141543099 0
1154.0894772607 175.448070184853 -417.108648088798 -0.0820180507654904 0.328375845589318 0.940979389780851 0.904785398741435 -0.371360420306287 0.208457853791012 0 0 0 0 0 0
1154.53693135691 175.627181112191 -416.945884945762 -0.34186584977724 -0.234006973060855 0.910147430533639 0.939636374678298 -0.0701444478284845 0.334907617953508 0 0 0 0 0 0
1154.93051693632 175.863603899739 -416.678513924382 -0.253064219771662 -0.74860599945241 0.612819250601439 0.94971656457812 -0.0715058073320201 0.304836400077908 0 0 0 0 0 0
1155.2124119469 175.924714214098 -416.264162380079 -0.136422328648116 -0.989951969090071 -0.0372011230943554 0.921054544818145 -0.140575477779546 0.363176181318216 0 0 0 0 0 0
1155.51665802486 175.753544184553 -415.852217130029 -0.00622720359971542 -0.893737210579424 -0.448547541209963 0.817412423476745 -0.262931455469827 0.512546429832447 0 0 0 0 0 0
1155.78165877055 175.494412843571 -415.498342003817 0.148652226241477 -0.467638785078445 -0.871330226032482 0.760963425965571 -0.508616316889972 0.402795186675132 0 0 0 0 0 0
1156.03912515532 174.952283307051 -415.332534012269 0.459250169321581 0.206413344020127 -0.863992299082204 0.851963462597308 -0.377711351282465 0.362618623336392 0 0 0 0 0 0
1156.37077918154 174.551716334239 -415.277184339698 0.393188426015757 0.72156673659574 -0.569863302223181 0.909828519552998 -0.215869049077029 0.354418537061857 0 0 0 0 0 0
-2303.21897248868 4335.42232722787 -4736.0112795702 -0.264769341757789 -0.698195135679396 0.665147065474347 -0.945752731828948 0.0533389490829434 -0.320478549295069 0 0 0 0 0 0
-2303.50727905424 4335.12005620502 -4736.37049827554 -0.403233126282952 -0.136684442578197 0.904831636122359 -0.914967682213763 0.0435840384767508 -0.40116636551684 0 0 0 0 0 0
-2303.99269546288 4334.87230507158 -4736.50134286617 -0.199168016753301 0.510053032282834 0.836766321589608 -0.968844386706026 0.025786956877667 -0.246323894047304 0 0 0 0 0 0
-2304.54446204404 4334.66667634697 -4736.38550515388 0.0423971908847057 0.888227929151743 0.457442351231321 -0.961296533584374 0.16102165259879 -0.223564034003307 0 0 0 0 0 0
-2305.01103982093 4334.76330801056 -4736.29442372231 0.312229486624084 0.946259915239197 0.0842899680630826 -0.950000950396168 0.311303396165287 0.0242541223458982 0 0 0 0 0 0
-2305.40704927654 4334.96107505328 -4735.94134068401 0.337721028161063 0.722868605314772 -0.602831108120712 -0.909709965415671 0.415072993821825 -0.0119187053528119 0 0 0 0 0 0
-2305.82699053528 4335.35653258011 -4735.88904746285 0.292885394740711 0.271074436034302 -0.916916932288419 -0.858611553312118 0.496525381971906 -0.127470061957051 0 0 0 0 0 0
-2306.05704264034 4335.80999663357 -4735.95284814745 0.159913085572177 -0.197001587496743 -0.967273514592101 -0.809088447312649 0.535202043018448 -0.242764319224377 0 0 0 0 0 0
8.25483853313726 24.1208153467423 8.24184276075329 -0.365508799198451 -0.912381543628377 0.184291119102672 0.908386504402474 -0.392837620532905 -0.143221722167968 0 0 0 0 0 0
17.0459184854112 12.4143614835294 15.6776087417922 0.665389951117732 -0.125234543192008 -0.73591603108194 -0.704802072055658 0.219460224434985 -0.674604429016851 0 0 0 0 0 0
12.5095941193348 7.68407592719831 16.6081999923555 -0.400838032811795 0.261422287249441 -0.878058738421593 -0.765938432634282 0.430229330733946 0.477745688882692 0 0 0 0 0 0
21.5126365139682 15.3517913102621 1.59741887639534 -0.64636357416694 0.714553726984415 0.267632290466319 -0.0315775713150897 0.325399105567097 -0.945049296332797 0 0 0 0 0 0
-0.708373143679127 1.23394355119966 3.76041014797482 0.541227912651511 0.474676216015272 -0.694085545280229 -0.237870960166974 -0.705287812644827 -0.66782216774604 0 0 0 0 0 0
1.79861615277576 13.4930718207589 5.41957123302424 0.143479267315597 -0.666845833661583 0.731252533520311 0.650296995920046 0.620513604156986 0.438265457051077 0 0 0 0 0 0
6.09120987648232 11.7017907840642 7.87269347321317 0.117501600456627 0.965334276236887 0.233073166389113 -0.404957161257817 -0.16772212861288 0.898820821556632 0 0 0 0 0 0
14.2653254267932 8.39415814493126 3.14486013826296 -0.661651992931689 -0.568949593205588 -0.488377845545762 -0.689760018783196 0.717251402478506 0.098901386485202 0 0 0 0 0 0
5.30811725123252 17.158933389941 0.56250512286617 0.134157789774042 0.976800253077417 0.166921980469163 -0.12838240181739 -0.149892880518304 0.980331559597365 0 0 0 0 0 0
1.05470671651123 17.921827647872 10.2127156244218 0.398002955722081 0.769887639403696 0.498865333912032 -0.327543182605368 0.627205180696686 -0.706632190408835 0 0 0 0 0 0
-0.303975126749529 18.2936213991925 18.9809121052446 0.861001432883888 0.147495299445259 0.486745880925088 0.338003159195949 0.549174792294521 -0.764304146675406 0 0 0 0 0 0
12.0598128289805 8.7933765544144 11.094272474136 0.86520083753908 0.411017432402409 -0.287214348374857 -0.386198766144608 0.180900638323706 -0.904502822977527 0 0 0 0 0 0
9.76342376391186 11.1249460843779 3.77763917840367 -0.33770874128786 -0.725598537740017 0.599549423851702 -0.0445709821820186 -0.623928901792755 -0.780208997802757 0 0 0 0 0 0
8.72960229722587 1.85113576754614 18.565019442343 0.573961193105162 0.0991642902273801 0.812855998511402 -0.146972548405707 -0.964047172171882 0.22138679144159 0 0 0 0 0 0
20.0626798204875 9.18494391911023 14.3852420805377 0.808137389161307 -0.0251041409235291 -0.588458684372877 0.587973853082519 -0.0243900174443839 0.808512062991007 0 0 0 0 0 0
3.93749378976532 11.0302645555968 15.5426905009631 -0.75578683246753 -0.609026481327552 0.240567940335972 -0.578783967680186 0.793139591902577 0.189574951654342 0 0 0 0 0 0
1.93914049034847 23.1404573923674 -0.752051040072223 -0.123230186419166 0.652337334333569 -0.747843736959262 -0.919803967554998 0.207805284109379 0.33283255715877 0 0 0 0 0 0
22.2866056034859 5.50115858842195 12.2110134640273 0.238029372237756 0.749900257604257 -0.617245145323369 -0.945261894235447 0.324910552418167 0.0302155193402455 0 0 0 0 0 0
2.63075552279568 9.36060614701536 6.69505464913263 -0.989257184751542 -0.0310960485715408 -0.142839557149504 0.00324575524746164 -0.981545233128708 0.191202552377868 0 0 0 0 0 0
4.69481870291893 0.967929946657583 15.1581228190818 0.330910568726779 -0.923589215025713 0.193600464543275 -0.499977732479131 0.00240024083791585 0.866034864575523 0 0 0 0 0 0
21.7862679040902 7.66844487782836 22.0208196128214 0.786571507273201 0.592237867777327 0.174812741295911 -0.574457093484944 0.805652525670681 -0.144647895912371 0 0 0 0 0 0
15.480142574618 15.8451223508633 9.54257294771622 -0.796535602967705 -0.1934485262356 0.572807634510888 -0.544987123764769 0.639935633704117 -0.541729959717327 0 0 0 0 0 0
11.0630996860193 15.9153278894021 2.05107145699755 -0.4952309465849 -0.607713323158939 0.620830694486265 -0.479481643837307 -0.404723462914336 -0.778650224495584 0 0 0 0 0 0
-3.49632525271623 -1.45007923956053 1.7756052439783 -0.638410000832814 0.141858103140677 0.756510959999673 0.15344697387619 0.986596454141174 -0.0555108972189514 0 0 0 0 0 0
12.4260148363449 12.5522679336674 17.2882061909012 0.656219269372734 -0.734819156462124 0.171513914768055 -0.638774171447468 -0.661972827224157 -0.392121750146102 0 0 0 0 0 0
10.0732407621678 8.79363788629298 20.3062999308979 -0.371315572029875 -0.370225041025312 -0.851503412850616 0.908961329802296 0.0422362969143703 -0.414735189187477 0 0 0 0 0 0
-1.61431936317715 1.76235479356891 12.4874400367276 -0.585603679039554 -0.0285628615923066 0.8100940531327 0.0751692539542249 0.993159134695225 0.089356112303376 0 0 0 0 0 0
7.9947368127879 8.88564136601567 12.1556104931072 -0.612878195805571 -0.594475231948614 0.520556854363774 -0.505354601052965 0.801329424647524 0.320137217029032 0 0 0 0 0 0
16.8035560030496 8.5847913633346 7.19436118605189 -0.61847046892612 0.23136931019012 -0.750974306178752 0.658850930530828 -0.368159825077186 -0.656028727638005 0 0 0 0 0 0
0.361298089470426 2.33587302785452 7.82351059724223 0.289950185055519 0.862987300368981 0.413741198286557 0.30577086135005 0.326120320537916 -0.894510821818633 0 0 0 0 0 0
14.4931751609079 12.0964027870474 7.66127093524031 -0.799811187053944 -0.429857974783275 0.418955951618459 0.311169349628471 0.299937070828304 0.901782280214999 0 0 0 0 0 0
10.4160349709669 17.1389365067053 10.3036618485983 -0.62566451660909 0.753987514161118 -0.200116690224254 -0.733773680612807 -0.655900245013115 -0.177118565675211 0 0 0 0 0 0
13.5750743775203 19.0955951510784 12.0726251673323 -0.336521236018035 -0.906209002040072 -0.25600523630889 -0.590073455367843 -0.00893919558942288 0.807299999289428 0 0 0 0 0 0
14.3499150600002 1.12312206295581 4.81373948122992 0.624158878263457 0.757612422568816 -0.190916371923328 -0.475050763138039 0.174001742765215 -0.86258335849737 0 0 0 0 0 0
14.0472987140665 3.82219895572331 1.11928606236897 0.538295418206273 0.637889741626909 -0.550758249654666 0.340374249438771 0.433289492186877 0.834509130837089 0 0 0 0 0 0
6.48664295709382 16.7229817319046 16.3978264682445 -0.558017810906711 0.0391874663799511 0.828903098174567 0.0712297671222626 0.997459616482348 0.000795712063083445 0 0 0 0 0 0
5.29653035690895 10.1662785034796 2.05509895122646 -0.290335049469053 -0.862441500594368 0.414608473817831 -0.814458403370924 -0.00474354955846358 -0.580202454932298 0 0 0 0 0 0
17.1193759312302 18.5403198040106 6.96283977185878 -0.7116868489785 -0.702424988244224 0.0100451226886652 0.658561578886384 -0.662131227444003 0.357601478621603 0 0 0 0 0 0
9.7450665071082 -0.123719377366934 6.77202000148984 0.498663082850594 0.56938623712788 -0.653555171511735 0.459102603295432 0.466047775463141 0.756322799680297 0 0 0 0 0 0
10.6427957338611 5.33632162702545 13.6540087575708 -0.0725231928649837 0.0782457656826534 -0.994292647146685 0.437034500772601 -0.893619553132677 -0.10220036878308 0 0 0 0 0 0
12.5820054472446 18.9628467081348 19.7465770435476 0.630292710419079 -0.753710290241445 -0.186150063356834 0.644460590075982 0.641646787946451 -0.415884451773999 0 0 0 0 0 0
-4.37764037994865 18.7607848279747 17.0479786968238 0.756070651458716 -0.547577420014397 -0.358491360604007 0.501817292547751 0.836639845278357 -0.219574903907162 0 0 0 0 0 0
-1.71875850750227 10.2976655755941 21.3613189711599 -0.725000108817839 -0.459894435584253 0.512710304496195 0.659380759020963 -0.678515218684703 0.323780864658215 0 0 0 0 0 0
18.6444201649515 22.6292244095177 16.5651583061585 -0.434264012584979 -0.830645833414068 0.348485623587673 -0.631582083318924 0.00492967303030208 -0.775293267833496 0 0 0 0 0 0
7.19637547095129 5.57570491141358 2.57946941341728 -0.202703098359741 0.732986809058083 -0.649339461684304 -0.820309286195937 0.235039448206792 0.521391426994743 0 0 0 0 0 0
16.0967031244567 7.14231291802047 13.3640971477489 -0.00218902636849849 0.59126869100268 0.806471614918752 0.407113906869656 0.737141323943142 -0.539333737990702 0 0 0 0 0 0
10.1437146662372 -0.0506009256091706 14.8495720528565 -0.513507171507624 0.550219335364504 0.658459554324769 0.786574630702266 0.60851360722212 0.104935528271874 0 0 0 0 0 0
