t = 20000
b = 200 200 200
E = -0.863505808384674 -1.09340185489097 0.229896046506297
-5.31285521314251 -3.99164370774767 7.82440744747304 0.153901571046452 -0.468037201841707 -0.870204165063484 0.921993779043865 0.38471292106415 -0.04385601530828 0.0737290173757855 0.188825359684015 -0.141996316202234 0.439174054638759 0.0249645115358967 -0.128956897821368
-4.81601582746202 -4.0413386135148 7.84893147443493 -0.167535149114413 0.101367403428258 -0.980640930243355 0.933624581767475 0.335816422237212 -0.124789909408556 0.0927263517280003 0.0092026747056887 0.420513689472762 0.0627108492073244 -0.860559069490227 -0.182670962817268
-4.36970692090702 -4.12518736920421 7.66550271079875 -0.389417645270194 0.628994369678377 -0.672844592554786 0.919548387839911 0.307349414414827 -0.244881654667879 0.0250430132537108 0.238629179069906 -0.218592600796491 -0.350474418160079 0.408043549379125 -0.099324634166128
-3.95291028978937 -4.12085201537158 7.30207108300137 -0.464634771068457 0.842963058492314 -0.271159877170485 0.808748475804776 0.279269465479857 -0.517623782186729 0.052988739608189 0.000280042271084024 0.12971132154085 0.375855363684741 -0.173207110691072 0.0667961644389764
-3.80416109533056 -4.07151658304002 6.79731856361784 -0.296490127014359 0.928258074451869 0.224566957269773 0.752592339237151 0.371852901746747 -0.54344278429056 0.296543616618383 0.311058929279679 -0.153106339038601 0.177617671062008 -0.12518147227566 0.312044420049499
-3.7109578417774 -3.84265254295772 6.38425661059428 0.122396071855367 0.721961926879242 0.681021159656683 0.7283048294856 0.400815114729604 -0.555804886793175 0.234693476393164 -0.416559794701256 -0.366848793174203 0.222708968377472 0.212270088658465 0.135754251484484
-2.63377465804587 -3.40634715995071 6.29982272387373 -0.229222505800333 0.952336849236974 0.201274473487812 -0.048065419768266 -0.217602303886647 0.974853216864265 -0.258209171031133 -0.164114171206234 -0.0781046624887964 -0.308356217913854 -0.503563032769203 0.399745209225293
-2.42970900308981 -3.23796010866118 6.72713297245954 -0.883627003955485 0.434956097187264 0.173252811735461 0.0673253811534231 -0.248156261714092 0.966377601408884 -0.319998426772205 0.0491934944295202 0.465533040769434 -0.0425317105723631 -0.181429941057359 0.16450577612768
-2.36501349508691 -4.22268947987629 7.30000551983393 0.111807503777846 -0.838293969759676 -0.533631144021805 0.934939024035736 -0.0932262662696211 0.342341801183024 -0.0101533263751306 0.0854316320415229 0.280087251090873 -0.338568497432687 -0.348103795362612 -0.0271668833421226
-2.71609605006032 -3.77219620250179 8.11212637001009 -0.342172535636085 -0.0834776035818403 0.935921679843689 -0.0846176220961304 -0.989261330096989 -0.119171267299702 0.178393940508957 -0.558997858166802 -0.349469047590005 0.0751057653866684 -0.0398594453695179 -0.420201898013728
-3.4774234259034 -2.9753877374591 7.28856823071726 -0.210382053420089 -0.51930039150191 -0.828291165283697 -0.97334819665067 0.0321541321384453 0.227066630300154 0.178727648643318 0.00357457493407808 0.194033180706186 0.445666827984899 -0.162728431993528 -0.161842818456341
-4.02842184523388 -2.90975065036844 7.13541676894963 0.192443336691793 -0.958020178079411 -0.212515194070659 -0.962289362329761 -0.226665129362345 0.150406040554455 -0.306508188085619 0.230031554309954 -0.218732874302597 0.313919063232568 0.275486002069788 -0.127548019510005
-4.53593261167225 -3.10858602563064 6.9957479969313 0.528827485211573 -0.825100138123414 0.198874977440235 -0.848672040873854 -0.516793049902458 0.112608867088116 -0.0628658903184508 0.0157024796227465 -0.830179144236011 0.0531102414057073 0.0587416861939844 -0.234419209740315
-4.78609524378638 -3.47616959533175 6.74377407393062 0.357374536419719 -0.569224364513249 0.740450459382438 -0.810397961438346 -0.58308886123923 -0.0571176241183934 0.013645779736456 -0.36923136870165 0.463034206821322 -0.0972177191625157 0.246656866570762 0.153964801762822
-5.10207134728307 -3.97010650908973 6.65341578784756 0.289316591549389 -0.075283526759084 0.95426841549467 -0.808282589036657 -0.55327583644072 0.201407716123814 0.21757011848476 0.283839264221087 0.168080374222392 0.040217020455185 -0.134063194779768 -0.133175529794027
-5.2033528011284 -4.43572775645379 6.75154640063517 -0.206772249167481 0.47285270186861 0.856536937809044 -0.718985027286951 -0.667182104342167 0.194752540001025 0.315319670287234 -0.509492052365151 0.0261907805325866 -0.0251265293193327 0.36737775681285 0.366437685379701
176.140916786 147.380727355 186.842556606 0.0 0.0 1.0 0.0 0.1 0.0 0.0 0.0 0.0 0.0 0.0 0.0
128.736784046 164.180755222 75.4164911581 0.0 0.0 1.0 0.0 0.1 0.0 0.0 0.0 0.0 0.0 0.0 0.0
27.759366022 127.997753041 151.919846692 0.0 0.0 1.0 0.0 0.1 0.0 0.0 0.0 0.0 0.0 0.0 0.0
31.1954581672 45.7232595814 5.11765467037 0.0 0.0 1.0 0.0 0.1 0.0 0.0 0.0 0.0 0.0 0.0 0.0
85.0287936878 48.5399149421 41.867572883 0.0 0.0 1.0 0.0 0.1 0.0 0.0 0.0 0.0 0.0 0.0 0.0
59.8227067612 57.1911873566 123.512572002 0.0 0.0 1.0 0.0 0.1 0.0 0.0 0.0 0.0 0.0 0.0 0.0
85.4209252132 105.416252669 51.6292337965 0.0 0.0 1.0 0.0 0.1 0.0 0.0 0.0 0.0 0.0 0.0 0.0
189.581449597 109.170884512 165.856775148 0.0 0.0 1.0 0.0 0.1 0.0 0.0 0.0 0.0 0.0 0.0 0.0
60.322464526 124.757162808 120.044542042 0.0 0.0 1.0 0.0 0.1 0.0 0.0 0.0 0.0 0.0 0.0 0.0
6.09401639568 147.281933103 60.3675271541 0.0 0.0 1.0 0.0 0.1 0.0 0.0 0.0 0.0 0.0 0.0 0.0
197.688567618 55.7971247399 92.2888091833 0.0 0.0 1.0 0.0 0.1 0.0 0.0 0.0 0.0 0.0 0.0 0.0
72.8906044589 67.8443432213 153.762724051 0.0 0.0 1.0 0.0 0.1 0.0 0.0 0.0 0.0 0.0 0.0 0.0
62.9610762119 75.7672173976 185.426044972 0.0 0.0 1.0 0.0 0.1 0.0 0.0 0.0 0.0 0.0 0.0 0.0
15.9779275481 132.516310686 9.80876573526 0.0 0.0 1.0 0.0 0.1 0.0 0.0 0.0 0.0 0.0 0.0 0.0
59.5678523645 97.1789549339 174.22152059 0.0 0.0 1.0 0.0 0.1 0.0 0.0 0.0 0.0 0.0 0.0 0.0
34.6644606086 109.296847367 23.1676085619 0.0 0.0 1.0 0.0 0.1 0.0 0.0 0.0 0.0 0.0 0.0 0.0
41.7087784143 61.4186037536 174.124721049 0.0 0.0 1.0 0.0 0.1 0.0 0.0 0.0 0.0 0.0 0.0 0.0
78.7154775455 43.5090886644 186.286096958 0.0 0.0 1.0 0.0 0.1 0.0 0.0 0.0 0.0 0.0 0.0 0.0
136.956467008 119.421315746 85.3793897261 0.0 0.0 1.0 0.0 0.1 0.0 0.0 0.0 0.0 0.0 0.0 0.0
152.052022898 176.233175727 6.23894256183 0.0 0.0 1.0 0.0 0.1 0.0 0.0 0.0 0.0 0.0 0.0 0.0
108.09097948 94.7487308822 119.791863906 0.0 0.0 1.0 0.0 0.1 0.0 0.0 0.0 0.0 0.0 0.0 0.0
65.5322576253 104.735770133 12.7893359281 0.0 0.0 1.0 0.0 0.1 0.0 0.0 0.0 0.0 0.0 0.0 0.0
199.036318544 132.688522868 87.0865540611 0.0 0.0 1.0 0.0 0.1 0.0 0.0 0.0 0.0 0.0 0.0 0.0
18.1133300243 36.9900314122 178.945994408 0.0 0.0 1.0 0.0 0.1 0.0 0.0 0.0 0.0 0.0 0.0 0.0
70.3079115497 14.2291802031 130.977864102 0.0 0.0 1.0 0.0 0.1 0.0 0.0 0.0 0.0 0.0 0.0 0.0
149.67373649 99.2321945205 197.625630044 0.0 0.0 1.0 0.0 0.1 0.0 0.0 0.0 0.0 0.0 0.0 0.0
127.099362683 20.8619969218 135.377716 0.0 0.0 1.0 0.0 0.1 0.0 0.0 0.0 0.0 0.0 0.0 0.0
141.107652749 2.01896923788 46.7473873562 0.0 0.0 1.0 0.0 0.1 0.0 0.0 0.0 0.0 0.0 0.0 0.0
104.738127312 40.004205881 6.72764141844 0.0 0.0 1.0 0.0 0.1 0.0 0.0 0.0 0.0 0.0 0.0 0.0
149.08564067 153.938827219 152.554867995 0.0 0.0 1.0 0.0 0.1 0.0 0.0 0.0 0.0 0.0 0.0 0.0
108.356600002 184.263354683 76.9394870849 0.0 0.0 1.0 0.0 0.1 0.0 0.0 0.0 0.0 0.0 0.0 0.0
82.2658714187 20.9965728674 9.50230850354 0.0 0.0 1.0 0.0 0.1 0.0 0.0 0.0 0.0 0.0 0.0 0.0
144.97396489 141.028383275 50.2074730912 0.0 0.0 1.0 0.0 0.1 0.0 0.0 0.0 0.0 0.0 0.0 0.0
12.6470669933 9.60014972888 122.695349168 0.0 0.0 1.0 0.0 0.1 0.0 0.0 0.0 0.0 0.0 0.0 0.0
8.61897080271 49.4830431764 170.12918674 0.0 0.0 1.0 0.0 0.1 0.0 0.0 0.0 0.0 0.0 0.0 0.0
23.5130351408 110.589933251 149.601316574 0.0 0.0 1.0 0.0 0.1 0.0 0.0 0.0 0.0 0.0 0.0 0.0
92.7461154726 41.8549678878 44.7351116526 0.0 0.0 1.0 0.0 0.1 0.0 0.0 0.0 0.0 0.0 0.0 0.0
100.529357444 90.8105345392 11.4735936162 0.0 0.0 1.0 0.0 0.1 0.0 0.0 0.0 0.0 0.0 0.0 0.0
43.5757013993 16.1051961393 146.542051804 0.0 0.0 1.0 0.0 0.1 0.0 0.0 0.0 0.0 0.0 0.0 0.0
6.95793785423 144.58313097 105.129385918 0.0 0.0 1.0 0.0 0.1 0.0 0.0 0.0 0.0 0.0 0.0 0.0
22.3932971616 199.2667423 100.92101746 0.0 0.0 1.0 0.0 0.1 0.0 0.0 0.0 0.0 0.0 0.0 0.0
133.269790863 103.057841763 168.783813951 0.0 0.0 1.0 0.0 0.1 0.0 0.0 0.0 0.0 0.0 0.0 0.0
24.1570337178 175.746162648 73.2970276115 0.0 0.0 1.0 0.0 0.1 0.0 0.0 0.0 0.0 0.0 0.0 0.0
157.053107471 130.932044409 56.0582551698 0.0 0.0 1.0 0.0 0.1 0.0 0.0 0.0 0.0 0.0 0.0 0.0
86.9428625672 195.863078492 56.9475798755 0.0 0.0 1.0 0.0 0.1 0.0 0.0 0.0 0.0 0.0 0.0 0.0
112.328621741 185.786691622 89.566251498 0.0 0.0 1.0 0.0 0.1 0.0 0.0 0.0 0.0 0.0 0.0 0.0
192.190323913 141.270995376 113.073547 0.0 0.0 1.0 0.0 0.1 0.0 0.0 0.0 0.0 0.0 0.0 0.0
179.027835369 178.179466825 186.540472858 0.0 0.0 1.0 0.0 0.1 0.0 0.0 0.0 0.0 0.0 0.0 0.0
43.1506555164 102.63938214 127.039117048 0.0 0.0 1.0 0.0 0.1 0.0 0.0 0.0 0.0 0.0 0.0 0.0
39.9002700058 59.3786350601 186.936429034 0.0 0.0 1.0 0.0 0.1 0.0 0.0 0.0 0.0 0.0 0.0 0.0
164.639496738 109.425521944 41.8762267034 0.0 0.0 1.0 0.0 0.1 0.0 0.0 0.0 0.0 0.0 0.0 0.0
48.8821078311 0.970554921384 162.681055262 0.0 0.0 1.0 0.0 0.1 0.0 0.0 0.0 0.0 0.0 0.0 0.0
162.062188825 58.6379930065 90.4481531953 0.0 0.0 1.0 0.0 0.1 0.0 0.0 0.0 0.0 0.0 0.0 0.0
7.61215116384 11.3129435453 8.23637895022 0.0 0.0 1.0 0.0 0.1 0.0 0.0 0.0 0.0 0.0 0.0 0.0
34.325693407 194.638000293 136.901238964 0.0 0.0 1.0 0.0 0.1 0.0 0.0 0.0 0.0 0.0 0.0 0.0
83.0761887914 181.067334402 180.799367489 0.0 0.0 1.0 0.0 0.1 0.0 0.0 0.0 0.0 0.0 0.0 0.0
96.4213358212 131.44028496 153.921950214 0.0 0.0 1.0 0.0 0.1 0.0 0.0 0.0 0.0 0.0 0.0 0.0
31.995110994 171.441558501 51.8128356465 0.0 0.0 1.0 0.0 0.1 0.0 0.0 0.0 0.0 0.0 0.0 0.0
50.8373783929 172.081907795 99.3212964924 0.0 0.0 1.0 0.0 0.1 0.0 0.0 0.0 0.0 0.0 0.0 0.0
66.7132483141 6.58890159692 92.1540014268 0.0 0.0 1.0 0.0 0.1 0.0 0.0 0.0 0.0 0.0 0.0 0.0
166.2951998 25.3519802184 4.49777284624 0.0 0.0 1.0 0.0 0.1 0.0 0.0 0.0 0.0 0.0 0.0 0.0
176.156738446 137.24323169 168.186467784 0.0 0.0 1.0 0.0 0.1 0.0 0.0 0.0 0.0 0.0 0.0 0.0
17.0939785896 47.7743770529 164.301136592 0.0 0.0 1.0 0.0 0.1 0.0 0.0 0.0 0.0 0.0 0.0 0.0
98.8018462479 81.9970913007 10.2396509067 0.0 0.0 1.0 0.0 0.1 0.0 0.0 0.0 0.0 0.0 0.0 0.0
137.522193391 106.934235533 147.286329991 0.0 0.0 1.0 0.0 0.1 0.0 0.0 0.0 0.0 0.0 0.0 0.0
124.757841975 42.8213024052 58.8415261901 0.0 0.0 1.0 0.0 0.1 0.0 0.0 0.0 0.0 0.0 0.0 0.0
186.109716525 173.370441976 98.9572038715 0.0 0.0 1.0 0.0 0.1 0.0 0.0 0.0 0.0 0.0 0.0 0.0
190.943933996 12.4676661251 83.5900180116 0.0 0.0 1.0 0.0 0.1 0.0 0.0 0.0 0.0 0.0 0.0 0.0
98.4058955474 47.8444211478 79.1189595641 0.0 0.0 1.0 0.0 0.1 0.0 0.0 0.0 0.0 0.0 0.0 0.0
161.872559425 156.49282866 73.6062415031 0.0 0.0 1.0 0.0 0.1 0.0 0.0 0.0 0.0 0.0 0.0 0.0
146.118989313 46.404068799 73.0909328277 0.0 0.0 1.0 0.0 0.1 0.0 0.0 0.0 0.0 0.0 0.0 0.0
155.137656074 167.086943558 89.1766143689 0.0 0.0 1.0 0.0 0.1 0.0 0.0 0.0 0.0 0.0 0.0 0.0
188.664380513 167.142942275 51.4157987235 0.0 0.0 1.0 0.0 0.1 0.0 0.0 0.0 0.0 0.0 0.0 0.0
71.2860696007 86.8380181336 17.4582929203 0.0 0.0 1.0 0.0 0.1 0.0 0.0 0.0 0.0 0.0 0.0 0.0
119.478042515 58.3973632645 97.2105634122 0.0 0.0 1.0 0.0 0.1 0.0 0.0 0.0 0.0 0.0 0.0 0.0
94.2836485549 70.2290135826 32.6204187121 0.0 0.0 1.0 0.0 0.1 0.0 0.0 0.0 0.0 0.0 0.0 0.0
109.947616745 147.206033691 90.6091833975 0.0 0.0 1.0 0.0 0.1 0.0 0.0 0.0 0.0 0.0 0.0 0.0
149.748808805 171.198663585 44.3953711709 0.0 0.0 1.0 0.0 0.1 0.0 0.0 0.0 0.0 0.0 0.0 0.0
70.6803638764 165.678087149 32.829288913 0.0 0.0 1.0 0.0 0.1 0.0 0.0 0.0 0.0 0.0 0.0 0.0
31.6432049815 60.8977269312 113.921301278 0.0 0.0 1.0 0.0 0.1 0.0 0.0 0.0 0.0 0.0 0.0 0.0
65.9267415534 91.3838433634 166.481070422 0.0 0.0 1.0 0.0 0.1 0.0 0.0 0.0 0.0 0.0 0.0 0.0
24.5883584639 113.211315634 40.5834656775 0.0 0.0 1.0 0.0 0.1 0.0 0.0 0.0 0.0 0.0 0.0 0.0
16.6538916227 14.0636297286 56.0204703145 0.0 0.0 1.0 0.0 0.1 0.0 0.0 0.0 0.0 0.0 0.0 0.0
119.128920239 93.2794951512 14.9634786898 0.0 0.0 1.0 0.0 0.1 0.0 0.0 0.0 0.0 0.0 0.0 0.0
94.3281479647 47.0701136727 199.35462092 0.0 0.0 1.0 0.0 0.1 0.0 0.0 0.0 0.0 0.0 0.0 0.0
62.0257913716 86.9815514076 169.025947655 0.0 0.0 1.0 0.0 0.1 0.0 0.0 0.0 0.0 0.0 0.0 0.0
59.5502017136 86.1257528294 98.5969801502 0.0 0.0 1.0 0.0 0.1 0.0 0.0 0.0 0.0 0.0 0.0 0.0
25.8063814152 71.6381924857 144.0117685 0.0 0.0 1.0 0.0 0.1 0.0 0.0 0.0 0.0 0.0 0.0 0.0
106.919542563 163.644035945 32.0717798951 0.0 0.0 1.0 0.0 0.1 0.0 0.0 0.0 0.0 0.0 0.0 0.0
35.3440241564 66.3878295077 93.2256156097 0.0 0.0 1.0 0.0 0.1 0.0 0.0 0.0 0.0 0.0 0.0 0.0
167.191675049 22.4917633004 5.61529877295 0.0 0.0 1.0 0.0 0.1 0.0 0.0 0.0 0.0 0.0 0.0 0.0
36.3349297754 69.4555672742 82.6804072864 0.0 0.0 1.0 0.0 0.1 0.0 0.0 0.0 0.0 0.0 0.0 0.0
137.012983419 102.732132102 153.013493035 0.0 0.0 1.0 0.0 0.1 0.0 0.0 0.0 0.0 0.0 0.0 0.0
187.714961043 66.3474344028 13.7390918475 0.0 0.0 1.0 0.0 0.1 0.0 0.0 0.0 0.0 0.0 0.0 0.0
24.3299065799 182.59990961 42.345733197 0.0 0.0 1.0 0.0 0.1 0.0 0.0 0.0 0.0 0.0 0.0 0.0
194.444844475 176.144298136 50.4016199627 0.0 0.0 1.0 0.0 0.1 0.0 0.0 0.0 0.0 0.0 0.0 0.0
103.293886498 40.5828815232 65.8592956846 0.0 0.0 1.0 0.0 0.1 0.0 0.0 0.0 0.0 0.0 0.0 0.0
53.264087654 156.056526524 197.485051969 0.0 0.0 1.0 0.0 0.1 0.0 0.0 0.0 0.0 0.0 0.0 0.0
19.6596459756 27.9492977065 53.4246490445 0.0 0.0 1.0 0.0 0.1 0.0 0.0 0.0 0.0 0.0 0.0 0.0
65.9508111569 199.427337998 5.72872041708 0.0 0.0 1.0 0.0 0.1 0.0 0.0 0.0 0.0 0.0 0.0 0.0
102.770178932 161.259343797 48.6923672868 0.0 0.0 1.0 0.0 0.1 0.0 0.0 0.0 0.0 0.0 0.0 0.0
63.9608406188 85.6965503144 3.76240776457 0.0 0.0 1.0 0.0 0.1 0.0 0.0 0.0 0.0 0.0 0.0 0.0
178.009197908 45.7222877601 156.136629225 0.0 0.0 1.0 0.0 0.1 0.0 0.0 0.0 0.0 0.0 0.0 0.0
80.5707578069 36.8090890971 99.7678566369 0.0 0.0 1.0 0.0 0.1 0.0 0.0 0.0 0.0 0.0 0.0 0.0
90.8112931197 43.436854049 30.0775934436 0.0 0.0 1.0 0.0 0.1 0.0 0.0 0.0 0.0 0.0 0.0 0.0
15.1484948487 151.726561046 112.892604924 0.0 0.0 1.0 0.0 0.1 0.0 0.0 0.0 0.0 0.0 0.0 0.0
192.687240651 2.56835630034 56.7047766003 0.0 0.0 1.0 0.0 0.1 0.0 0.0 0.0 0.0 0.0 0.0 0.0
27.963061062 64.144147608 148.607553464 0.0 0.0 1.0 0.0 0.1 0.0 0.0 0.0 0.0 0.0 0.0 0.0
29.7908478239 191.966794726 4.12948098643 0.0 0.0 1.0 0.0 0.1 0.0 0.0 0.0 0.0 0.0 0.0 0.0
29.9426034903 91.3251747651 114.770309426 0.0 0.0 1.0 0.0 0.1 0.0 0.0 0.0 0.0 0.0 0.0 0.0
126.178822047 98.044250312 132.236853738 0.0 0.0 1.0 0.0 0.1 0.0 0.0 0.0 0.0 0.0 0.0 0.0
161.53094252 7.94821857252 64.9794948645 0.0 0.0 1.0 0.0 0.1 0.0 0.0 0.0 0.0 0.0 0.0 0.0
10.7242688962 131.438353287 161.277135185 0.0 0.0 1.0 0.0 0.1 0.0 0.0 0.0 0.0 0.0 0.0 0.0
115.872286602 193.934826376 53.6357369954 0.0 0.0 1.0 0.0 0.1 0.0 0.0 0.0 0.0 0.0 0.0 0.0
18.5579459378 141.070938102 163.262859963 0.0 0.0 1.0 0.0 0.1 0.0 0.0 0.0 0.0 0.0 0.0 0.0
0.527258756633 108.203410331 145.795766195 0.0 0.0 1.0 0.0 0.1 0.0 0.0 0.0 0.0 0.0 0.0 0.0
4.40985419602 139.483389335 111.579494671 0.0 0.0 1.0 0.0 0.1 0.0 0.0 0.0 0.0 0.0 0.0 0.0
188.863580345 192.130216758 128.08344056 0.0 0.0 1.0 0.0 0.1 0.0 0.0 0.0 0.0 0.0 0.0 0.0
125.500494674 116.125495577 139.729826301 0.0 0.0 1.0 0.0 0.1 0.0 0.0 0.0 0.0 0.0 0.0 0.0
67.592086717 5.01462956735 85.0840814151 0.0 0.0 1.0 0.0 0.1 0.0 0.0 0.0 0.0 0.0 0.0 0.0
19.0386370736 107.947961201 165.017091342 0.0 0.0 1.0 0.0 0.1 0.0 0.0 0.0 0.0 0.0 0.0 0.0
83.7455532874 48.534965826 83.6766257069 0.0 0.0 1.0 0.0 0.1 0.0 0.0 0.0 0.0 0.0 0.0 0.0
186.031492113 85.7918370578 120.002930727 0.0 0.0 1.0 0.0 0.1 0.0 0.0 0.0 0.0 0.0 0.0 0.0
89.4495400253 164.067702588 92.2360137054 0.0 0.0 1.0 0.0 0.1 0.0 0.0 0.0 0.0 0.0 0.0 0.0
33.0489118871 23.1869641428 49.7515544148 0.0 0.0 1.0 0.0 0.1 0.0 0.0 0.0 0.0 0.0 0.0 0.0
147.480383782 59.4790646823 172.472305978 0.0 0.0 1.0 0.0 0.1 0.0 0.0 0.0 0.0 0.0 0.0 0.0
128.77155612 154.324187317 30.021780056 0.0 0.0 1.0 0.0 0.1 0.0 0.0 0.0 0.0 0.0 0.0 0.0
3.62853984634 84.9470178002 85.1323043878 0.0 0.0 1.0 0.0 0.1 0.0 0.0 0.0 0.0 0.0 0.0 0.0
64.0084028055 110.999988005 197.330822947 0.0 0.0 1.0 0.0 0.1 0.0 0.0 0.0 0.0 0.0 0.0 0.0
190.203837674 52.9315923971 78.656555438 0.0 0.0 1.0 0.0 0.1 0.0 0.0 0.0 0.0 0.0 0.0 0.0
184.380786532 70.9542745387 95.2726800705 0.0 0.0 1.0 0.0 0.1 0.0 0.0 0.0 0.0 0.0 0.0 0.0
34.2002379457 145.797719533 79.9933377247 0.0 0.0 1.0 0.0 0.1 0.0 0.0 0.0 0.0 0.0 0.0 0.0
141.2061597 13.1879492189 1.79193605362 0.0 0.0 1.0 0.0 0.1 0.0 0.0 0.0 0.0 0.0 0.0 0.0
194.04079474 83.6613992965 114.068035454 0.0 0.0 1.0 0.0 0.1 0.0 0.0 0.0 0.0 0.0 0.0 0.0
7.05152519725 85.3298684719 62.6137433951 0.0 0.0 1.0 0.0 0.1 0.0 0.0 0.0 0.0 0.0 0.0 0.0
51.373787197 110.821545154 10.2464772154 0.0 0.0 1.0 0.0 0.1 0.0 0.0 0.0 0.0 0.0 0.0 0.0
89.0991987225 159.926614655 92.1188969824 0.0 0.0 1.0 0.0 0.1 0.0 0.0 0.0 0.0 0.0 0.0 0.0
167.892535013 159.69487575 168.605601765 0.0 0.0 1.0 0.0 0.1 0.0 0.0 0.0 0.0 0.0 0.0 0.0
100.379801422 53.6818589545 171.561898964 0.0 0.0 1.0 0.0 0.1 0.0 0.0 0.0 0.0 0.0 0.0 0.0
159.754208764 61.5850946753 62.3414574681 0.0 0.0 1.0 0.0 0.1 0.0 0.0 0.0 0.0 0.0 0.0 0.0
38.5664359917 135.793050089 153.895033543 0.0 0.0 1.0 0.0 0.1 0.0 0.0 0.0 0.0 0.0 0.0 0.0
44.6617605126 134.722257546 141.571288564 0.0 0.0 1.0 0.0 0.1 0.0 0.0 0.0 0.0 0.0 0.0 0.0
26.1254284006 118.844108666 47.4615732463 0.0 0.0 1.0 0.0 0.1 0.0 0.0 0.0 0.0 0.0 0.0 0.0
62.8955790463 68.8428938521 81.139131936 0.0 0.0 1.0 0.0 0.1 0.0 0.0 0.0 0.0 0.0 0.0 0.0
193.096020462 120.873068586 5.48536485339 0.0 0.0 1.0 0.0 0.1 0.0 0.0 0.0 0.0 0.0 0.0 0.0
198.179494946 105.095235922 108.552599317 0.0 0.0 1.0 0.0 0.1 0.0 0.0 0.0 0.0 0.0 0.0 0.0
116.718056132 9.39692889843 39.827811361 0.0 0.0 1.0 0.0 0.1 0.0 0.0 0.0 0.0 0.0 0.0 0.0
94.2671422227 77.4543978733 194.160872466 0.0 0.0 1.0 0.0 0.1 0.0 0.0 0.0 0.0 0.0 0.0 0.0
63.351565982 190.987297136 152.83822871 0.0 0.0 1.0 0.0 0.1 0.0 0.0 0.0 0.0 0.0 0.0 0.0
70.3199303078 170.271199509 94.0049716243 0.0 0.0 1.0 0.0 0.1 0.0 0.0 0.0 0.0 0.0 0.0 0.0
183.074200176 198.715616747 76.8807146811 0.0 0.0 1.0 0.0 0.1 0.0 0.0 0.0 0.0 0.0 0.0 0.0
147.057416383 85.9009750378 132.627993633 0.0 0.0 1.0 0.0 0.1 0.0 0.0 0.0 0.0 0.0 0.0 0.0
154.348798553 162.863448793 102.782342392 0.0 0.0 1.0 0.0 0.1 0.0 0.0 0.0 0.0 0.0 0.0 0.0
144.502788626 100.532020965 21.89904667 0.0 0.0 1.0 0.0 0.1 0.0 0.0 0.0 0.0 0.0 0.0 0.0
138.174242355 116.694404084 134.595989635 0.0 0.0 1.0 0.0 0.1 0.0 0.0 0.0 0.0 0.0 0.0 0.0
142.99989786 177.675020086 28.1978643321 0.0 0.0 1.0 0.0 0.1 0.0 0.0 0.0 0.0 0.0 0.0 0.0
22.2552688547 160.377453854 148.396443576 0.0 0.0 1.0 0.0 0.1 0.0 0.0 0.0 0.0 0.0 0.0 0.0
103.26562832 19.3668602723 30.4631018522 0.0 0.0 1.0 0.0 0.1 0.0 0.0 0.0 0.0 0.0 0.0 0.0
102.472973694 160.619085794 32.4250620108 0.0 0.0 1.0 0.0 0.1 0.0 0.0 0.0 0.0 0.0 0.0 0.0
144.961656216 199.867811308 141.410370623 0.0 0.0 1.0 0.0 0.1 0.0 0.0 0.0 0.0 0.0 0.0 0.0
172.706815835 9.18515256981 84.2045086747 0.0 0.0 1.0 0.0 0.1 0.0 0.0 0.0 0.0 0.0 0.0 0.0
180.428876617 110.339830296 50.0158467451 0.0 0.0 1.0 0.0 0.1 0.0 0.0 0.0 0.0 0.0 0.0 0.0
83.038522014 165.020614907 38.0776018471 0.0 0.0 1.0 0.0 0.1 0.0 0.0 0.0 0.0 0.0 0.0 0.0
40.8971928137 96.8540592138 166.102027524 0.0 0.0 1.0 0.0 0.1 0.0 0.0 0.0 0.0 0.0 0.0 0.0
92.9545981062 70.0847270333 187.440562721 0.0 0.0 1.0 0.0 0.1 0.0 0.0 0.0 0.0 0.0 0.0 0.0
132.168861179 31.0933982601 152.877598388 0.0 0.0 1.0 0.0 0.1 0.0 0.0 0.0 0.0 0.0 0.0 0.0
63.7198283261 32.455181188 159.004561576 0.0 0.0 1.0 0.0 0.1 0.0 0.0 0.0 0.0 0.0 0.0 0.0
189.98939194 179.425987789 72.3827021321 0.0 0.0 1.0 0.0 0.1 0.0 0.0 0.0 0.0 0.0 0.0 0.0
137.201242065 150.603277968 129.647710664 0.0 0.0 1.0 0.0 0.1 0.0 0.0 0.0 0.0 0.0 0.0 0.0
17.7716062618 80.7989826011 35.9936180566 0.0 0.0 1.0 0.0 0.1 0.0 0.0 0.0 0.0 0.0 0.0 0.0
107.734209408 183.087166563 162.456226365 0.0 0.0 1.0 0.0 0.1 0.0 0.0 0.0 0.0 0.0 0.0 0.0
166.489550974 193.602383007 27.8227003608 0.0 0.0 1.0 0.0 0.1 0.0 0.0 0.0 0.0 0.0 0.0 0.0
163.24863663 190.323743622 43.9999133749 0.0 0.0 1.0 0.0 0.1 0.0 0.0 0.0 0.0 0.0 0.0 0.0
135.683515729 143.382781218 129.212467286 0.0 0.0 1.0 0.0 0.1 0.0 0.0 0.0 0.0 0.0 0.0 0.0
78.1179729754 140.840930985 148.755057229 0.0 0.0 1.0 0.0 0.1 0.0 0.0 0.0 0.0 0.0 0.0 0.0
194.399613515 172.465624611 48.3610745925 0.0 0.0 1.0 0.0 0.1 0.0 0.0 0.0 0.0 0.0 0.0 0.0
78.1585108416 52.7906369688 110.342383912 0.0 0.0 1.0 0.0 0.1 0.0 0.0 0.0 0.0 0.0 0.0 0.0
78.9780078885 38.7308192718 20.0625349386 0.0 0.0 1.0 0.0 0.1 0.0 0.0 0.0 0.0 0.0 0.0 0.0
113.282130792 146.422562831 165.668199774 0.0 0.0 1.0 0.0 0.1 0.0 0.0 0.0 0.0 0.0 0.0 0.0
94.9834298683 14.5247562209 114.188832166 0.0 0.0 1.0 0.0 0.1 0.0 0.0 0.0 0.0 0.0 0.0 0.0
112.205704666 149.828035377 9.05893759863 0.0 0.0 1.0 0.0 0.1 0.0 0.0 0.0 0.0 0.0 0.0 0.0
48.7172087659 1.14041344567 34.4618990243 0.0 0.0 1.0 0.0 0.1 0.0 0.0 0.0 0.0 0.0 0.0 0.0
133.376892385 191.89059519 9.94241043152 0.0 0.0 1.0 0.0 0.1 0.0 0.0 0.0 0.0 0.0 0.0 0.0
125.105248829 12.5618136573 82.9934744049 0.0 0.0 1.0 0.0 0.1 0.0 0.0 0.0 0.0 0.0 0.0 0.0
171.002724765 9.71039675705 109.233964269 0.0 0.0 1.0 0.0 0.1 0.0 0.0 0.0 0.0 0.0 0.0 0.0
125.19476211 153.052954457 190.006244777 0.0 0.0 1.0 0.0 0.1 0.0 0.0 0.0 0.0 0.0 0.0 0.0
137.843856767 164.551821384 154.932232934 0.0 0.0 1.0 0.0 0.1 0.0 0.0 0.0 0.0 0.0 0.0 0.0
102.900521056 108.30537442 75.4056131068 0.0 0.0 1.0 0.0 0.1 0.0 0.0 0.0 0.0 0.0 0.0 0.0
186.633995601 146.518275321 22.2490701899 0.0 0.0 1.0 0.0 0.1 0.0 0.0 0.0 0.0 0.0 0.0 0.0
22.7735767166 193.099913392 19.6034312462 0.0 0.0 1.0 0.0 0.1 0.0 0.0 0.0 0.0 0.0 0.0 0.0
127.714427747 139.579242263 191.960130397 0.0 0.0 1.0 0.0 0.1 0.0 0.0 0.0 0.0 0.0 0.0 0.0
148.926772109 159.288419204 76.8298460517 0.0 0.0 1.0 0.0 0.1 0.0 0.0 0.0 0.0 0.0 0.0 0.0
49.7195782278 3.23436466375 84.4355989437 0.0 0.0 1.0 0.0 0.1 0.0 0.0 0.0 0.0 0.0 0.0 0.0
119.626709429 84.4155984771 129.336031741 0.0 0.0 1.0 0.0 0.1 0.0 0.0 0.0 0.0 0.0 0.0 0.0
106.924871303 176.479694894 192.317325698 0.0 0.0 1.0 0.0 0.1 0.0 0.0 0.0 0.0 0.0 0.0 0.0
49.5494112076 13.9559232962 9.88017757625 0.0 0.0 1.0 0.0 0.1 0.0 0.0 0.0 0.0 0.0 0.0 0.0
117.637468299 147.587432459 199.51187859 0.0 0.0 1.0 0.0 0.1 0.0 0.0 0.0 0.0 0.0 0.0 0.0
1.98686283135 147.019531758 108.840436124 0.0 0.0 1.0 0.0 0.1 0.0 0.0 0.0 0.0 0.0 0.0 0.0
32.1318402594 140.163246716 195.937775882 0.0 0.0 1.0 0.0 0.1 0.0 0.0 0.0 0.0 0.0 0.0 0.0
136.062990675 152.854897962 106.757815642 0.0 0.0 1.0 0.0 0.1 0.0 0.0 0.0 0.0 0.0 0.0 0.0
77.8315450036 131.986682856 110.211732268 0.0 0.0 1.0 0.0 0.1 0.0 0.0 0.0 0.0 0.0 0.0 0.0
74.1069617862 116.585700825 14.500341783 0.0 0.0 1.0 0.0 0.1 0.0 0.0 0.0 0.0 0.0 0.0 0.0
175.740083637 121.947044862 77.8785351211 0.0 0.0 1.0 0.0 0.1 0.0 0.0 0.0 0.0 0.0 0.0 0.0
88.823492251 23.3381124115 66.4574203624 0.0 0.0 1.0 0.0 0.1 0.0 0.0 0.0 0.0 0.0 0.0 0.0
53.6414612381 135.823941921 98.9229574143 0.0 0.0 1.0 0.0 0.1 0.0 0.0 0.0 0.0 0.0 0.0 0.0
83.1261970705 174.685538095 160.76067147 0.0 0.0 1.0 0.0 0.1 0.0 0.0 0.0 0.0 0.0 0.0 0.0
160.524820857 7.24557535097 88.2528303183 0.0 0.0 1.0 0.0 0.1 0.0 0.0 0.0 0.0 0.0 0.0 0.0
43.0877205548 43.2713664901 5.9867031696 0.0 0.0 1.0 0.0 0.1 0.0 0.0 0.0 0.0 0.0 0.0 0.0
173.869743198 6.47436679641 119.966180633 0.0 0.0 1.0 0.0 0.1 0.0 0.0 0.0 0.0 0.0 0.0 0.0
20.8681856431 155.82054345 53.0438912488 0.0 0.0 1.0 0.0 0.1 0.0 0.0 0.0 0.0 0.0 0.0 0.0
137.01950064 20.115882479 121.131935544 0.0 0.0 1.0 0.0 0.1 0.0 0.0 0.0 0.0 0.0 0.0 0.0
146.034094724 84.9272272258 122.473568884 0.0 0.0 1.0 0.0 0.1 0.0 0.0 0.0 0.0 0.0 0.0 0.0
23.9312952435 190.491288245 107.614670649 0.0 0.0 1.0 0.0 0.1 0.0 0.0 0.0 0.0 0.0 0.0 0.0
92.0691852843 113.633339533 52.089337288 0.0 0.0 1.0 0.0 0.1 0.0 0.0 0.0 0.0 0.0 0.0 0.0
9.18994702545 191.219396212 151.350675539 0.0 0.0 1.0 0.0 0.1 0.0 0.0 0.0 0.0 0.0 0.0 0.0
166.33615553 145.839989446 0.368495407742 0.0 0.0 1.0 0.0 0.1 0.0 0.0 0.0 0.0 0.0 0.0 0.0
63.2263937416 118.142987962 155.248436413 0.0 0.0 1.0 0.0 0.1 0.0 0.0 0.0 0.0 0.0 0.0 0.0
102.417326452 62.6897181665 192.228990421 0.0 0.0 1.0 0.0 0.1 0.0 0.0 0.0 0.0 0.0 0.0 0.0
164.49490012 2.38386460317 195.489799049 0.0 0.0 1.0 0.0 0.1 0.0 0.0 0.0 0.0 0.0 0.0 0.0
183.38113367 106.85618161 189.554543187 0.0 0.0 1.0 0.0 0.1 0.0 0.0 0.0 0.0 0.0 0.0 0.0
110.960314482 22.4935442378 32.9351658241 0.0 0.0 1.0 0.0 0.1 0.0 0.0 0.0 0.0 0.0 0.0 0.0
64.4371077189 51.3966477061 81.7218164582 0.0 0.0 1.0 0.0 0.1 0.0 0.0 0.0 0.0 0.0 0.0 0.0
177.684663276 189.254936213 124.007206593 0.0 0.0 1.0 0.0 0.1 0.0 0.0 0.0 0.0 0.0 0.0 0.0
88.126641681 18.4462966588 102.751108667 0.0 0.0 1.0 0.0 0.1 0.0 0.0 0.0 0.0 0.0 0.0 0.0
103.789875999 9.16054876248 26.606607259 0.0 0.0 1.0 0.0 0.1 0.0 0.0 0.0 0.0 0.0 0.0 0.0
82.3671824774 91.0746101387 109.326155711 0.0 0.0 1.0 0.0 0.1 0.0 0.0 0.0 0.0 0.0 0.0 0.0
106.809284931 128.581044827 116.514594307 0.0 0.0 1.0 0.0 0.1 0.0 0.0 0.0 0.0 0.0 0.0 0.0
144.077209009 62.5807781193 89.9352459022 0.0 0.0 1.0 0.0 0.1 0.0 0.0 0.0 0.0 0.0 0.0 0.0
70.9860496073 17.5288267948 9.85941494886 0.0 0.0 1.0 0.0 0.1 0.0 0.0 0.0 0.0 0.0 0.0 0.0
144.491552538 168.4531673 97.7219735778 0.0 0.0 1.0 0.0 0.1 0.0 0.0 0.0 0.0 0.0 0.0 0.0
121.467406328 160.899541062 132.90076086 0.0 0.0 1.0 0.0 0.1 0.0 0.0 0.0 0.0 0.0 0.0 0.0
69.4689304633 32.2873707654 53.8119101228 0.0 0.0 1.0 0.0 0.1 0.0 0.0 0.0 0.0 0.0 0.0 0.0
110.47289107 33.3163750503 16.6844180734 0.0 0.0 1.0 0.0 0.1 0.0 0.0 0.0 0.0 0.0 0.0 0.0
19.1952772443 140.159419291 117.471105949 0.0 0.0 1.0 0.0 0.1 0.0 0.0 0.0 0.0 0.0 0.0 0.0
71.2433248591 156.511031784 138.907696572 0.0 0.0 1.0 0.0 0.1 0.0 0.0 0.0 0.0 0.0 0.0 0.0
196.24517633 180.268224558 3.61974478221 0.0 0.0 1.0 0.0 0.1 0.0 0.0 0.0 0.0 0.0 0.0 0.0
180.294040071 53.6965150532 117.421371734 0.0 0.0 1.0 0.0 0.1 0.0 0.0 0.0 0.0 0.0 0.0 0.0
183.590195703 193.072764571 35.6790248119 0.0 0.0 1.0 0.0 0.1 0.0 0.0 0.0 0.0 0.0 0.0 0.0
7.48781662583 26.9637977301 68.9974958142 0.0 0.0 1.0 0.0 0.1 0.0 0.0 0.0 0.0 0.0 0.0 0.0
43.2829674247 177.790724291 35.0229496132 0.0 0.0 1.0 0.0 0.1 0.0 0.0 0.0 0.0 0.0 0.0 0.0
38.0738212137 181.02158082 47.9650007873 0.0 0.0 1.0 0.0 0.1 0.0 0.0 0.0 0.0 0.0 0.0 0.0
45.4943389589 72.7215901589 1.70116573932 0.0 0.0 1.0 0.0 0.1 0.0 0.0 0.0 0.0 0.0 0.0 0.0
31.800243431 177.886733796 74.3129794886 0.0 0.0 1.0 0.0 0.1 0.0 0.0 0.0 0.0 0.0 0.0 0.0
78.9404814281 171.668879227 105.044557828 0.0 0.0 1.0 0.0 0.1 0.0 0.0 0.0 0.0 0.0 0.0 0.0
124.512108131 147.233750498 175.454269774 0.0 0.0 1.0 0.0 0.1 0.0 0.0 0.0 0.0 0.0 0.0 0.0
126.326594178 45.1119900516 177.280960229 0.0 0.0 1.0 0.0 0.1 0.0 0.0 0.0 0.0 0.0 0.0 0.0
36.7750479561 114.054884275 121.392816722 0.0 0.0 1.0 0.0 0.1 0.0 0.0 0.0 0.0 0.0 0.0 0.0
71.3966543178 120.216351584 78.8623797394 0.0 0.0 1.0 0.0 0.1 0.0 0.0 0.0 0.0 0.0 0.0 0.0
147.749723863 79.1414733923 82.3160426406 0.0 0.0 1.0 0.0 0.1 0.0 0.0 0.0 0.0 0.0 0.0 0.0
185.704885447 28.4505854005 194.675440076 0.0 0.0 1.0 0.0 0.1 0.0 0.0 0.0 0.0 0.0 0.0 0.0
92.1662413685 40.5839780808 40.1403821121 0.0 0.0 1.0 0.0 0.1 0.0 0.0 0.0 0.0 0.0 0.0 0.0
81.8155662545 53.0232836136 18.7033995809 0.0 0.0 1.0 0.0 0.1 0.0 0.0 0.0 0.0 0.0 0.0 0.0
100.920194328 51.7080090308 7.81675000648 0.0 0.0 1.0 0.0 0.1 0.0 0.0 0.0 0.0 0.0 0.0 0.0
19.2913662049 100.332376336 89.6196493564 0.0 0.0 1.0 0.0 0.1 0.0 0.0 0.0 0.0 0.0 0.0 0.0
192.974417955 125.717966854 186.932313955 0.0 0.0 1.0 0.0 0.1 0.0 0.0 0.0 0.0 0.0 0.0 0.0
147.427861205 14.7434435835 170.019956151 0.0 0.0 1.0 0.0 0.1 0.0 0.0 0.0 0.0 0.0 0.0 0.0
123.730697123 128.478618192 29.9669186205 0.0 0.0 1.0 0.0 0.1 0.0 0.0 0.0 0.0 0.0 0.0 0.0
142.071862829 93.7595372646 27.0876819249 0.0 0.0 1.0 0.0 0.1 0.0 0.0 0.0 0.0 0.0 0.0 0.0
136.749345065 116.188418661 61.0501052283 0.0 0.0 1.0 0.0 0.1 0.0 0.0 0.0 0.0 0.0 0.0 0.0
107.629231857 122.752129336 167.663900989 0.0 0.0 1.0 0.0 0.1 0.0 0.0 0.0 0.0 0.0 0.0 0.0
52.2321679026 181.644474279 85.8855165727 0.0 0.0 1.0 0.0 0.1 0.0 0.0 0.0 0.0 0.0 0.0 0.0
56.5392788777 149.05197879 169.484855569 0.0 0.0 1.0 0.0 0.1 0.0 0.0 0.0 0.0 0.0 0.0 0.0
83.6220589717 94.6835891622 56.1570150235 0.0 0.0 1.0 0.0 0.1 0.0 0.0 0.0 0.0 0.0 0.0 0.0
3.23395652174 156.748528295 43.3855149633 0.0 0.0 1.0 0.0 0.1 0.0 0.0 0.0 0.0 0.0 0.0 0.0
110.246648732 67.8727442365 106.338858398 0.0 0.0 1.0 0.0 0.1 0.0 0.0 0.0 0.0 0.0 0.0 0.0
6.33203831609 35.9061672591 84.1271979069 0.0 0.0 1.0 0.0 0.1 0.0 0.0 0.0 0.0 0.0 0.0 0.0
76.4918504067 69.3869622054 87.4088026341 0.0 0.0 1.0 0.0 0.1 0.0 0.0 0.0 0.0 0.0 0.0 0.0
42.0639578546 68.3655339292 157.911767157 0.0 0.0 1.0 0.0 0.1 0.0 0.0 0.0 0.0 0.0 0.0 0.0
181.132440061 69.2267649291 63.9181807957 0.0 0.0 1.0 0.0 0.1 0.0 0.0 0.0 0.0 0.0 0.0 0.0
89.3744102906 86.0890710522 43.3916307078 0.0 0.0 1.0 0.0 0.1 0.0 0.0 0.0 0.0 0.0 0.0 0.0
176.234399786 44.0031551583 158.588056381 0.0 0.0 1.0 0.0 0.1 0.0 0.0 0.0 0.0 0.0 0.0 0.0
15.185397232 119.575133802 119.492035822 0.0 0.0 1.0 0.0 0.1 0.0 0.0 0.0 0.0 0.0 0.0 0.0
24.5303777337 31.5287678578 103.737934559 0.0 0.0 1.0 0.0 0.1 0.0 0.0 0.0 0.0 0.0 0.0 0.0
111.77888891 85.9281632273 4.12344180383 0.0 0.0 1.0 0.0 0.1 0.0 0.0 0.0 0.0 0.0 0.0 0.0
154.031023107 88.3058281323 104.443256105 0.0 0.0 1.0 0.0 0.1 0.0 0.0 0.0 0.0 0.0 0.0 0.0
121.339165043 72.7177480753 88.9143346381 0.0 0.0 1.0 0.0 0.1 0.0 0.0 0.0 0.0 0.0 0.0 0.0
31.3825555022 32.6338681902 85.7202800242 0.0 0.0 1.0 0.0 0.1 0.0 0.0 0.0 0.0 0.0 0.0 0.0
30.0454539326 138.584366905 35.700672972 0.0 0.0 1.0 0.0 0.1 0.0 0.0 0.0 0.0 0.0 0.0 0.0
56.4791167156 31.3375575238 126.653858251 0.0 0.0 1.0 0.0 0.1 0.0 0.0 0.0 0.0 0.0 0.0 0.0
191.718459008 159.563434339 90.0385975519 0.0 0.0 1.0 0.0 0.1 0.0 0.0 0.0 0.0 0.0 0.0 0.0
65.0496904707 53.6475012409 145.425064609 0.0 0.0 1.0 0.0 0.1 0.0 0.0 0.0 0.0 0.0 0.0 0.0
57.9250109197 34.4033853436 11.8812691655 0.0 0.0 1.0 0.0 0.1 0.0 0.0 0.0 0.0 0.0 0.0 0.0
14.1422211204 42.4922714533 158.511007457 0.0 0.0 1.0 0.0 0.1 0.0 0.0 0.0 0.0 0.0 0.0 0.0
123.894414877 46.23026641 126.741401534 0.0 0.0 1.0 0.0 0.1 0.0 0.0 0.0 0.0 0.0 0.0 0.0
61.8785016717 18.1696456036 49.9258575533 0.0 0.0 1.0 0.0 0.1 0.0 0.0 0.0 0.0 0.0 0.0 0.0
36.4555264462 116.271429138 118.958002657 0.0 0.0 1.0 0.0 0.1 0.0 0.0 0.0 0.0 0.0 0.0 0.0
191.701354518 32.5944562766 38.9042802713 0.0 0.0 1.0 0.0 0.1 0.0 0.0 0.0 0.0 0.0 0.0 0.0
95.2966877621 55.2587837988 53.5961759811 0.0 0.0 1.0 0.0 0.1 0.0 0.0 0.0 0.0 0.0 0.0 0.0
16.3097634614 171.569324317 59.0262954889 0.0 0.0 1.0 0.0 0.1 0.0 0.0 0.0 0.0 0.0 0.0 0.0
70.0522646862 199.33930202 60.5815739387 0.0 0.0 1.0 0.0 0.1 0.0 0.0 0.0 0.0 0.0 0.0 0.0
83.1885461291 90.2064289459 102.381329581 0.0 0.0 1.0 0.0 0.1 0.0 0.0 0.0 0.0 0.0 0.0 0.0
189.691109268 66.8845997092 16.7764547108 0.0 0.0 1.0 0.0 0.1 0.0 0.0 0.0 0.0 0.0 0.0 0.0
109.368107738 182.569630457 187.573191864 0.0 0.0 1.0 0.0 0.1 0.0 0.0 0.0 0.0 0.0 0.0 0.0
107.511957592 12.6972573973 103.743522658 0.0 0.0 1.0 0.0 0.1 0.0 0.0 0.0 0.0 0.0 0.0 0.0
84.1135045356 78.9855607288 77.0168618832 0.0 0.0 1.0 0.0 0.1 0.0 0.0 0.0 0.0 0.0 0.0 0.0
41.7550419436 109.196827518 97.4864015113 0.0 0.0 1.0 0.0 0.1 0.0 0.0 0.0 0.0 0.0 0.0 0.0
146.490308414 20.2124202355 68.93976236 0.0 0.0 1.0 0.0 0.1 0.0 0.0 0.0 0.0 0.0 0.0 0.0
47.2239202728 64.4455196517 188.092498636 0.0 0.0 1.0 0.0 0.1 0.0 0.0 0.0 0.0 0.0 0.0 0.0
125.165635142 13.0350109574 95.8084407212 0.0 0.0 1.0 0.0 0.1 0.0 0.0 0.0 0.0 0.0 0.0 0.0
143.056754604 153.122248402 178.847538299 0.0 0.0 1.0 0.0 0.1 0.0 0.0 0.0 0.0 0.0 0.0 0.0
112.931423779 198.711395343 1.89375307154 0.0 0.0 1.0 0.0 0.1 0.0 0.0 0.0 0.0 0.0 0.0 0.0
97.7917366699 184.113831946 93.2784198924 0.0 0.0 1.0 0.0 0.1 0.0 0.0 0.0 0.0 0.0 0.0 0.0
79.5899233684 137.424098559 156.596537351 0.0 0.0 1.0 0.0 0.1 0.0 0.0 0.0 0.0 0.0 0.0 0.0
4.21392213187 81.2225873469 146.94304018 0.0 0.0 1.0 0.0 0.1 0.0 0.0 0.0 0.0 0.0 0.0 0.0
23.951252714 65.7313637389 111.812661254 0.0 0.0 1.0 0.0 0.1 0.0 0.0 0.0 0.0 0.0 0.0 0.0
6.6618390291 7.26906741993 83.7489815323 0.0 0.0 1.0 0.0 0.1 0.0 0.0 0.0 0.0 0.0 0.0 0.0
25.7543432905 72.6548346365 166.277613658 0.0 0.0 1.0 0.0 0.1 0.0 0.0 0.0 0.0 0.0 0.0 0.0
51.0672575194 187.011615326 63.4636995846 0.0 0.0 1.0 0.0 0.1 0.0 0.0 0.0 0.0 0.0 0.0 0.0
39.5165201747 96.1648991567 94.2286034259 0.0 0.0 1.0 0.0 0.1 0.0 0.0 0.0 0.0 0.0 0.0 0.0
68.5121349559 166.489608015 35.2739671019 0.0 0.0 1.0 0.0 0.1 0.0 0.0 0.0 0.0 0.0 0.0 0.0
37.1311365124 62.6306539133 163.078367019 0.0 0.0 1.0 0.0 0.1 0.0 0.0 0.0 0.0 0.0 0.0 0.0
26.8649793752 25.06992046 95.2572114383 0.0 0.0 1.0 0.0 0.1 0.0 0.0 0.0 0.0 0.0 0.0 0.0
118.498710974 118.338024773 177.973109795 0.0 0.0 1.0 0.0 0.1 0.0 0.0 0.0 0.0 0.0 0.0 0.0
77.7400097339 17.5672229237 44.2686106581 0.0 0.0 1.0 0.0 0.1 0.0 0.0 0.0 0.0 0.0 0.0 0.0
72.1216552138 192.679242679 154.765809813 0.0 0.0 1.0 0.0 0.1 0.0 0.0 0.0 0.0 0.0 0.0 0.0
52.2198368013 104.87986342 150.313824329 0.0 0.0 1.0 0.0 0.1 0.0 0.0 0.0 0.0 0.0 0.0 0.0
12.9231304746 169.847871306 131.679785083 0.0 0.0 1.0 0.0 0.1 0.0 0.0 0.0 0.0 0.0 0.0 0.0
196.430326132 115.066214265 30.8436764811 0.0 0.0 1.0 0.0 0.1 0.0 0.0 0.0 0.0 0.0 0.0 0.0
20.4964337745 193.147593395 191.518657061 0.0 0.0 1.0 0.0 0.1 0.0 0.0 0.0 0.0 0.0 0.0 0.0
151.874492872 163.8664449 56.8399557393 0.0 0.0 1.0 0.0 0.1 0.0 0.0 0.0 0.0 0.0 0.0 0.0
51.5313997167 33.61499659 181.039240294 0.0 0.0 1.0 0.0 0.1 0.0 0.0 0.0 0.0 0.0 0.0 0.0
36.5247487268 16.7017792816 120.965896203 0.0 0.0 1.0 0.0 0.1 0.0 0.0 0.0 0.0 0.0 0.0 0.0
127.282246061 13.0591020349 144.943285129 0.0 0.0 1.0 0.0 0.1 0.0 0.0 0.0 0.0 0.0 0.0 0.0
198.846247084 70.461575277 60.7064099236 0.0 0.0 1.0 0.0 0.1 0.0 0.0 0.0 0.0 0.0 0.0 0.0
181.586788674 107.377429707 68.8736877783 0.0 0.0 1.0 0.0 0.1 0.0 0.0 0.0 0.0 0.0 0.0 0.0
197.784024258 153.522267468 103.443577783 0.0 0.0 1.0 0.0 0.1 0.0 0.0 0.0 0.0 0.0 0.0 0.0
75.8449276069 43.2514090194 33.6760286952 0.0 0.0 1.0 0.0 0.1 0.0 0.0 0.0 0.0 0.0 0.0 0.0
8.54401717883 46.2698788238 141.451919813 0.0 0.0 1.0 0.0 0.1 0.0 0.0 0.0 0.0 0.0 0.0 0.0
73.3230068733 31.479873648 94.3544993118 0.0 0.0 1.0 0.0 0.1 0.0 0.0 0.0 0.0 0.0 0.0 0.0
4.05719332672 147.357121679 186.276649791 0.0 0.0 1.0 0.0 0.1 0.0 0.0 0.0 0.0 0.0 0.0 0.0
30.7479114039 48.7312190703 194.059064193 0.0 0.0 1.0 0.0 0.1 0.0 0.0 0.0 0.0 0.0 0.0 0.0
149.448216547 190.956296986 14.3851539403 0.0 0.0 1.0 0.0 0.1 0.0 0.0 0.0 0.0 0.0 0.0 0.0
187.055843414 170.169339307 97.7118870725 0.0 0.0 1.0 0.0 0.1 0.0 0.0 0.0 0.0 0.0 0.0 0.0
45.1329181129 57.8884165379 142.912117013 0.0 0.0 1.0 0.0 0.1 0.0 0.0 0.0 0.0 0.0 0.0 0.0
98.9276337882 134.633373017 125.147325637 0.0 0.0 1.0 0.0 0.1 0.0 0.0 0.0 0.0 0.0 0.0 0.0
21.1383590625 93.2087523901 159.79247612 0.0 0.0 1.0 0.0 0.1 0.0 0.0 0.0 0.0 0.0 0.0 0.0
182.428229876 99.9610557533 76.850612382 0.0 0.0 1.0 0.0 0.1 0.0 0.0 0.0 0.0 0.0 0.0 0.0
7.26931509998 123.555839383 174.59805419 0.0 0.0 1.0 0.0 0.1 0.0 0.0 0.0 0.0 0.0 0.0 0.0
120.868907674 133.709033722 117.374348992 0.0 0.0 1.0 0.0 0.1 0.0 0.0 0.0 0.0 0.0 0.0 0.0
71.9431298109 102.795283398 190.493902719 0.0 0.0 1.0 0.0 0.1 0.0 0.0 0.0 0.0 0.0 0.0 0.0
104.405730617 114.679303846 28.3736134832 0.0 0.0 1.0 0.0 0.1 0.0 0.0 0.0 0.0 0.0 0.0 0.0
112.309499039 65.4110795089 50.3202410298 0.0 0.0 1.0 0.0 0.1 0.0 0.0 0.0 0.0 0.0 0.0 0.0
4.67244289504 166.972200018 96.0406138265 0.0 0.0 1.0 0.0 0.1 0.0 0.0 0.0 0.0 0.0 0.0 0.0
111.603970562 94.3725807966 125.391321915 0.0 0.0 1.0 0.0 0.1 0.0 0.0 0.0 0.0 0.0 0.0 0.0
33.3552148728 154.442375863 33.2936781691 0.0 0.0 1.0 0.0 0.1 0.0 0.0 0.0 0.0 0.0 0.0 0.0
95.3715385146 130.123210925 13.9259531583 0.0 0.0 1.0 0.0 0.1 0.0 0.0 0.0 0.0 0.0 0.0 0.0
72.0305533845 43.6945398988 129.63652843 0.0 0.0 1.0 0.0 0.1 0.0 0.0 0.0 0.0 0.0 0.0 0.0
193.613114358 190.63707626 118.505734359 0.0 0.0 1.0 0.0 0.1 0.0 0.0 0.0 0.0 0.0 0.0 0.0
186.85842224 187.395514028 139.055837091 0.0 0.0 1.0 0.0 0.1 0.0 0.0 0.0 0.0 0.0 0.0 0.0
142.927291796 148.858870181 133.830392302 0.0 0.0 1.0 0.0 0.1 0.0 0.0 0.0 0.0 0.0 0.0 0.0
154.59828553 115.201267228 64.3965751013 0.0 0.0 1.0 0.0 0.1 0.0 0.0 0.0 0.0 0.0 0.0 0.0
96.3535616295 172.668113221 152.25488091 0.0 0.0 1.0 0.0 0.1 0.0 0.0 0.0 0.0 0.0 0.0 0.0
97.3953660659 6.83002319813 83.9363987052 0.0 0.0 1.0 0.0 0.1 0.0 0.0 0.0 0.0 0.0 0.0 0.0
27.3623465206 84.933550697 13.7454901258 0.0 0.0 1.0 0.0 0.1 0.0 0.0 0.0 0.0 0.0 0.0 0.0
144.42693415 100.229804738 161.948699471 0.0 0.0 1.0 0.0 0.1 0.0 0.0 0.0 0.0 0.0 0.0 0.0
98.6703949496 118.660860381 68.1149649871 0.0 0.0 1.0 0.0 0.1 0.0 0.0 0.0 0.0 0.0 0.0 0.0
41.4749733533 191.47856247 151.336589903 0.0 0.0 1.0 0.0 0.1 0.0 0.0 0.0 0.0 0.0 0.0 0.0
167.084124152 194.754176628 87.9239708879 0.0 0.0 1.0 0.0 0.1 0.0 0.0 0.0 0.0 0.0 0.0 0.0
178.779250162 86.4754390864 7.74816164833 0.0 0.0 1.0 0.0 0.1 0.0 0.0 0.0 0.0 0.0 0.0 0.0
36.1121474232 76.372877828 126.27464332 0.0 0.0 1.0 0.0 0.1 0.0 0.0 0.0 0.0 0.0 0.0 0.0
68.3670511674 65.9927944142 91.4226309925 0.0 0.0 1.0 0.0 0.1 0.0 0.0 0.0 0.0 0.0 0.0 0.0
38.1672642117 161.548214918 41.6732592666 0.0 0.0 1.0 0.0 0.1 0.0 0.0 0.0 0.0 0.0 0.0 0.0
182.00801195 128.705215361 149.535867989 0.0 0.0 1.0 0.0 0.1 0.0 0.0 0.0 0.0 0.0 0.0 0.0
173.100181398 86.5740775601 139.263560422 0.0 0.0 1.0 0.0 0.1 0.0 0.0 0.0 0.0 0.0 0.0 0.0
164.273299607 22.1261604548 145.312798626 0.0 0.0 1.0 0.0 0.1 0.0 0.0 0.0 0.0 0.0 0.0 0.0
180.950974876 105.515737966 55.0970766132 0.0 0.0 1.0 0.0 0.1 0.0 0.0 0.0 0.0 0.0 0.0 0.0
20.1473856747 140.581623753 130.655485253 0.0 0.0 1.0 0.0 0.1 0.0 0.0 0.0 0.0 0.0 0.0 0.0
15.2428365498 8.57650500594 19.308911099 0.0 0.0 1.0 0.0 0.1 0.0 0.0 0.0 0.0 0.0 0.0 0.0
107.872338549 176.192452314 92.7690485424 0.0 0.0 1.0 0.0 0.1 0.0 0.0 0.0 0.0 0.0 0.0 0.0
19.3267201717 124.313218468 41.80943933 0.0 0.0 1.0 0.0 0.1 0.0 0.0 0.0 0.0 0.0 0.0 0.0
47.8640498743 161.384007566 65.0729924944 0.0 0.0 1.0 0.0 0.1 0.0 0.0 0.0 0.0 0.0 0.0 0.0
110.930708731 7.6494983091 110.726729448 0.0 0.0 1.0 0.0 0.1 0.0 0.0 0.0 0.0 0.0 0.0 0.0
17.7061539663 68.2292246277 163.932598689 0.0 0.0 1.0 0.0 0.1 0.0 0.0 0.0 0.0 0.0 0.0 0.0
178.927840793 31.5391329464 152.124441262 0.0 0.0 1.0 0.0 0.1 0.0 0.0 0.0 0.0 0.0 0.0 0.0
172.274896234 36.855057706 55.7091962153 0.0 0.0 1.0 0.0 0.1 0.0 0.0 0.0 0.0 0.0 0.0 0.0
110.044415782 51.7821665217 189.02381304 0.0 0.0 1.0 0.0 0.1 0.0 0.0 0.0 0.0 0.0 0.0 0.0
62.644977234 137.307306867 159.904817861 0.0 0.0 1.0 0.0 0.1 0.0 0.0 0.0 0.0 0.0 0.0 0.0
126.09448812 100.483162826 42.9841707616 0.0 0.0 1.0 0.0 0.1 0.0 0.0 0.0 0.0 0.0 0.0 0.0
0.233578907081 164.067013649 121.469718573 0.0 0.0 1.0 0.0 0.1 0.0 0.0 0.0 0.0 0.0 0.0 0.0
44.8093756733 114.040959417 188.065266965 0.0 0.0 1.0 0.0 0.1 0.0 0.0 0.0 0.0 0.0 0.0 0.0
99.0290177084 76.2459803028 107.219363048 0.0 0.0 1.0 0.0 0.1 0.0 0.0 0.0 0.0 0.0 0.0 0.0
156.402260874 88.7627892851 40.5418830583 0.0 0.0 1.0 0.0 0.1 0.0 0.0 0.0 0.0 0.0 0.0 0.0
