t = 30000
b = 200 200 200
E = -0.0275949487129922 -0.0368370008338484 0.00924205212085616
-5.7888948978221 -4.26887242055366 7.08634668717181 0.39811072554759 -0.728769505320577 -0.557138011755865 0.839842430187688 0.533871308738116 -0.0982141851873161 0.0737290173757855 0.188825359684015 -0.141996316202234 0.439174054638759 0.0249645115358967 -0.128956897821368
-5.33998059693775 -4.26403444972306 7.23908333735474 0.0766324096465058 -0.289090881668443 -0.95422943498105 0.925341341187856 0.377028429892274 -0.0399111035933603 0.0927263517280003 0.0092026747056887 0.420513689472762 0.0627108492073244 -0.860559069490227 -0.182670962817268
-4.87525231667593 -4.41960502909598 7.12777375120873 -0.0422094174951972 0.48888838892985 -0.871324494574887 0.980405392710242 0.188222649108738 0.0581155548515986 0.0250430132537108 0.238629179069906 -0.218592600796491 -0.350474418160079 0.408043549379125 -0.099324634166128
-4.36647097329333 -4.32869562680094 6.947171455203 -0.33468974618967 0.552132107289329 -0.763631298324493 0.924391375705097 0.349729259555397 -0.152282376850866 0.052988739608189 0.000280042271084024 0.12971132154085 0.375855363684741 -0.173207110691072 0.0667961644389764
-3.8802766814548 -4.27871965567101 6.69810955590633 -0.517266799414582 0.783706210731522 -0.343859671736296 0.855282214655141 0.45908259342571 -0.240281844352906 0.296543616618383 0.311058929279679 -0.153106339038601 0.177617671062008 -0.12518147227566 0.312044420049499
-3.69379382856391 -4.03088022294946 6.26547339045987 -0.169396406118745 0.767914457646216 0.617747623364951 0.946008859214355 0.302455306724469 -0.116567532955665 0.234693476393164 -0.416559794701256 -0.366848793174203 0.222708968377472 0.212270088658465 0.135754251484484
-2.71972823332123 -3.68897311178304 6.59830177779568 -0.269872018703628 0.932157067372548 -0.241354689005894 -0.358662308395809 0.135303801895496 0.923609354300596 -0.258209171031133 -0.164114171206234 -0.0781046624887964 -0.308356217913854 -0.503563032769203 0.399745209225293
-2.75105334733402 -3.42973578673235 7.1416658346445 -0.334432368087106 0.683050848035552 -0.649304571658839 -0.380439738851058 0.532493594446767 0.756119081678951 -0.319998426772205 0.0491934944295202 0.465533040769434 -0.0425317105723631 -0.181429941057359 0.16450577612768
-3.47131260980376 -3.65915026039252 7.95080778920795 -0.482876539005658 -0.606396722614133 -0.631754035950306 0.676519569919021 -0.716402313405105 0.17055465370442 -0.0101533263751306 0.0854316320415229 0.280087251090873 -0.338568497432687 -0.348103795362612 -0.0271668833421226
-3.68622332755049 -3.44178793149399 8.14044546140082 -0.187396651063439 -0.479489981345703 0.857304957871243 -0.0936619803469497 -0.860067717178812 -0.501508594769773 0.178393940508957 -0.558997858166802 -0.349469047590005 0.0751057653866684 -0.0398594453695179 -0.420201898013728
-4.06913910293142 -3.12339708620735 6.58693688044343 0.346272596207261 -0.775616227508372 -0.52774482831562 -0.895957402226251 -0.440193673006446 0.0590737577985003 0.178727648643318 0.00357457493407808 0.194033180706186 0.445666827984899 -0.162728431993528 -0.161842818456341
-4.55844101189783 -3.31275640381944 6.46970509861573 0.60105357805872 -0.797124483961772 -0.0576807265304018 -0.799117575354348 -0.59832827954867 -0.058431620047408 -0.306508188085619 0.230031554309954 -0.218732874302597 0.313919063232568 0.275486002069788 -0.127548019510005
-4.69160216928017 -3.59953278267619 6.13193222535233 0.253879736911866 -0.700825656498508 0.666624592795973 -0.920022336339022 -0.387672068851793 -0.0571768426511114 -0.0628658903184508 0.0157024796227465 -0.830179144236011 0.0531102414057073 0.0587416861939844 -0.234419209740315
-4.95442927837721 -4.04526653498723 5.97192285513589 -0.00675317511981067 -0.121806705934292 0.992530817365036 -0.880677458572798 -0.469427227684259 -0.0636018133972306 0.013645779736456 -0.36923136870165 0.463034206821322 -0.0972177191625157 0.246656866570762 0.153964801762822
-5.32091875357273 -4.55142761486803 6.03076604402546 0.177655264973182 0.0688756158223726 0.981679511606388 -0.795812552208556 -0.576756260494416 0.184484581155952 0.21757011848476 0.283839264221087 0.168080374222392 0.040217020455185 -0.134063194779768 -0.133175529794027
-5.57063940194109 -5.0285750943481 6.20105045821573 -0.142161557135986 0.62365846188671 0.768661289054039 -0.679673772152198 -0.626046053024518 0.382243074728863 0.315319670287234 -0.509492052365151 0.0261907805325866 -0.0251265293193327 0.36737775681285 0.366437685379701
179.237808096467 159.590934562062 189.563032083588 0.460241990066194 0.454838335143669 0.762429868850982 0.537184739209966 0.541067360984175 -0.64705377097057 0 0 0 0 0 0
133.201455514478 156.240632918043 92.6009265720889 -0.437993786465992 0.876290561369235 0.200689480048494 -0.797147325285246 -0.481782641030094 0.363925180570913 0 0 0 0 0 0
30.2735820091627 134.990353807661 163.615127782286 0.498077499930674 -0.672634745670561 0.547248789587497 -0.80701454355072 -0.590466695598389 0.00874815637043055 0 0 0 0 0 0
31.3329113188872 48.8032138098742 2.64719560619586 -0.360488641549475 0.405702439725862 -0.839912715778373 0.924841996092248 0.272566031026218 -0.265282737172553 0 0 0 0 0 0
85.1144060380157 50.0268831189574 48.6655228584967 -0.891152770078054 0.19897825819314 -0.407742907552195 0.359700132594075 -0.23787802213358 -0.902235971757888 0 0 0 0 0 0
62.4904038784715 56.1460612417667 124.035378058818 0.643185515672319 -0.168832269361849 0.746865410525983 -0.146563757819895 0.930209467461043 0.336495758488616 0 0 0 0 0 0
89.478154562948 106.445106998037 40.0903038388169 0.00616582449932397 0.477986796930247 0.878345326506169 0.897645894396989 -0.389724474559903 0.205782849377839 0 0 0 0 0 0
193.549239890867 115.13597296826 162.260229729613 -0.710219262780933 0.610829217092534 0.349965986333244 0.517679677677131 0.116271360016795 0.847637071252932 0 0 0 0 0 0
57.4005727270316 110.201199076262 126.025791000133 0.784909431656533 -0.599692921882425 0.155838080079521 0.433747111133909 0.711405186574583 0.552961160679455 0 0 0 0 0 0
4.38686159221056 147.954380112762 62.8591512439537 0.735793028553999 -0.293162979280769 0.610462101810308 -0.410619054174112 0.523694314274848 0.746415548491516 0 0 0 0 0 0
205.892830595543 59.5340153592352 96.8652166146526 0.903924837207576 0.230857830324196 -0.360033940068531 0.245035378994582 0.410411255862947 0.878362206024369 0 0 0 0 0 0
70.0137640931137 76.6904391964267 155.646867378849 -0.269668718492574 -0.827232724419221 -0.492914560835646 0.436004493014746 -0.561293437939138 0.70345552591834 0 0 0 0 0 0
69.5253594826965 81.071203399809 192.848479240954 -0.482235827743587 -0.0143313035057375 0.875924141119235 -0.29856597822447 0.942694089595249 -0.148950316608359 0 0 0 0 0 0
22.0054209037984 129.209743102709 -0.106964887143591 -0.730457902114532 0.47991573200214 0.485913625721878 0.353235172611451 0.874411141561362 -0.332610944319374 0 0 0 0 0 0
67.0472172522782 97.6795905669464 194.51734144734 -0.188665702091274 -0.0561431698577677 0.980435147523384 -0.894806980383963 0.421183706431736 -0.14806976474109 0 0 0 0 0 0
35.9673826830547 117.806308608832 22.9020165365115 -0.341928250298166 0.30160956013368 0.890009346309911 0.938737333555035 0.153060871372292 0.308779001598621 0 0 0 0 0 0
48.9163361461104 62.6428903098963 180.805552112745 0.761954596517671 -0.452317650942427 0.463501715931469 -0.077629019866151 0.646740112878489 0.758749558366432 0 0 0 0 0 0
76.4742745295494 48.4212893827117 189.529513009298 0.838122536167939 0.541764549110421 -0.0635743932278245 -0.482342640252648 0.681630718359434 -0.550204577735127 0 0 0 0 0 0
136.618956284174 114.093976946792 82.3501968584694 -0.829214097362715 -0.438218353040238 0.346941723459084 -0.0991302718454356 0.726187863714108 0.680311928054903 0 0 0 0 0 0
163.225581530198 176.600384679997 13.130172998595 0.584847464645948 0.204913820149385 0.784833520694208 -0.804567267188519 0.0235941570449964 0.593392542234233 0 0 0 0 0 0
109.413191311523 94.1291903859291 112.841269262022 0.994227240330462 -0.107251696898273 -0.00302493954893856 0.0974309985495482 0.890663635926306 0.444100735776719 0 0 0 0 0 0
62.3362247695338 110.328847148333 8.80556243651056 -0.928195843385027 -0.366332606855887 -0.0652134515684967 0.0335224219489676 -0.256877493547334 0.965862355199937 0 0 0 0 0 0
199.955786612852 122.735971724675 89.3335571514405 0.747443774140287 -0.6570060670635 0.0983400457031657 0.285304861690099 0.451148460770794 0.845615815423357 0 0 0 0 0 0
25.2218250973649 37.289420055703 187.413876943178 -0.844716403635904 0.143625318752495 0.515583018040224 0.420006672428424 0.774970787306303 0.472244244351205 0 0 0 0 0 0
67.8110463289246 8.0801491561132 134.855933964676 -0.131102383237134 0.989835047981086 0.0551247719870709 -0.36298298780442 0.00381544451443695 -0.931787890960265 0 0 0 0 0 0
133.329760774179 95.114994769087 206.843934265344 -0.447346967029689 0.8912053775797 -0.0750575881220578 -0.480869983957066 -0.310436490753131 -0.819995814633847 0 0 0 0 0 0
121.393815052136 17.471867750626 130.903931755497 -0.330258230091765 0.347021766085231 0.877784307484554 0.11789987914382 0.937847179622197 -0.32640813686961 0 0 0 0 0 0
136.796059770889 6.34163937772103 46.2244916966904 -0.654818674748865 -0.744567599442991 0.129736424869428 0.0133449110220505 0.160240359392932 0.986987752924575 0 0 0 0 0 0
104.016858150838 39.1160353266616 4.06692079362108 -0.719445589371163 -0.690963628846385 0.0704786864995946 -0.568563053818568 0.527621925026613 -0.631150593789233 0 0 0 0 0 0
142.974500283138 156.614808648276 151.978888853783 -0.931125124196358 -0.0062552057961641 -0.364646069889894 0.316156679176985 -0.512260562184705 -0.798519869955978 0 0 0 0 0 0
115.849732010519 187.465217547172 65.1449793781756 -0.110643580846305 0.95948265015246 -0.259135162819564 0.739596852990299 0.253659483088172 0.62342060452579 0 0 0 0 0 0
85.4869202086843 13.3218489142112 8.14903896282564 0.782455378951339 0.576951209256009 0.234287862597239 -0.473014218701235 0.795387722699788 -0.378966853025937 0 0 0 0 0 0
136.58851446848 135.424323877392 40.7709127883088 -0.705787019489987 0.463132521303105 -0.536071690346536 0.633793745942749 0.750869594749066 -0.185742529558436 0 0 0 0 0 0
9.41259356711633 4.08760762655143 113.362997412069 -0.566606580482271 -0.60897932139574 -0.55506854897998 0.330655738620055 -0.785060941305748 0.523780541081495 0 0 0 0 0 0
10.118931282666 52.1690500535481 170.117234052464 -0.594296087631939 -0.412189560213196 0.690588030392228 0.286351916042145 -0.910853612417083 -0.297234346297602 0 0 0 0 0 0
24.3215122386172 114.251354926472 140.155306123412 -0.729457112194759 -0.470903040457505 -0.496127559385374 -0.684024604039778 0.50048639141082 0.530682224812407 0 0 0 0 0 0
87.7001317550777 37.0694406495615 35.3615540988581 -0.657717566677078 0.181981743976494 -0.730951525124794 -0.190087012821612 0.898874522954677 0.394830972250715 0 0 0 0 0 0
104.078984927275 96.3200730651567 18.3753041957436 -0.378126210622107 -0.710077020085742 0.593979069735522 -0.788600677106785 0.583136141373342 0.195092629328996 0 0 0 0 0 0
49.3583503126741 21.3724488713769 141.416998000269 -0.142483100806427 0.169877192498895 0.975110347439801 -0.355806763380716 0.910517948820918 -0.210614794418196 0 0 0 0 0 0
6.70297877205795 136.147746809236 109.504324378347 -0.00254714857532211 -0.994713655183509 0.102656003080942 0.920475946590138 0.0377850732751877 0.388968123305094 0 0 0 0 0 0
23.7232548835277 189.24581527907 106.003995701143 -0.809709075826178 0.382455118721031 -0.445083355020699 0.585806070648895 0.571604482094331 -0.574542847297519 0 0 0 0 0 0
140.397652343854 103.060981313016 163.783583835207 -0.438395524760728 0.256148391988697 0.86150870788614 0.130393178355343 0.96651411405643 -0.221016014166658 0 0 0 0 0 0
31.3357431592834 173.210285072009 76.4161390683798 0.366740895020484 0.153799650629244 0.917522025346758 0.636185075782749 0.678139304630826 -0.367961368186869 0 0 0 0 0 0
147.456399680392 128.815873316937 54.6688870482538 0.523994240219687 -0.720425012323106 0.454332235811679 -0.783239208825653 -0.198014893551248 0.589343982029977 0 0 0 0 0 0
67.7200112824891 189.487103735889 53.8816833105504 -0.415990294197735 0.883070142076559 0.217115575345989 0.427895065039582 0.400750994806945 -0.810126134260528 0 0 0 0 0 0
105.893578780085 184.33808334962 82.6157471867877 0.743928494291331 -0.458133269707941 0.486502012718589 -0.282965518832364 -0.875483278532764 -0.391739092155278 0 0 0 0 0 0
191.892914689683 141.734943988179 121.388183521852 0.395233486630774 0.864954137233581 0.309264937399676 -0.823873351156751 0.184898522563228 0.535765921344261 0 0 0 0 0 0
175.915762088621 168.482066314553 187.444087809181 -0.0443314014426249 -0.179751884224031 -0.982712507097825 0.988217759763063 0.136353955636053 -0.0695207960136061 0 0 0 0 0 0
46.3656789446161 106.415859298319 131.296709933142 -0.373979111096019 -0.324803411204757 0.868701480314468 -0.927382059944478 0.12076470187471 -0.354087961110661 0 0 0 0 0 0
36.9748114251357 70.8654837808712 186.39274843166 -0.541331318934233 0.388230982031225 0.745812983589268 0.7623064464773 0.600863139324156 0.24052503672237 0 0 0 0 0 0
160.26712262987 117.25070088157 44.7398855990136 0.668094293666241 -0.0425390529033521 0.742859559240592 -0.544859100555481 0.651940146001998 0.527354281323781 0 0 0 0 0 0
37.583062921586 -3.29642754602242 173.304567849527 -0.767690778901943 -0.48318381880877 0.420932505103136 0.522621309710402 -0.0919587482007522 0.847590960938548 0 0 0 0 0 0
166.411573516788 56.3625088845752 85.5493045028448 -0.588665649901913 0.751577083990194 0.297665227352114 0.57582101308192 0.648296287952587 -0.498138549816372 0 0 0 0 0 0
14.5594718686504 15.3928965254997 7.64840877121355 -0.177318676115956 0.125123078463874 0.97616708866527 -0.615009625889599 0.760271672742992 -0.209165229861305 0 0 0 0 0 0
25.2081698509765 198.023748104606 134.948247615549 -0.248461850740037 0.277541305977578 0.928028783053847 -0.820663324354173 -0.569266595274051 -0.0494688890846093 0 0 0 0 0 0
76.6115053970707 171.732007007433 185.334921468093 -0.880451327276693 0.314844355088191 0.354511473683672 -0.459047668954863 -0.753172819838595 -0.471175009415781 0 0 0 0 0 0
96.9174586300299 132.826789592237 157.980779329355 -0.94507710377857 0.319973423648282 -0.0666796000888336 0.139913664099514 0.580423032417155 0.802205205037439 0 0 0 0 0 0
36.6239090191142 180.09945695058 53.7295830968648 0.383364290379538 0.923470333660535 0.0153083690443902 -0.835800573155966 0.353927452955758 -0.419729264740789 0 0 0 0 0 0
45.4960428114241 173.911468817922 101.98241144391 -0.150076739705816 -0.987854129147845 -0.0402639894522696 -0.241847086181225 0.0761689352298969 -0.967320092675604 0 0 0 0 0 0
57.3748105993113 12.8066573429638 86.4237496631999 0.437654976097247 0.493454684168046 0.751638547699495 -0.241782097939514 0.869746833118106 -0.430211383350918 0 0 0 0 0 0
160.38115372839 32.6015390371353 3.0517957704054 0.795680834090518 0.552069082952799 -0.249222099806655 -0.561657174691543 0.82651143418251 0.0376832788936868 0 0 0 0 0 0
182.535226530093 142.079149123181 166.817191786315 0.487601528222892 0.766972118761323 0.417131237900739 -0.864035100335143 0.355375001065632 0.356583580458027 0 0 0 0 0 0
14.0390021572911 43.9069034300983 161.621261840588 0.256265851353483 -0.814436117202131 0.520597334117027 0.545332177436846 -0.322867170613427 -0.773543469760776 0 0 0 0 0 0
85.9576432897753 79.9386014407122 3.72272523278841 0.513308577564443 -0.265055882067283 0.816247249763219 0.49866073351809 0.866194664404794 -0.0323148021270964 0 0 0 0 0 0
135.579779656494 101.381033510816 148.624025192868 -0.440538690302837 0.104309448050094 0.891653006208978 0.230585859440765 0.973051975138055 9.36352691874344e-05 0 0 0 0 0 0
128.603761738734 44.8013061511638 55.921512210482 -0.325105306400696 -0.544862646783598 0.772936706380989 -0.917176426334836 0.380817329763903 -0.117326307390131 0 0 0 0 0 0
183.584751680403 182.045016459816 98.6330100839017 -0.980565600457687 -0.17598454337022 -0.0867204023083393 -0.100153950360826 0.829099630175572 -0.550057226300849 0 0 0 0 0 0
192.454079388991 20.1501280592808 76.5707468213521 0.658937820175706 0.138501557129214 0.739336290798944 0.662379453051611 0.358929627571126 -0.657588685102783 0 0 0 0 0 0
96.5257908795068 51.2126299222026 76.0779294126332 -0.990244965046598 0.0574123898507291 0.126959079530178 0.0502406634940337 0.996993556542095 -0.0589891789188721 0 0 0 0 0 0
157.194243744712 160.419744999661 72.055622855175 0.878118328646205 0.478352373871136 -0.00933356179291515 -0.298028784897484 0.562148655194094 0.771471095568831 0 0 0 0 0 0
141.305832244682 50.2471655801441 78.7739280523392 -0.699722788365062 -0.276685958710081 -0.658659843631074 0.244577106355058 -0.959021847711987 0.143035398025455 0 0 0 0 0 0
145.72915127389 163.589026465874 92.7811992182267 -0.641051053848608 0.328634105016479 0.693579890888544 0.742186284311395 0.495607365299827 0.451146061616763 0 0 0 0 0 0
185.832491705699 171.439210210999 58.4321639597393 -0.53170695059599 -0.259919576331435 0.806057951621262 -0.782978247651951 -0.21194855794653 -0.584827118586431 0 0 0 0 0 0
72.3997988421231 82.0686494815523 18.0385539912771 0.752270162665895 0.580489019550549 0.311644062199556 0.628150988812983 -0.489192710328184 -0.605075810732561 0 0 0 0 0 0
130.104275559638 48.0037963254567 105.729750622975 0.0410219633503918 -0.585454020729458 0.809667036370539 0.265457127666658 0.787612198092607 0.556057095563817 0 0 0 0 0 0
89.2973839077125 73.8574611192324 36.1601939691096 0.19457497164852 -0.198796076764788 0.960531408009526 0.801722455665739 0.596424904527855 -0.0389661460295563 0 0 0 0 0 0
102.693675877501 148.328410733401 93.8116766319611 -0.277018646883332 0.822168622271381 0.497292054232591 0.91814428861415 0.0738891089328771 0.389295962357532 0 0 0 0 0 0
148.849891075246 158.778259141743 41.0785899868825 -0.658759464106726 -0.0570615773239577 0.75018652748632 -0.451784055717206 0.827328323334809 -0.333794809417226 0 0 0 0 0 0
80.1802632064624 163.172741539772 27.5090928027571 -0.362300072640456 0.932000110391735 0.0106974732203064 -0.763439386316914 -0.303319869720138 0.570225614832709 0 0 0 0 0 0
41.00790171032 60.1385428498359 118.50972748925 -0.867096574812465 -0.4233175267024 0.262575139127444 0.0904936402054813 -0.652199940065696 -0.75262611618174 0 0 0 0 0 0
76.6496590979031 95.9360765657773 161.905184660188 0.50677754717272 0.783304589889852 -0.360014431755989 0.0495494099767575 -0.443388952968501 -0.894958656353998 0 0 0 0 0 0
30.5646462422779 119.249269463559 42.3094138403095 -0.899812124428349 0.1144174176271 0.421006742970475 0.284993028314735 0.884803768135001 0.368647853409052 0 0 0 0 0 0
11.0523715911048 8.53973935832614 63.4232410942588 -0.44750527851963 -0.552021004209955 0.703570716932657 -0.154625009500957 0.822657234825347 0.547107066207088 0 0 0 0 0 0
118.898569581753 92.4608647544996 11.5276278318006 -0.516625520771697 0.220680594735328 0.827283526362537 -0.854178819034852 -0.0663023511384564 -0.515734839486823 0 0 0 0 0 0
80.5336935777538 41.3786390227087 192.378815982418 0.61366702979777 -0.147642642043017 0.775638002020929 -0.0891927648586327 -0.989036086488469 -0.117695657187417 0 0 0 0 0 0
54.782508416193 92.8473651119206 162.990579106867 -0.854999964959763 -0.400356569478595 0.329681023251788 0.368525844635293 -0.0217207031956671 0.929363649889257 0 0 0 0 0 0
54.6181673375604 99.1428600069166 99.9601319258737 -0.840800807728129 -0.506179248373376 -0.191928324053808 0.0872391006578734 0.223210565305685 -0.97085852191882 0 0 0 0 0 0
21.0908853909509 79.2004230528208 151.056791046518 -0.394941639121542 -0.833304719958528 0.386813015489506 -0.876290627238335 0.468146307465832 0.113814227305168 0 0 0 0 0 0
110.734967745426 171.810560529405 29.9995629542619 -0.567035118263487 0.0062000682397345 -0.823670209856492 -0.226087173122981 0.960394123750691 0.162873288045088 0 0 0 0 0 0
38.766953131138 61.4262836159331 85.8449024325128 -0.78123709619911 0.623522542568945 0.0298021067659745 -0.580116105121168 -0.707565385295475 -0.403505229933154 0 0 0 0 0 0
171.408764392083 21.229926924335 -1.74061126675602 -0.433455213592597 0.180173263127417 0.882980213665031 0.756976385251034 0.604443948080521 0.248262341375479 0 0 0 0 0 0
27.9046762287436 65.8671502431366 90.590870301559 -0.636756350989 -0.738810541126673 -0.220681398525833 -0.68226284137905 0.406508560303229 0.607674342196164 0 0 0 0 0 0
141.704789105602 105.141721515443 148.99567940902 0.63063013155425 0.582192492999536 0.513183650818436 -0.775015869029399 0.437755645101562 0.455763427195638 0 0 0 0 0 0
203.046262659102 60.9958965200059 15.8044019089927 0.524274050652911 0.622985552965123 0.580539100893189 -0.336012944856032 0.7777723355577 -0.531192477200367 0 0 0 0 0 0
20.8240877288291 181.53851251957 31.8480911495638 0.335662439682786 -0.655511471093785 0.676487523805907 -0.627734981442522 -0.69111122146244 -0.358209450421469 0 0 0 0 0 0
189.167979885039 177.465542302934 54.62281329494 -0.758347485086806 0.169777010919048 0.629352637757831 0.503254048098638 0.766127911664942 0.399729079253797 0 0 0 0 0 0
103.561591232537 44.5570865060009 69.2471860236406 0.516627332466889 -0.811134192419397 0.274148646648864 0.811552065199265 0.361844222067737 -0.45875036874747 0 0 0 0 0 0
51.2842992253256 156.048020919294 192.592379273758 -0.877730281900001 0.341191483430349 0.33641911143452 0.382170440494974 0.0749893703926999 0.921044097859087 0 0 0 0 0 0
26.782895139949 24.660807214037 50.2024232926853 0.923904754789944 0.373728399040744 -0.0820182008337158 -0.0397320741403019 0.306908776012006 0.950909174164765 0 0 0 0 0 0
59.1574915517882 209.961377576373 -1.10706424658242 -0.914583207492542 0.350506457607987 0.201699467485401 -0.153956768143576 0.15941896212972 -0.975132192000972 0 0 0 0 0 0
103.400385068389 154.104011784797 50.275500053397 -0.999103280314378 0.0313207399249522 0.0284873203946554 0.0335794220753946 0.996016015408831 0.0826106440734465 0 0 0 0 0 0
66.8869031104257 85.2788468312752 6.76715786947443 -0.153578492406123 0.702131229510389 0.695287942349054 -0.919136724901657 0.156814902436503 -0.361381586460985 0 0 0 0 0 0
181.777710617204 44.8246402648235 151.798571244362 -0.0507478145313997 -0.950789668529634 -0.305652832628172 -0.776752155879326 0.229947035477918 -0.586327840295618 0 0 0 0 0 0
75.1076235074634 47.547796393032 102.082713214797 -0.760914935217555 0.625275434779693 -0.173317683523119 0.631339167771517 0.651836288108733 -0.420143118691482 0 0 0 0 0 0
86.4434323964728 37.0192405658384 12.4092064185608 -0.112263688694278 0.815114136210457 -0.568318369530075 -0.502128977699793 0.447003772042129 0.740306708158502 0 0 0 0 0 0
13.6967429706235 162.802252902867 105.398716463674 -0.854872657682446 -0.35441371247755 -0.378924207882411 -0.494767521705904 0.77673397774576 0.389729880804364 0 0 0 0 0 0
184.673406996166 0.186550786492391 59.9564301405319 -0.477000491772859 0.84893410906334 0.227555215323306 0.582984250691276 0.11185731015836 0.804746660690387 0 0 0 0 0 0
26.9235146851845 63.5751389421065 140.775240730313 0.419658013839757 -0.525270943501245 -0.740255024309241 0.905587678829377 0.29766552170296 0.302168966796658 0 0 0 0 0 0
42.2451384458035 197.46184423912 11.2076976065201 0.77864425663404 -0.590736946041465 -0.211525186641247 -0.127178423019566 -0.478695551157127 0.868720971387285 0 0 0 0 0 0
39.5018530188224 87.3463237992605 105.272496583554 -0.460283089609768 0.246592976903008 0.852837187979629 0.06673503793168 0.967541454349237 -0.24374158696229 0 0 0 0 0 0
119.315179288007 92.1143380607938 130.02626846417 0.0320158332685706 0.860872809214533 -0.507811935574729 -0.603148438555457 -0.388493594636203 -0.696623705293897 0 0 0 0 0 0
164.746611184173 -4.57361244106306 58.8724371721937 0.389840129317485 -0.864904393432243 -0.316172474705969 -0.554337290928441 0.0537578889841585 -0.830554115270816 0 0 0 0 0 0
15.0045081437795 131.826026890256 157.03902125919 0.670401197064775 -0.648535463094769 0.360505088747022 0.23087079554204 0.644058352506141 0.729306139130144 0 0 0 0 0 0
119.803439519929 191.33052243539 66.6960963526679 -0.745505653393574 0.398641424087001 0.534140651415862 -0.201223635482333 0.629394110932782 -0.750581127967068 0 0 0 0 0 0
7.73765913170868 143.294857165553 164.520786619814 -0.915401954551653 0.246741990323375 0.318052731261107 0.313195737398298 0.932920556437395 0.177672873549917 0 0 0 0 0 0
-8.3153402468869 105.289814592765 148.826518526092 -0.270190147438257 0.023892788406016 0.962510415397284 -0.888845425321333 0.378056305125483 -0.258895998171265 0 0 0 0 0 0
8.09877487136585 135.46459599405 112.742720762826 -0.893335982364493 0.434760357791882 -0.11372843632436 -0.149705236576959 -0.526527733167692 -0.836873229459518 0 0 0 0 0 0
193.917524857159 189.272824166932 132.273858695895 0.527833504838945 0.73620627256095 0.423546999533054 0.332495922608578 0.279767478783285 -0.900653379155997 0 0 0 0 0 0
130.17890479951 117.76456186153 128.945137027454 0.92563136193028 0.0961204482961491 0.366015468419781 -0.288440258209479 -0.446896469121739 0.846809109498327 0 0 0 0 0 0
60.1734292072936 -6.66454384448664 79.0423411511535 0.371740008712498 -0.904526378390201 0.208905181943067 0.54614957798819 0.0311203458372178 -0.83710933780747 0 0 0 0 0 0
11.2882675836781 108.422188957225 157.706673656213 0.35949975679997 0.748450986867776 -0.55729793888605 0.54434428203183 -0.653286009842093 -0.526219178319272 0 0 0 0 0 0
93.0568107852397 50.3113968318638 84.7089410755525 0.589383496576699 0.597950560574465 -0.543214639424507 0.620187964237467 -0.76579738207441 -0.170062368922273 0 0 0 0 0 0
189.541993912581 83.1032555053693 110.148050345145 -0.436028607129828 -0.607398068207417 -0.664038075168285 0.12460942426028 -0.771516699185118 0.623886548991581 0 0 0 0 0 0
84.769489522074 167.619135138993 90.4321716302909 -0.328066004996498 -0.935469484807708 0.131413562733727 0.298137344069821 0.0294704786067273 0.954067867531409 0 0 0 0 0 0
30.2541798855971 28.0223269410404 45.9188953667692 0.141669749077677 -0.914278674660543 0.379505161619248 0.988532077790987 0.150912168749301 -0.00545270641586114 0 0 0 0 0 0
146.890968907882 56.5401500055377 168.548884987112 0.529668132819929 0.238506179627679 -0.813981792748715 -0.390707225737545 0.920385397496725 0.0154455691144981 0 0 0 0 0 0
134.905817433462 155.750656097635 27.2207358709119 -0.908053656331345 -0.284031238373714 -0.307838761787655 0.341230049256482 -0.92786189365284 -0.150447144249016 0 0 0 0 0 0
9.50066129043511 84.5605423432802 77.0163275753509 -0.156775174145169 -0.782411467376886 0.602705395907227 0.945581305669518 -0.29508798849475 -0.137109316187985 0 0 0 0 0 0
66.7883926173306 120.751258043586 202.099560170706 -0.438741017803055 -0.115215987237105 0.891196655040461 0.837981159198671 0.305662662694141 0.4520595153198 0 0 0 0 0 0
195.233701360587 55.5373516829976 75.8953529700604 -0.051055008166617 0.774914919882902 -0.630000163062726 -0.993789263611523 -0.101874079149637 -0.0447711241293248 0 0 0 0 0 0
181.284225329984 67.6245809001643 92.3395949248335 0.573188444600729 -0.34325379244831 0.744064335781777 0.799451490544475 0.0349986104140481 -0.599710173727307 0 0 0 0 0 0
31.2285486976737 146.432756404567 79.3243111051266 0.666373245440758 -0.545336296806262 -0.508482976498681 0.505698753039853 0.831693599389699 -0.229247663363496 0 0 0 0 0 0
131.397892172393 13.7387771852943 6.32227435561889 0.776771415563395 0.294523995766893 0.556670167165962 -0.139763979860197 0.942484573770786 -0.30362615964263 0 0 0 0 0 0
196.65924620018 91.2359670031986 117.284955918408 0.853148849617509 0.279416149618947 0.440526441687935 -0.336823391460341 0.939891549985287 0.0561592675446285 0 0 0 0 0 0
4.94375639235177 80.971655126522 62.0144360986109 0.806869094550759 0.549315426862435 0.217289536866359 -0.273657228022771 0.673561480336809 -0.68660511841347 0 0 0 0 0 0
48.3754106108594 105.399643519025 6.94599633214853 -0.647558611046964 -0.268137960461809 -0.713280988657284 -0.561928324624778 -0.464201956027614 0.684655393963167 0 0 0 0 0 0
89.1357348730744 168.667576832407 90.866579939121 0.381977196862361 -0.914890524308994 0.130647350446163 0.311494664046881 0.260548514606194 0.913830090711688 0 0 0 0 0 0
167.524007254332 165.366862690356 179.969427497657 0.997634896103092 0.0537936739828396 0.0427870991360124 0.00946139264526746 -0.724042161049703 0.689690781695921 0 0 0 0 0 0
104.314380419281 48.1653417693332 175.002780526139 0.552683380788073 -0.171197827265997 -0.815617722235511 0.275129121828366 0.961284910579192 -0.0153387731900214 0 0 0 0 0 0
168.477587187856 61.7485070761792 61.3514504763479 0.63447842800935 -0.772547438629381 -0.0246481519855142 0.772838302649819 0.634590468559509 0.00397793509881242 0 0 0 0 0 0
43.1145039631775 137.178490592159 160.869447093796 0.962318409378683 -0.0888730456636764 -0.256991716710134 0.249250121565342 0.666107479054304 0.702975914901319 0 0 0 0 0 0
45.0235260044596 141.848736194176 146.485945719478 0.627697104932358 -0.0402229282840155 0.777417739367558 0.660934383810051 0.555174506997983 -0.504922691716675 0 0 0 0 0 0
23.9022748250183 107.314236460651 44.5975470242265 -0.398209490060984 -0.192559020223868 0.896855680121765 -0.736308750772712 -0.516000398090954 -0.437713291135263 0 0 0 0 0 0
69.0064111758485 61.5251810891244 80.4050588195676 -0.670226741626276 -0.2760142359218 0.688921001458124 -0.448622521977652 0.890150401969888 -0.0798127176304656 0 0 0 0 0 0
190.916635342665 134.100530525928 7.15189523484777 -0.242973571228697 0.304755406094153 0.920916868128251 -0.624536515685419 0.677278503611954 -0.38890603568653 0 0 0 0 0 0
199.460760544948 100.069537154555 106.850827159587 -0.957081688688909 0.0962319822922948 -0.273375069556747 -0.0913192501681265 0.795082062601294 0.599587578613769 0 0 0 0 0 0
108.438946245541 12.0430686477251 31.2570099067302 -0.309258189628357 -0.94324854542794 -0.121002233653783 -0.940218959310582 0.28418841241109 0.187683630673075 0 0 0 0 0 0
92.1921252826911 71.0771583490387 203.425067733134 0.920412284760666 0.390418641707455 -0.0203570437529265 -0.378066945800527 0.875619958202131 -0.300591160017828 0 0 0 0 0 0
66.1217973837082 202.424387732547 150.28741668279 0.204963366669365 0.749577026049811 0.629384022765283 -0.321770427923174 0.658897410029635 -0.679939649759673 0 0 0 0 0 0
71.1218138336056 185.673621645379 87.1422035369295 0.261065158712242 -0.614964666953755 0.744085591298789 -0.869083008805019 -0.48523875522697 -0.0961144270727912 0 0 0 0 0 0
181.514286586675 208.671528145227 77.1325097427706 -0.150915120622849 -0.483372973332931 0.862308009740472 -0.962630448071922 0.270286527594876 -0.0169618084257768 0 0 0 0 0 0
150.69652569664 89.4305382690781 125.179503688462 -0.766816675782205 0.355255288731169 -0.534589339031872 0.529192752401377 0.821247442178198 -0.213325175993682 0 0 0 0 0 0
154.331663897282 156.782689828927 95.5759796969872 -0.380938360871354 0.893408465918019 0.238132849862603 0.685314448900836 0.445717019083818 -0.57591696406691 0 0 0 0 0 0
146.808075754337 95.1612191522786 18.6796690153508 0.389270517030758 -0.488542898200333 0.780893213206212 -0.0491606019446023 0.835534692151059 0.547233933013446 0 0 0 0 0 0
135.603505066078 117.688885044378 139.924541758019 -0.143049357669922 -0.0467215124522856 0.988612089039647 -0.968656619205412 0.211569845285457 -0.130163131347486 0 0 0 0 0 0
136.286697240442 177.867061225893 24.2146962591488 -0.404664430964817 -0.566402827722116 0.717937639419196 -0.893712687083008 0.41125979843608 -0.179284444641243 0 0 0 0 0 0
20.9993027925237 157.888616307722 155.27966480215 -0.209705462892339 -0.510710545667201 0.833785505547404 0.088779130635204 0.839278793058057 0.536404081124557 0 0 0 0 0 0
107.346389513294 23.5070243437134 43.7694988925816 0.0379181866851305 0.997005636298424 -0.067394151043251 -0.865664303989585 -0.000917453560561529 -0.500623962538756 0 0 0 0 0 0
109.818080875356 157.77079477201 27.5792278832746 0.718701464602281 -0.303408259832796 -0.625628903111483 -0.268712888873306 -0.951064387311585 0.152544757888638 0 0 0 0 0 0
136.443896791487 194.563406761755 135.454555887668 0.768586603311369 0.0259722132562269 0.639218239899321 -0.339353726174969 0.86356830890094 0.37294610077624 0 0 0 0 0 0
184.32343766043 10.4911880846018 95.7696892475888 -0.49159896423966 0.810107750073508 0.319461814078088 0.870437574541044 0.468017137850488 0.152637788269003 0 0 0 0 0 0
179.777024294069 110.851326116241 54.2468368247913 -0.244261862137562 0.164714240261754 0.955617729944905 -0.813371425663594 0.501759365014433 -0.29438813552422 0 0 0 0 0 0
84.1409648944584 163.753961421338 39.1752350131684 0.426563751110994 0.810711079127228 0.400987370823307 -0.724761905841128 0.571610177053852 -0.384684162750354 0 0 0 0 0 0
37.6258261905125 98.5030039943018 162.39132780666 -0.518272552121379 0.851806525578516 -0.0762834974641008 -0.34833726425784 -0.291719483510545 -0.890820287266264 0 0 0 0 0 0
86.2698109771295 63.1727145124312 183.63273714032 -0.0994320737117151 0.602426320514793 0.791956889686701 0.135364329978552 0.796691447149152 -0.589032420723806 0 0 0 0 0 0
134.29593977191 37.2420329664654 151.917490909019 0.66343621541859 -0.277644093133467 -0.694813669698051 0.0752022570088101 0.948646809289872 -0.30726835150362 0 0 0 0 0 0
64.3341630713376 35.1921987709615 157.818907830229 0.502436775793614 0.320004669883029 0.803214909337021 -0.00786366884222226 0.930639697067168 -0.365852293954523 0 0 0 0 0 0
186.734032751418 185.500550792864 81.9364486050376 0.108350842351443 -0.185135803976501 -0.976721410599941 -0.981274471301779 0.137472283288176 -0.13491355136735 0 0 0 0 0 0
137.488904383604 163.816118995246 132.43380556264 0.706058842087287 -0.62469345951162 0.333524992264357 -0.670614879957324 -0.438523740522749 0.598308043981351 0 0 0 0 0 0
25.9997756349527 77.4468883602264 44.7426490467662 -0.0610324677606407 -0.992360616032125 -0.107216807511578 -0.941528031608761 0.0215777385174948 0.336242840431771 0 0 0 0 0 0
101.322990071299 187.647825416893 169.078361668085 0.556739140515849 -0.694573036012953 0.455642146165695 0.600760763754433 0.71548196121855 0.356611847419179 0 0 0 0 0 0
174.455888768838 188.211935858333 29.6370003690203 -0.0312601538213906 -0.907383795633934 0.419138913899857 0.984249947537658 0.0450544595744377 0.170944486536625 0 0 0 0 0 0
161.282983206785 187.502672284814 39.1424077250405 -0.294052410172657 0.638090208017847 0.711599603591261 -0.920968951828 0.0099684933373264 -0.389508279388231 0 0 0 0 0 0
139.389770158636 147.025464666112 139.216249053201 0.671229148732963 -0.189115179505062 0.716719445687201 0.662742769822089 0.586181968023783 -0.466007127804336 0 0 0 0 0 0
75.7533377058999 149.233548377247 137.307184163337 0.369126795309831 0.0382708294221808 0.928590670621318 0.73244709945334 0.603040890999533 -0.316010845426299 0 0 0 0 0 0
201.171087089563 167.09216288488 43.8673638410616 -0.813611591395495 -0.284046670249618 -0.507300264021046 0.579328366606863 -0.322321716776724 -0.74865696264328 0 0 0 0 0 0
75.608082198651 56.9721843239625 110.14923999107 -0.804277637108233 -0.1338574232178 0.578981481244234 -0.499102458573968 0.680979096826303 -0.535876983647359 0 0 0 0 0 0
90.8239721555657 49.8065557748162 25.9201321204415 0.0485539366460544 0.861337917910606 -0.505706906852222 0.0533237895313338 0.503346713422177 0.862437574871617 0 0 0 0 0 0
107.31859378497 147.59288973687 167.46916972034 0.612347255444039 0.438491203344771 0.657842083672843 -0.0701476546096176 0.858944345581275 -0.507241447920341 0 0 0 0 0 0
99.4801832572076 12.8788475370808 109.73143025666 -0.476376571036527 -0.629014349310083 0.61433397992169 -0.727707726891235 0.674209125371094 0.126029577748124 0 0 0 0 0 0
129.237142025493 154.757750084696 3.13413103674336 -0.784248425873765 -0.00698732484341833 0.620407498828456 -0.535257092002405 -0.498071218909438 -0.682220504469591 0 0 0 0 0 0
50.3739987554712 -2.38131748529526 43.0459109089996 -0.849996292026913 -0.458080287497337 0.260132004090552 -0.306100679236176 0.83137426149569 0.463809416333707 0 0 0 0 0 0
127.041775870544 186.188016741967 14.0173509091116 -0.475044718051728 -0.778103113548202 -0.410959868482383 -0.647090206750286 -0.0075940713476904 0.762375547355647 0 0 0 0 0 0
117.969205948262 8.95733905834229 94.3084203886766 -0.670716769364147 -0.0493541346952008 0.74006963575281 -0.726230676971744 -0.159107233969803 -0.668785298681236 0 0 0 0 0 0
169.52136428288 16.0075514487044 104.387060943579 0.748090608770876 0.643345297985799 -0.162687426554776 -0.108955825548523 0.360913521676049 0.926212693860966 0 0 0 0 0 0
125.825760651222 154.449218318171 195.904137404355 0.0658073534964113 0.596939216935131 0.79958294552847 -0.877319656968688 0.416367057831225 -0.238639045644961 0 0 0 0 0 0
138.997831287902 168.361701403307 154.025387435434 -0.664869639769473 0.472600380840088 0.578443730676416 -0.746956038231235 -0.422960017126075 -0.512992595442945 0 0 0 0 0 0
107.789654097661 109.91761717408 87.9109032539729 -0.265473939310656 0.621689817167908 -0.736902493985134 -0.714693282256747 -0.639901559061761 -0.282381721453817 0 0 0 0 0 0
183.237446701088 148.82817502054 25.3714401142672 0.351292787028714 0.277593755085977 0.894167196275756 0.740934908829895 0.501420671425795 -0.446757967927574 0 0 0 0 0 0
15.5034454417254 200.362294619184 19.4906673178804 0.224537126535099 0.957495657108314 -0.181066660397813 -0.261705444914611 -0.119732701183893 -0.957692133657227 0 0 0 0 0 0
121.934559694355 146.20452452594 190.361956739589 0.41988934581121 0.51127208055649 -0.749862459968206 -0.412826083541633 0.843397665312378 0.343882201458462 0 0 0 0 0 0
159.526812861243 153.082939134647 68.8465587229198 -0.745843863457139 -0.104547816197872 0.657865159105784 -0.441067642128605 0.81760028447425 -0.370120345797561 0 0 0 0 0 0
35.4557415149875 0.285071184629037 89.1659042638931 0.313112177716386 0.00487888369794719 0.949703554512207 0.566049773836567 0.802000288465572 -0.190743671736152 0 0 0 0 0 0
119.523349734957 79.1420835680545 127.08832332537 -0.550367447411755 0.122067789162656 -0.825950973269843 0.834220717579839 0.120948800629303 -0.538002848060758 0 0 0 0 0 0
116.682837090904 171.558909343184 185.329091944429 -0.678743618185806 0.0212050945294146 0.734069019631227 0.336161733388495 0.897680558447529 0.284894508272375 0 0 0 0 0 0
50.1483435638185 13.0897880762799 3.76658556858691 -0.338301035104441 0.706006281054095 0.622179621146016 0.927838310468653 0.1398977939375 0.345752165578052 0 0 0 0 0 0
106.748869031709 144.716344282154 197.907931173809 -0.0822293932022048 0.954863522805027 -0.285436453858746 0.559623750837675 -0.192750104753955 -0.806020185749317 0 0 0 0 0 0
9.83177094420674 155.896891933049 100.29998905906 -0.279323054644795 -0.841940579715166 0.461643430221501 -0.344748913662435 0.53665928071695 0.770159021288665 0 0 0 0 0 0
33.0138250513431 138.867363538897 196.436705826042 -0.457144259218334 0.75958831915599 -0.462649609571786 -0.146332733522029 -0.57733407350179 -0.803288254114744 0 0 0 0 0 0
131.772121617516 134.192889996713 113.433672551041 -0.191214346621534 0.981335795111355 0.0204236742751483 -0.290395326119896 -0.0764354715717549 0.953849073355162 0 0 0 0 0 0
74.9586018330676 132.410118549677 97.8994452693259 0.127394128463118 -0.982748389436174 -0.134075855455411 0.910713647580257 0.169446611091058 -0.376680743222018 0 0 0 0 0 0
63.7686581359146 109.960905820976 20.8222805961897 0.00973891681678755 -0.838728540369777 0.544462628394965 -0.300601436413414 0.516847721005696 0.801565419883292 0 0 0 0 0 0
164.912648335486 136.232716877929 63.0176314999915 0.930843597323478 0.235386986158799 -0.279505011519848 -0.164043965161337 0.952663699171336 0.255971566304904 0 0 0 0 0 0
96.6259414090458 23.4407872183607 62.6469480024215 -0.704364014339967 0.681877273009675 0.19726798035574 -0.709156161650958 -0.688152845405111 -0.15343773002789 0 0 0 0 0 0
51.5676099899378 126.864864881144 99.6344508999475 -0.91186865834446 -0.397170432058783 -0.103687498873399 -0.338187254500771 0.583741215895453 0.738156822883773 0 0 0 0 0 0
78.7510224502178 176.979405080198 167.315146494515 0.846221767247215 0.532173447681647 -0.0264585859681591 -0.379735521971555 0.567503911254133 -0.730575227644343 0 0 0 0 0 0
164.045254107932 3.6930006129317 84.555779088003 -0.986058606735948 -0.0329815243879456 -0.163096670877722 -0.163032510949948 0.387628052512572 0.907284295015201 0 0 0 0 0 0
35.4159434193838 44.6122354603377 7.02053492929443 -0.123375147452072 -0.808189575023051 0.575854271903864 0.955514335818974 0.0599088728719449 0.288796056438114 0 0 0 0 0 0
181.810891756942 2.99976062004413 125.286285777688 0.900226617723089 -0.424057964781331 0.0988270280637464 -0.352402103228166 -0.842880078174472 -0.406652058816294 0 0 0 0 0 0
21.9693754113736 149.222393244844 48.2877274425783 -0.392505808901441 0.573617309697317 0.718959172699809 0.630105014842003 0.73713728023984 -0.244123423532444 0 0 0 0 0 0
123.122606559361 21.380766453873 120.609216836933 -0.225736410576653 0.969591168161525 -0.0945305898814421 0.974096456149155 0.225982786215255 -0.00823172707090047 0 0 0 0 0 0
149.007877292386 74.6162766951251 116.063475251779 -0.895386977057841 -0.0508744321939562 -0.442372958671105 -0.0192466474661952 0.996945182782963 -0.0756958939437574 0 0 0 0 0 0
25.5430442009595 193.759252426655 95.1257836045013 -0.793479567880493 -0.543691922062566 0.273476114622783 0.427896949953028 -0.178851207674874 0.885955038553365 0 0 0 0 0 0
93.8837212889903 105.143035866799 56.2775140219235 0.356595419162597 -0.933884586722899 0.0264437227258316 -0.818400706369536 -0.298596496295132 0.490978927891528 0 0 0 0 0 0
7.26710791325935 191.782319407687 151.158234288588 0.131545089983144 -0.98725717968853 0.0895496925511491 0.414820268179939 -0.027224431116375 -0.909495935305149 0 0 0 0 0 0
165.075206607049 151.044080018571 -3.0131341031314 -0.230279325574793 -0.898839022899505 -0.372907254189501 -0.428165700955944 0.437706205045344 -0.790624635474589 0 0 0 0 0 0
61.3917404049404 109.266692888566 148.951879838816 0.189881684954228 -0.774550111606167 0.603338232368459 0.324386423687745 0.629500973138702 0.706046670535629 0 0 0 0 0 0
102.918099602417 62.5759037892438 194.837018598961 -0.322288484705781 0.227244020595632 -0.918961465283643 -0.772758882941572 0.497560427616881 0.394052331559557 0 0 0 0 0 0
167.366758722766 3.62351594247302 195.495538776707 0.525811775900595 -0.689485773332042 0.498127776939494 -0.562627496996213 -0.721128594611949 -0.404257087061508 0 0 0 0 0 0
178.771444769156 107.692881187207 195.528897306392 0.959798328165064 -0.121160120953127 0.253194148595218 -0.0218621261009523 0.867032319896884 0.49777201016358 0 0 0 0 0 0
118.056120197449 13.6282962481409 35.4036300062008 0.998473827916425 0.0188246092126861 -0.0519184927253018 0.0236419983585048 -0.995310993812989 0.0937927523494706 0 0 0 0 0 0
64.4240760979062 47.256147891717 91.1990430157012 0.303282545926288 -0.617446454888442 0.725795769428456 -0.731541758013052 0.337219582728551 0.5925618142054 0 0 0 0 0 0
184.852000922022 190.186380066789 125.610590904159 -0.269403554045449 0.312764587089501 0.910823764831809 -0.407818948605466 -0.8938520749894 0.186311967492762 0 0 0 0 0 0
88.3748198465127 10.2523734193668 99.4717204994956 0.238399454132585 -0.825090669190924 0.512241202783151 -0.363373115416011 0.41335410672618 0.834924105894941 0 0 0 0 0 0
101.250964769666 6.92554470536083 20.5422231015415 -0.816316419433558 -0.150151634868583 0.557747141084385 -0.272934478312041 0.951289821710412 -0.143368177529534 0 0 0 0 0 0
89.6196640486768 96.241185506911 110.111080869811 0.175814879862271 0.910190202480716 0.375023869742054 0.723687559366194 0.138755784149221 -0.676034785990787 0 0 0 0 0 0
92.4919217402368 131.200246437589 116.169719027555 -0.453723033365571 0.0415632693126023 0.89017289592205 0.041058788097478 0.998825931116736 -0.0257086555268487 0 0 0 0 0 0
144.535016014252 63.9252855783087 95.1241732315854 0.948199554066112 0.205548416763048 -0.242213418006417 0.264924950587099 -0.932401592416512 0.245849599234177 0 0 0 0 0 0
80.2013952218966 11.1171638371029 8.83937808287132 -0.844949835151523 0.456304839761593 -0.279008198623865 -0.045002111724337 -0.580465884172455 -0.813040028663661 0 0 0 0 0 0
149.799008651476 176.004237799758 94.4227172947874 0.151047377561722 -0.988242955382385 -0.0236758966502056 0.330980636217763 0.0731278084575265 -0.940799672357133 0 0 0 0 0 0
116.953506436846 153.787533479787 141.642678217481 -0.345988281493712 0.669449553742547 -0.65736545260517 0.730420618031432 -0.247562194796367 -0.636552094143816 0 0 0 0 0 0
78.4136141725706 40.0005185480399 56.404499831075 0.414521438357327 0.803869261479734 0.426574900122645 -0.308083349854446 0.565024802049249 -0.765396329662161 0 0 0 0 0 0
101.847200063545 38.1347097283567 20.1301097366448 -0.143880962249156 0.850668244479728 0.505630075836995 -0.859690937385592 0.145618343118592 -0.489618906541603 0 0 0 0 0 0
25.4336505228683 143.840287690424 128.080505156246 0.345283803003489 0.704392901705981 -0.620169069970759 -0.32605316989383 0.709683176743212 0.6245310719895 0 0 0 0 0 0
77.7198229632639 153.430579203333 135.30677918399 -0.981511537872499 -0.117117548125888 -0.151388451904297 -0.176933871001108 0.253505891753312 0.951014750984787 0 0 0 0 0 0
190.63606191194 174.415750130117 -4.0305003592464 -0.013570310632621 -0.719976842734587 0.693865358106391 0.993953030023274 0.0659070964129096 0.0878265908395543 0 0 0 0 0 0
186.198626651382 51.8348356303225 121.203859903538 -0.701886122148544 0.669615449302742 0.24283936219799 0.689758134305476 0.553893720379381 0.466299667646925 0 0 0 0 0 0
172.620033074009 196.511977673172 38.3334036324621 -0.579850775203943 -0.81430377639398 -0.026122750298708 -0.101976110010871 0.0407294606065865 0.993952647269583 0 0 0 0 0 0
-2.06001426713065 29.3965295861307 71.7383549693335 -0.148484893787729 0.592556423465243 -0.791725358931225 -0.988914613006649 -0.0890308451634199 0.118832985854198 0 0 0 0 0 0
47.2815936878553 162.337867664693 25.5179087722914 -0.471242253636801 -0.0406256471725338 -0.881067634274786 0.41219798498104 0.872993935326427 -0.260718970738897 0 0 0 0 0 0
48.031576812481 178.254411904289 55.515967423308 0.920969120321548 0.276366013039911 0.274659054367915 0.24913645832554 0.124297855481289 -0.960458718992257 0 0 0 0 0 0
48.7378604133745 83.0288320673248 3.50944826176276 0.0900827663498514 0.590319459722552 -0.802127142672555 0.437502545326061 0.70007373404609 0.564347613574782 0 0 0 0 0 0
32.6815233400628 174.387763096565 64.1306533105483 0.66967296140445 -0.551524697360919 -0.497351535653081 0.0654337056319181 0.710906631989042 -0.700235768722908 0 0 0 0 0 0
80.245663735019 167.203326686306 105.297129664268 -0.567148866139964 -0.0289168188036931 -0.82310744263238 -0.808870897074082 -0.168698465885173 0.563265997249856 0 0 0 0 0 0
127.763911067035 151.193376029361 166.80597693443 0.0926293389137959 -0.330843681587148 0.939128403236387 0.395982269053314 0.877628971179998 0.270121091643224 0 0 0 0 0 0
130.32485220902 59.0533086404582 174.121643270991 0.541739749998806 -0.234100284686023 -0.807288664174654 -0.663366038229149 0.47075118223927 -0.58166891867521 0 0 0 0 0 0
42.4063700565596 107.32160875507 125.262967141959 0.419283125576879 -0.665824796699784 0.617153898428162 -0.883210361271352 -0.45647523547062 0.107562645817638 0 0 0 0 0 0
72.2171887805815 115.945622062007 88.3157417043532 0.0770255839623808 0.235357745292111 0.968851731969547 0.992800748349282 -0.10750454394178 -0.0528141011228977 0 0 0 0 0 0
148.378864919487 73.9297824233799 75.7959212465893 0.676068503746053 0.657110266484638 0.333372776614443 -0.00552756193380222 0.456946754849156 -0.889476820931014 0 0 0 0 0 0
185.307932475476 19.7994292161498 181.127519618003 0.84666349523918 -0.314477870584576 -0.429260395706449 -0.296972694038902 0.390130538495817 -0.871553372354692 0 0 0 0 0 0
89.6653502539629 30.1383477207235 26.1128904935609 0.0443237913237778 0.30129313597312 0.952500781810919 0.10249190248601 0.947035574641714 -0.304333727993721 0 0 0 0 0 0
89.3536278692616 57.9649370819501 19.4637177766768 -0.460687678212351 -0.409470828798669 0.787464541604481 0.424849257058832 0.677242109544419 0.600704727219004 0 0 0 0 0 0
114.61373250115 48.5447172614554 9.35788457012477 0.464566714867603 0.00332884673584978 0.885531798982148 0.30730165963458 0.937244137471953 -0.164739498201281 0 0 0 0 0 0
18.8144941146539 98.4801747822737 90.5944358155415 0.119027870699674 0.525242886516906 -0.842586606728516 0.447533727279781 0.729144302758812 0.517747132169687 0 0 0 0 0 0
203.79665098487 134.954926869155 192.354220409626 -0.0383136135482232 -0.426642192540006 0.903608548571305 -0.149469262262182 0.896546118535388 0.416969991232559 0 0 0 0 0 0
141.764547172804 15.4578873428134 163.608230434129 -0.372904799504151 0.74231251840607 0.556699274296954 -0.915786568021634 -0.390955995669039 -0.0921318093441845 0 0 0 0 0 0
126.154682990356 127.919849513533 30.1172747477404 -0.257734207911427 -0.299024104172599 0.918780471410829 0.623730574740861 0.674741950841249 0.394567364302084 0 0 0 0 0 0
148.668149294944 100.044732682021 13.2329075775359 0.265389701367483 0.193467195098931 0.944530907954477 -0.74504972007021 -0.580636407781694 0.328271530234432 0 0 0 0 0 0
140.698822696972 123.607994173248 60.6069054299323 -0.111861768092607 -0.557484763104315 0.822616314927817 -0.39424828271178 -0.734977471563447 -0.551703138526174 0 0 0 0 0 0
102.368091775773 115.356947496804 172.998505073305 -0.699341608762045 -0.697853996763949 0.154664321355499 -0.0884668448716689 0.299219024933666 0.95007446231332 0 0 0 0 0 0
56.2961677682384 177.013908796028 97.0617793578783 0.607451040671145 0.639242511502289 -0.471563542037668 0.727279258612187 -0.686310790228734 0.00650508640192661 0 0 0 0 0 0
58.7244621087875 154.361752904361 171.348722956751 -0.818024166599294 -0.423836991121411 0.388842603146673 -0.469449095795848 0.10135488951938 -0.877122918890103 0 0 0 0 0 0
87.1590720132825 95.6693982298626 58.0720475397763 0.778383741078838 0.615189142693213 0.12514390214023 -0.524147490222262 0.746552262905708 -0.409791501223392 0 0 0 0 0 0
8.81257226260484 162.818996955075 37.642406447391 0.185790389298693 -0.33863440757726 0.922392846736067 -0.823784440368472 0.458009379560421 0.334075604974442 0 0 0 0 0 0
102.771564681515 65.4109894405838 104.197376839361 0.637447728580615 0.648977182552498 0.415317879282701 -0.308948160888769 0.709087013727071 -0.633834821997603 0 0 0 0 0 0
9.39783933162877 41.1581547556681 87.2758399810667 0.783019036563062 -0.0822832860028618 0.616531046113855 0.265576625136482 -0.852088777057923 -0.451014123433283 0 0 0 0 0 0
73.7487848850592 68.4793538677827 99.1276910374227 0.713587410906291 0.461430355664806 -0.527138444850712 0.0905515465360865 -0.806885076519042 -0.583726690424827 0 0 0 0 0 0
39.261830556099 67.1562863055503 164.231683626063 -0.857058401837683 -0.191664702324086 0.478242012889268 0.116303254617297 0.832299891967603 0.541987459417562 0 0 0 0 0 0
174.327834952577 65.1054682217891 78.5151567005057 0.288750649900673 0.0136935328248027 0.957306340809342 0.249475385947136 0.964278761018047 -0.0890420939305244 0 0 0 0 0 0
92.3449773814726 81.7459005800671 53.1127623371886 0.985803291763852 0.147050178462122 -0.0810431880559823 -0.113533027072487 0.228183500914489 -0.966975919385703 0 0 0 0 0 0
180.463272526543 54.5832432705001 148.402696084801 0.463892883596384 -0.118682692954118 0.877905287267164 -0.78590053688857 -0.512492572051261 0.345993673080034 0 0 0 0 0 0
10.4741960095402 123.198807567852 115.792186510843 -0.8605828481103 -0.395319175012935 -0.321122734831816 -0.490707623258027 0.812422739678761 0.314921069479055 0 0 0 0 0 0
22.7322565116231 31.7413151943843 113.62645530919 0.642194847671332 -0.723070857113879 -0.254468576319498 0.198505052665757 0.477518425929902 -0.855904086295226 0 0 0 0 0 0
114.189859815527 85.2728656588356 4.44037951758417 -0.0207655117435453 -0.950014216553387 -0.311515280923417 -0.651052321467119 -0.223614601696578 0.725346311338213 0 0 0 0 0 0
156.296123486245 87.6103508501228 96.6908324329283 -0.349918654196386 0.936480079758542 0.0237061383926101 -0.848350168515667 -0.306052711474532 -0.432011135661306 0 0 0 0 0 0
115.794564374861 69.1595964198779 91.5269050785934 -0.0688248055546545 0.543062879809671 0.83686663851583 0.291687276973055 0.813153575329592 -0.503686167166491 0 0 0 0 0 0
25.1565029798592 41.5124240313008 77.9940404231986 -0.309944467074052 -0.934866172252973 0.173088567744595 -0.765841546235133 0.353372986668039 0.537228214104741 0 0 0 0 0 0
28.9076635193006 142.754582051694 25.8064789984298 -0.967319203718077 0.102250912335536 -0.232030582212423 0.251295178164739 0.508667773530297 -0.823472975414586 0 0 0 0 0 0
48.9190704656785 20.9924989285766 133.360732727128 0.869999011416754 0.109798561900674 0.480672318909957 0.430790128436665 -0.643491270121896 -0.632723304985247 0 0 0 0 0 0
196.894470417567 162.69191959042 84.0626508718634 0.624885268234237 0.711507464034047 0.321365012574848 -0.0127420154308143 -0.402278862906873 0.915428455742599 0 0 0 0 0 0
76.0004734164919 69.1010075558957 154.093652435269 -0.918823515899442 0.204933188155631 0.337291596129764 -0.249971193272634 0.359164339441579 -0.899174774988682 0 0 0 0 0 0
57.0676837108873 41.0526470423987 7.58497858798786 0.407090877982976 0.626267175610842 0.664880718145231 0.0355520544488966 0.716512325920376 -0.696667840667412 0 0 0 0 0 0
5.00160902734328 41.9981111678857 149.792531862446 0.750637630733874 0.0197761267884275 0.660417998674191 -0.526958912409713 -0.585050374637991 0.616465964479844 0 0 0 0 0 0
133.261174581109 42.5902778212175 128.91050334099 -0.793896501678426 -0.311994717191469 0.521907590921976 0.530657277032252 -0.774561856738003 0.344175444692292 0 0 0 0 0 0
68.8171768782625 19.9098070837318 44.2123303667545 0.760195995598084 0.633353630942489 0.144793491077953 -0.606339202207174 0.771671954316321 -0.192028952414903 0 0 0 0 0 0
37.9592909920103 122.76228417173 122.121851339237 -0.615675266686757 -0.687684524305043 0.384751735782332 -0.29520499976051 0.653991869159526 0.696526076300653 0 0 0 0 0 0
190.211551148973 35.4519746010022 27.67157731399 -0.835397889554193 -0.474405974988521 0.277577457016377 0.490436174347947 -0.871376424945521 -0.0132459898113901 0 0 0 0 0 0
80.921794546356 67.4571290441199 66.4365154798672 -0.549377952333033 0.825144871559519 0.131604591049958 0.827329404314762 0.515097288383687 0.224055244696233 0 0 0 0 0 0
13.1159198248007 168.995459157755 76.5469993792642 0.0527129722040291 0.307059117883501 0.950229410572219 -0.638623621249897 0.741900473644038 -0.204312270786325 0 0 0 0 0 0
79.8152593610996 195.117387154872 62.0319259094901 -0.466694985917076 0.883751887724672 0.0343273208709933 0.884338404463562 0.465779645658532 0.031540683795782 0 0 0 0 0 0
88.7429843960337 79.9375157339412 102.737839534387 0.876550728841333 0.278769366862675 0.392359974922848 -0.232272228466968 0.958989069172399 -0.162448661162761 0 0 0 0 0 0
183.923100241157 61.3411172254563 16.309853498772 0.798036919704154 -0.480406353944705 0.363794884765731 0.601510851726049 0.671465739672893 -0.432802946200109 0 0 0 0 0 0
111.403057074641 186.757033932979 192.83034992181 0.360766497190053 -0.524921224990906 -0.770911898790751 -0.809335060085296 0.234574404519951 -0.538471444564204 0 0 0 0 0 0
111.400342241898 12.7087620283778 116.47059868441 0.0427755272274331 -0.819965895223073 -0.57081183053772 0.544766632884412 0.498071397204911 -0.674651101937664 0 0 0 0 0 0
76.2086648621104 83.4582101725874 72.2495686313244 0.175134944158395 0.968766616054736 0.175553375422298 -0.246894563553952 0.215826508552159 -0.944702005416148 0 0 0 0 0 0
37.9502408871713 97.8473375674553 90.1476698359083 0.396798777138219 -0.912980813112744 0.0949565453526994 0.590941547768353 0.174926644676256 -0.787520565154894 0 0 0 0 0 0
143.742162672409 26.5682655506467 76.1815294825126 -0.346475351491369 0.679151198414724 0.647076824091502 0.227075989301397 0.730010857482582 -0.644608863854335 0 0 0 0 0 0
61.0039016599062 65.2752655580435 185.05512923136 -0.853438211106606 0.464215962248973 0.236952878641094 0.316738346239433 0.100899182485958 0.943130986130509 0 0 0 0 0 0
128.105342451029 11.0016244169314 99.0718888094783 -0.156800579065065 -0.118157682250917 0.980536701498206 0.414960436444225 0.893051621907264 0.173973022793353 0 0 0 0 0 0
145.111000686365 154.553793288633 185.162882947309 0.686695552102429 -0.460156247457002 -0.562765806247666 0.190759160487436 -0.632957498789854 0.75031705029672 0 0 0 0 0 0
110.828026450753 204.987560092026 -8.14436987099444 0.481932828285927 -0.350690089735383 -0.802967686419084 0.876052601708423 0.210116694794993 0.4340307588893 0 0 0 0 0 0
98.5112693670412 186.553591743309 91.3724989425774 0.415854552706915 -0.428750939657826 0.802020900874856 0.736568842473118 0.676051551008639 -0.0205079484938752 0 0 0 0 0 0
82.5208130428223 139.724627773457 165.675580742089 -0.829074065132896 -0.558518436218404 0.0263300001017889 0.116365011166565 -0.126291927903075 0.985144362931029 0 0 0 0 0 0
9.71053428199482 77.7343797558318 151.205255933423 0.875856459698533 -0.469041495484929 0.113470016014686 0.227922834339457 0.609333125602603 0.759449964567512 0 0 0 0 0 0
25.2507022563028 69.6863140442841 99.5846393459187 -0.745405720588456 0.609514392440142 -0.269930439558447 0.665302912801713 0.705577557751825 -0.243992385849119 0 0 0 0 0 0
-2.90826919363998 3.38901227666323 101.615636183655 -0.622386068511738 -0.610916161631296 0.489302514260882 0.727055375066425 -0.682755750067294 0.0723533254096716 0 0 0 0 0 0
29.0151499921593 79.9041291663221 156.26364775271 -0.24255342571744 0.556551114376416 -0.794618531419188 -0.807748703536824 -0.569508392260556 -0.152322495168657 0 0 0 0 0 0
57.5885567352288 181.736061376875 58.0166580089056 0.0634807998448744 0.957219613600051 0.282313282381366 0.0558418426004772 0.279033704144831 -0.958656231731959 0 0 0 0 0 0
28.5194254657906 102.759210707437 104.817138835909 0.310181424676139 0.89931546022926 -0.308251786664591 0.783968703859959 -0.0585589918123698 0.618032197418195 0 0 0 0 0 0
65.4345287437442 167.015419371436 34.1798728963289 0.846540293814235 0.454683364411855 -0.276825711435364 -0.526655852124289 0.791059876823543 -0.311219922389515 0 0 0 0 0 0
33.7242937468519 65.9096886126373 170.580226242076 -0.427600664897207 0.583174785801977 0.690698749034067 0.748778466426544 0.656571067575745 -0.090802938380223 0 0 0 0 0 0
27.5085654175476 31.8870034592959 79.4167377120226 -0.323469267995172 0.923080316869328 0.208063316414358 0.885337381524535 0.217632896025384 0.41086923695969 0 0 0 0 0 0
127.391216085031 116.614389088656 172.622838735824 0.76004185016354 0.419526962515086 0.496319872153754 0.649755625965836 -0.47597801326503 -0.592673995727995 0 0 0 0 0 0
71.1137019686894 9.7124214730109 43.1304169453615 -0.852682236325906 0.343783315133549 0.393377593375276 0.518566619981492 0.648356614809771 0.557424695878872 0 0 0 0 0 0
60.0659395026371 182.240865234019 150.311203678868 -0.216197687313121 -0.746320178839394 -0.629495590014044 0.975169709662834 -0.133374591196764 -0.176791229110808 0 0 0 0 0 0
45.1231330981131 101.801277498094 155.11803646261 0.936376842568419 -0.343785406478919 -0.070780632051306 0.0411563651355854 -0.0927252612450567 0.994840721598955 0 0 0 0 0 0
16.7453708786324 175.09938271651 122.921061286127 0.548529070049218 -0.772277078860202 -0.320474530449204 0.270340707207034 -0.198887827129685 0.941997568867688 0 0 0 0 0 0
193.682041390823 127.19804503913 38.7284757675285 -0.535572435948401 -0.452699662454161 0.712899071879953 0.201395500311561 -0.888289044334088 -0.412774031431209 0 0 0 0 0 0
27.9136153058421 194.385443213281 186.735359204923 0.97124616328328 -0.237286499267941 0.019388013705943 -0.174213240685156 -0.763854148036959 -0.621431040134658 0 0 0 0 0 0
151.840854100446 159.845734813971 60.7109741751506 -0.716332947654212 -0.634320589556171 -0.290696450831811 0.520102015244748 -0.207674998178715 -0.828471408560304 0 0 0 0 0 0
63.1994869768276 39.2042438003958 184.133488862187 -0.563911192833766 -0.411785380250072 -0.715846958653729 -0.674338674218869 -0.270786087412265 0.686980448665347 0 0 0 0 0 0
27.4607960422159 11.3807247927561 129.145760367045 0.591899541680807 0.106312358595592 0.798969647174378 0.454908167832193 0.774230321349628 -0.440029454231258 0 0 0 0 0 0
127.991091532307 9.97555922783915 146.247105297481 0.791530880875912 -0.128338011165306 0.597501550009778 -0.0230555084507095 0.970734131925688 0.239047446690258 0 0 0 0 0 0
205.25075493921 66.2629455265129 53.1153156379123 0.902281687525558 -0.288886501086201 0.32005036570137 0.114979962603862 0.876667529257185 0.467154817757729 0 0 0 0 0 0
187.185992581448 98.2778825904196 74.292561812459 0.252929423733658 -0.551483554062608 0.794916670635704 0.964260528675043 0.0766721374441817 -0.253619592442242 0 0 0 0 0 0
205.961459096932 157.609991034339 96.0423191793781 -0.649236317204646 0.676299993265385 -0.34800927982835 0.592430808360892 0.162711459913684 -0.789018759006648 0 0 0 0 0 0
70.3516446243499 41.4582340420675 34.07034452995 -0.970324026440918 0.108900918707179 -0.215897558626064 0.0811567286570692 0.987724381708001 0.133469578048583 0 0 0 0 0 0
2.48294727151617 40.7317049097517 145.991589439216 -0.191740158086566 0.976673385997752 0.0966685231292148 -0.712977293461412 -0.070925782215292 -0.697590706514915 0 0 0 0 0 0
78.4988481167245 31.6721890548489 88.5118095565485 0.51606696227751 0.166038011616978 0.840301227668441 0.856544542555458 -0.102892793430361 -0.505711777331043 0 0 0 0 0 0
2.57480300665404 144.803196179333 183.467065493286 0.0541011640310363 -0.991739439585814 0.116301100851019 0.991057388094291 0.0391029366311691 -0.127577799101285 0 0 0 0 0 0
25.2253770199294 51.4803434017155 199.494228228327 0.205382973758869 0.0385239092718154 0.977923117362514 0.969570499696954 -0.144037873846578 -0.197954591457504 0 0 0 0 0 0
149.482044184708 184.720088584359 7.79937425527283 -0.663916594110971 0.60410137936846 -0.440767743606519 -0.293807768734374 0.331294842823371 0.896616203302533 0 0 0 0 0 0
198.677637192032 174.136946329568 95.9008714051073 0.507354079680233 0.358874358285677 0.783454484281397 -0.430872632284024 0.892996264092449 -0.130024701187136 0 0 0 0 0 0
39.4463317224284 49.1292723266917 141.549794603156 0.172169729716073 0.364057991529567 0.9153246743989 -0.687417941358531 0.709947756835351 -0.153070889910889 0 0 0 0 0 0
98.4954175509476 130.351628758285 122.123235755096 0.641798898399192 -0.763232255324449 0.0746367783259069 0.181566726286762 0.245791427840821 0.952165944517044 0 0 0 0 0 0
20.2475989526924 105.91321971677 151.138566679532 0.775397887184034 -0.468700858485851 0.423175529519181 0.00143808477049105 -0.668828051754675 -0.743415700140213 0 0 0 0 0 0
181.956392245993 98.3200579143574 95.811587652041 -0.698578764154496 0.695929818581724 0.166341024426145 -0.0534176933854455 0.181099561016266 -0.982012924422853 0 0 0 0 0 0
7.96099037774973 125.384031185781 177.160728102881 0.500083505482326 -0.301567275868476 0.811771862841847 0.528445706002354 -0.636364266710873 -0.561948026891148 0 0 0 0 0 0
115.17770881796 137.021387916201 124.23603410039 0.503717307739944 0.716814233800897 0.482126715860885 0.0509356115218218 0.532486522730715 -0.844904480506878 0 0 0 0 0 0
63.9891382632953 107.515643023867 192.314279832075 0.840099918900602 0.114785385737592 -0.530147454813897 -0.399963040994696 -0.529127474414672 -0.748367286714393 0 0 0 0 0 0
96.8648498383988 95.4049242142628 27.3234405921429 0.520754652838892 0.283623921780897 0.80521546987156 0.7834381657523 -0.533497785174003 -0.318754871926922 0 0 0 0 0 0
114.048713044537 64.428628073652 44.2201336818605 -0.324548798107366 -0.680894445464876 0.656544566530212 -0.270029969464351 0.731928815644385 0.625590895932779 0 0 0 0 0 0
7.1437687853292 156.108594860994 96.9032377573388 -0.571562390390933 0.189066384646856 0.798479944105773 -0.420879374239945 0.767791098718926 -0.483070732017932 0 0 0 0 0 0
103.433485811148 74.4394040999434 124.610908002478 0.195073788803409 0.8168891287659 0.542805976907013 -0.725833001972161 0.492455436046154 -0.480264517174768 0 0 0 0 0 0
20.9973588451033 151.752442931035 20.7254004598674 0.178948819427942 0.982593445009693 -0.0498742191458524 0.972330020527297 -0.184362101109357 -0.143474149931231 0 0 0 0 0 0
91.0790185577413 131.016303321543 11.7749198486688 -0.124588202659196 -0.906592394429885 0.403197208435307 0.279487988443338 0.357842661031834 0.890974180499736 0 0 0 0 0 0
87.8373035288422 39.1136154460136 134.290173299025 -0.294438407569866 -0.0112733194704177 0.955603901845166 0.69790148279361 0.680570125216448 0.223064477187447 0 0 0 0 0 0
191.374632986319 195.893985531507 129.534493352572 -0.462765872771905 -0.869858849004297 -0.170860471723328 -0.638452479909113 0.193324953124494 0.74498575734266 0 0 0 0 0 0
188.68326676743 189.931039669638 142.922030440796 -0.258713745250832 0.915257099460309 0.30882295989385 -0.766002838704753 0.000379518345966496 -0.642836983886905 0 0 0 0 0 0
140.514375327247 143.498251299377 139.755515033037 0.716772742325923 -0.49167169805091 0.494465051143962 -0.254029949530192 0.476260840422142 0.841810135631764 0 0 0 0 0 0
166.587271251198 114.084723706527 65.6162044715087 -0.0749495033500256 0.833347851138176 0.54764394868271 -0.996434232792022 -0.0839269100339401 -0.00865881762816016 0 0 0 0 0 0
96.437048621252 169.618067811556 150.654180489362 0.0516786449374105 -0.942299481098045 0.330758208091341 0.998612826879155 0.0454162341316243 -0.0266396078484697 0 0 0 0 0 0
93.5448891642651 11.7635444034593 84.2954871662739 0.77238957599676 -0.621757238259846 0.129738993513553 0.532187448505715 0.745029945999514 0.402127897785138 0 0 0 0 0 0
33.7759282287782 87.5721953065608 4.23148295588839 0.165141492050501 -0.986262387355617 0.0038454698193645 0.708036860047017 0.121267439294858 0.695685198581519 0 0 0 0 0 0
142.437947589578 106.980901761764 159.398420548666 0.742649355010508 -0.0734017145069854 0.665645555264129 -0.237863018760725 0.900250172694805 0.364651598478504 0 0 0 0 0 0
103.470972028552 112.40339888507 61.5039438274916 0.24189883038618 -0.855441513775184 0.457935301536712 -0.826183402784815 0.0659042716943175 0.559533281623027 0 0 0 0 0 0
58.0206745072416 193.514024170984 152.472536084845 0.276340489460793 -0.913846013711747 0.297525423202529 -0.72109897204527 0.00750039569838276 0.692791380847822 0 0 0 0 0 0
167.253746692167 201.330130037782 85.4604758697702 -0.462018212615818 0.437555005858501 0.771417326531693 -0.870552696617163 -0.389839073091742 -0.300272207190489 0 0 0 0 0 0
179.700486207744 78.4924659714686 16.1405632993947 -0.238292064300392 -0.0197503054031566 0.970992635587501 -0.960273757615944 -0.144712912439253 -0.238605043313599 0 0 0 0 0 0
33.6346788698137 69.5485715692903 124.325966889212 0.232973690056738 0.296211511562809 0.926273119230672 0.943827155002083 0.160645607483349 -0.288761448507456 0 0 0 0 0 0
74.1770011442719 77.5883723670772 86.4110492090174 -0.633120639424021 0.493662913930664 0.596200547791754 -0.174409828317433 -0.841405549807536 0.51148595066325 0 0 0 0 0 0
30.5220837763379 149.166488315291 41.5115035281104 0.178393664559041 -0.796798911592208 0.577310273081971 0.784903589306186 0.469062271401988 0.404854107130623 0 0 0 0 0 0
180.958569771145 129.280386922771 153.691048471942 -0.543947788821527 -0.737370183691648 -0.40050712958109 -0.0992637426617872 0.530487433489943 -0.84186085943002 0 0 0 0 0 0
178.633490609346 84.9931425094994 135.55094422981 -0.270397981438108 -0.00776821968190896 0.962717231171797 -0.896277461732556 0.367148254448702 -0.248774531866487 0 0 0 0 0 0
161.107881019613 30.1595777342064 136.010421956553 0.99878167320579 0.0291889869436716 0.0397876011054366 -0.0455455370578099 0.85559250703163 0.515642350880873 0 0 0 0 0 0
184.323489963031 105.820781982822 55.2189643493036 -0.787716138613911 -0.3268547316647 0.522177328962018 -0.596989414912617 0.195862255542267 -0.777972686345742 0 0 0 0 0 0
19.4992822955555 142.768690250674 129.188753766683 0.0344279039770046 -0.858156900964297 -0.512231804299084 -0.481007897054895 -0.463496113788716 0.744179186670697 0 0 0 0 0 0
12.6073566975129 3.76717220593679 11.7515589343332 0.264946776949211 -0.803896578583329 -0.53249737478782 0.392578969474896 0.594321088960355 -0.701900362473575 0 0 0 0 0 0
101.122456182089 173.479828594664 96.3284778238054 -0.150316526872769 -0.399196125630502 -0.904459670089346 -0.771912043569625 -0.524212673692216 0.359656479549478 0 0 0 0 0 0
14.3168078758456 136.745116346008 48.0394656262058 0.419258599111863 -0.283271637429037 0.862542344963681 -0.506144801399144 0.715793144606024 0.481100359613678 0 0 0 0 0 0
57.3388533864229 160.61553037043 51.1675657622726 -0.750478708507284 0.210551877949272 0.626457900297212 0.0887146473581175 -0.90722077133503 0.41119358252319 0 0 0 0 0 0
113.746733054858 6.26114839215731 110.742091045772 -0.165887686145886 -0.0644818858763761 -0.984034167732685 -0.342945981164168 0.939347673456059 -0.00374010079095511 0 0 0 0 0 0
26.5349773113821 72.1393251354647 172.22864733948 0.000742705645249787 -0.986718151376842 -0.162439942705527 0.62313629657109 -0.126589788945127 0.771800533772514 0 0 0 0 0 0
175.04727194913 18.4350275937011 149.075547123768 -0.0771952613146768 0.57625274162357 0.813617594314484 -0.986786412074895 0.0724391661234199 -0.144931106295222 0 0 0 0 0 0
177.910476167774 26.6148380948906 52.9078689359608 0.796680330848019 -0.219659542770477 0.563071951221473 -0.416580126072973 0.475421138674743 0.774877827271659 0 0 0 0 0 0
107.165018758849 52.6323307887924 180.127068675044 -0.591901339656616 0.22639883855128 0.773560764850627 -0.435201767730039 0.718043114166451 -0.543151405978235 0 0 0 0 0 0
58.1650848593967 144.679734416944 149.190332977104 0.101620266703765 -0.991491276927216 0.0813533475173601 0.993046865405806 0.10598379604953 0.0512370980091053 0 0 0 0 0 0
129.049494744891 94.5986824439986 48.555241874699 0.938066397085105 -0.258598942176474 -0.230559993337159 0.2344302180808 0.96377874639722 -0.127173080343966 0 0 0 0 0 0
-3.81018690519361 161.413190920837 122.174906330746 -0.0646129564152058 0.985442842288086 0.157250014311667 0.980994935391839 0.0916150665246954 -0.171042386888492 0 0 0 0 0 0
55.6255416010933 117.478558216122 202.335361690096 -0.404851351670009 -0.675611698604939 0.616152701010908 -0.137298309439552 0.711122176494319 0.689531990118846 0 0 0 0 0 0
101.178823478554 71.6791799180532 105.322046290747 -0.251594429884061 -0.249479303804487 0.935125771238724 0.737757686378211 0.575939861341699 0.352145982002916 0 0 0 0 0 0
159.851654172996 90.9667023007389 40.3849956513166 -0.163166733121564 0.437202627752355 0.884437891016651 -0.299839125832771 0.832075017022026 -0.466634362207474 0 0 0 0 0 0
