t = 10000
b = 20 20 20
E = -0.105924811123791 -0.105924811123791 0
1153.96484838121 174.582324115798 -417.588771367677 -0.442131021418551 -0.505540716049184 0.740910654589265 0.800385175782609 0.150474129319326 0.58029387985153 0 0 0 0 0 0
1154.14542831009 174.870721200701 -417.203857208505 -0.116053071152712 -0.873592025526614 0.472618780785146 0.704104353062645 0.263253868445217 0.659495515198666 0 0 0 0 0 0
1154.30062106527 175.073917590213 -416.688115793632 -0.0383924736282344 -0.992061387748572 0.119750098710264 0.638139115884829 0.067878217145487 0.766923003440285 0 0 0 0 0 0
1154.41929989233 175.062692548942 -416.179534145568 0.419727033435341 -0.86371808860774 -0.278962630972626 0.610803412521587 0.041443876428595 0.790696821201001 0 0 0 0 0 0
1154.58966773269 174.864347590176 -415.655215910724 0.501789900588916 -0.550188631660112 -0.667457291666578 0.770082862881067 -0.067262459313713 0.634387901984629 0 0 0 0 0 0
1154.81944740045 174.48304509428 -415.389039847756 0.669512247431161 0.173337865123884 -0.722292992482537 0.732709046452491 0.0056316300394201 0.68051863734305 0 0 0 0 0 0
1155.24317818592 174.256878482444 -415.172226731767 0.413211465373818 0.700847452809883 -0.581436983690981 0.692816839424182 0.172420606184414 0.700196993886971 0 0 0 0 0 0
1155.66001306899 174.059177537726 -415.214886029392 -0.0314808033105353 0.968679724784663 0.246309501603733 0.751860838309708 -0.139422338288986 0.644411793261789 0 0 0 0 0 0
-2303.92576472416 4335.96234438951 -4736.30450799376 -0.667281271904487 0.584566711142064 0.461538000753169 0.376107376637804 0.799328947230518 -0.468632404631136 0 0 0 0 0 0
-2304.19476183146 4335.06076118283 -4735.86510116317 -0.537350875779414 -0.664775945005684 0.518967068767384 -0.501058724415441 -0.24332748039918 -0.830500909454397 0 0 0 0 0 0
-2304.3206405559 4334.70515241331 -4736.24362590385 -0.724626721524968 -0.129373272186606 0.676888873400724 -0.635159344641236 -0.255703453797264 -0.728826612400439 0 0 0 0 0 0
-2304.68208687829 4334.38620331351 -4736.53271511165 -0.596209161622201 0.362513911959852 0.716322659198982 -0.800295376358163 -0.197535002464919 -0.56613346472023 0 0 0 0 0 0
-2305.0912869211 4334.06516074564 -4736.57271031243 -0.424316073845374 0.862666918835716 0.275248089723329 -0.806099317858929 -0.221385600102916 -0.548809773831293 0 0 0 0 0 0
-2305.58110922154 4333.88428278807 -4736.51871485446 -0.149899010218712 0.982025078591134 -0.114703561396704 -0.795233941204001 -0.18868794320752 -0.576194153178394 0 0 0 0 0 0
-2306.05501228752 4333.87707111374 -4736.53376022589 0.111398540287194 0.766826272585728 -0.632113683669985 -0.789436312031673 -0.318079698658697 -0.52499090756224 0 0 0 0 0 0
-2306.53531366829 4334.00272484582 -4736.71464499098 0.54456204976774 0.341031993065954 -0.766256629601405 -0.706134952988501 -0.306561320927151 -0.638273800881076 0 0 0 0 0 0
1.50946784202239 8.47128618121604 5.81407463433865 -0.0761352118018714 0.54478910056159 -0.83510968237988 0.918361917260908 0.364518223040185 0.154070602734521 0 0 0 0 0 0
-0.312893904390096 9.06882680340762 11.5209847473821 0.0988013528056368 0.940899883929074 0.323953217968036 -0.177947640338258 0.337004185087539 -0.924533780270393 0 0 0 0 0 0
4.58021386022614 7.57244431571625 16.7897898371286 0.985841436546486 -0.012101948035293 -0.167242595201955 -0.131181791343803 0.56556997765918 -0.814200133205931 0 0 0 0 0 0
16.9930299801687 6.22260537841492 15.0884583580432 0.664129119546391 0.708235176274192 -0.239448090917726 -0.583126788882568 0.691153580474607 0.426930689949579 0 0 0 0 0 0
9.13457130552045 13.9536584041108 12.3923176712284 0.142532936991514 -0.233679664832007 -0.961809785465322 0.433890950652475 -0.85863699071806 0.272912311541973 0 0 0 0 0 0
11.8748178123397 14.2755905983459 2.30082342061436 -0.638140064031976 -0.367052979003713 -0.676793370337869 -0.156367039054545 0.922510578817962 -0.352878964104064 0 0 0 0 0 0
5.42292884063999 21.740804111848 18.333469944037 0.702523474065185 -0.707084806564045 0.0805716147618154 0.291890413435684 0.389545360683682 0.873529791932914 0 0 0 0 0 0
17.262636055413 9.88820340427041 15.9964051127011 0.0666136156893962 0.870846542293394 0.487020427884026 -0.136365614454669 0.491470463191586 -0.860151796248524 0 0 0 0 0 0
9.73884114556041 14.7150715103375 -2.20719460807919 -0.863696058560074 -0.494756415678 -0.0961515342804706 0.147870323190752 -0.0663656843505445 -0.986777505203631 0 0 0 0 0 0
1.9957656897987 -0.969783920873286 8.44558183946265 -0.264976731308433 0.950066140436099 0.164807915629125 0.658341553335507 0.0533681819148468 0.750824957923709 0 0 0 0 0 0
6.67084707873198 0.795991778310311 13.8744674268838 0.609754443016256 -0.684992288808687 0.398729256789622 -0.655249038855593 -0.152626092670524 0.739833668119126 0 0 0 0 0 0
13.5523365798116 17.8343385494228 5.80364821481908 0.278115236945699 -0.952473743131219 -0.124280620220401 0.947337660871188 0.293369083272091 -0.128397150769388 0 0 0 0 0 0
6.01253890793793 12.6062868048979 17.7743846263865 -0.894148440703951 0.275886051208741 0.352683062535255 0.442493688868517 0.66498636924664 0.601658040363114 0 0 0 0 0 0
18.4466095097239 15.1215811093724 1.83767557756081 0.0463930533885337 -0.493257467372685 0.86864530463996 0.146829551503312 0.863503787446863 0.482495866871461 0 0 0 0 0 0
3.48229171100347 5.33323475310715 5.99576222320846 -0.182002369451994 0.59654278828179 -0.781672413787109 -0.723563997497478 -0.619542549756946 -0.304338786738227 0 0 0 0 0 0
18.2311428569086 21.1888186096618 6.6284098838882 -0.796072115866251 -0.508069221126491 0.328838508156915 0.223852595074983 -0.752012076975403 -0.619974031688051 0 0 0 0 0 0
0.405953642431324 7.4058810566389 1.44630915997075 -0.340082076487146 -0.515705574100336 -0.786378951008177 -0.167733113545333 -0.78954745579917 0.590322261790513 0 0 0 0 0 0
15.4068088149304 9.63830629718938 11.1533001680464 -0.363829195711688 0.169705615773076 0.915875649063125 -0.925199273131621 0.0480206187207746 -0.376430878435872 0 0 0 0 0 0
19.0423049208322 3.7626782998363 20.9163943534674 0.923469633398867 -0.335971025563018 0.185276011450333 0.110090045265505 -0.230561241551503 -0.966810003545356 0 0 0 0 0 0
21.8745671422799 14.2841264506959 22.3981268157387 0.451289387757733 -0.26064440966857 0.853464861078075 -0.829647634681543 0.229699393262779 0.508844650244503 0 0 0 0 0 0
6.74566226498444 5.68387971738789 -0.985716597813683 -0.636001836800316 0.228337027971592 0.737132113158655 -0.286032322049291 -0.956933664749674 0.0496332747774152 0 0 0 0 0 0
-0.660110957525265 -1.8396450160612 11.2249934919873 0.11544152727493 -0.892294867143175 0.436443695743627 -0.901919393955687 -0.278256822673576 -0.330324745459567 0 0 0 0 0 0
2.98471063415016 0.22731591032482 20.3083038226826 -0.296110165043513 0.954609243111282 -0.0322482952732671 0.904919194344576 0.269571839297926 -0.329320762506463 0 0 0 0 0 0
5.27450582427292 3.78242094200363 9.72545214041944 0.00103641710911043 0.986640483133435 -0.162909421820592 -0.372786408295386 0.151547728060709 0.915458062086087 0 0 0 0 0 0
5.21032379707674 10.2051415885424 19.921104569932 0.803741918705083 -0.574153074974633 0.156035555889402 -0.473013149237356 -0.457534642411511 0.752941244313042 0 0 0 0 0 0
15.6166818949008 12.8461812906714 17.451173130772 -0.672215347516564 -0.690246500252208 -0.267742848717869 -0.547209699203754 0.706811133563608 -0.448307379945246 0 0 0 0 0 0
8.24901009666008 7.26595525799937 15.9611248284683 0.59400619273144 -0.0862560300447348 0.799822744084748 0.54490590751323 0.77455582309515 -0.321155384783304 0 0 0 0 0 0
9.26012651934606 -0.605487191877044 -0.302610938998123 -0.264906878054405 0.904933527674719 0.33304599511391 -0.78710549379091 -0.00340790596622805 -0.61680889148357 0 0 0 0 0 0
5.46589173758195 10.6647962984463 15.2441665664433 0.462327658363438 0.107725134111595 -0.880141076172969 -0.67727699858651 0.683561962614019 -0.272100802911358 0 0 0 0 0 0
7.53521659591411 9.91983143649086 -2.56626599599759 0.917242218680812 -0.390221455460544 0.079961408884607 0.0510269605144518 0.314196850072412 0.94798548578776 0 0 0 0 0 0
9.83205958213946 4.30551811425096 16.4420320589424 -0.323480048261212 -0.941169628022555 -0.0977771755122223 -0.220343328081269 -0.0255688223958126 0.975087141726324 0 0 0 0 0 0
16.4385536579422 1.21737568449763 -2.00323212969777 -0.200390288009826 0.932718636848256 0.299799368654762 0.656040341071543 -0.0995223537121861 0.748135184288093 0 0 0 0 0 0
11.0253003795537 17.2728279058249 15.0443610173444 0.360735829802863 0.287017725785894 0.887406545385037 -0.908656354255178 -0.106354179224954 0.403772585216241 0 0 0 0 0 0
10.0927705147285 5.18502151298853 12.5147162398177 -0.234579956728538 0.961856166662019 0.140730059456888 0.818153671421752 0.273533234915731 -0.505770727746921 0 0 0 0 0 0
7.37856445680633 7.29886778272354 12.3666764630165 -0.199929704944405 0.841509723799785 0.501885906395732 -0.390772001018502 0.40124489846605 -0.828432057961348 0 0 0 0 0 0
23.3950099487115 5.16890793538807 11.9328730685578 -0.66343798549703 -0.706285197441996 -0.247004452451553 0.416607577073878 -0.0744737039292304 -0.906030725527338 0 0 0 0 0 0
16.8175868605159 12.9241231246656 3.72035160299343 0.73972481047904 0.257432272072524 0.621719968111204 0.663206677299095 -0.1225799658928 -0.738329829906351 0 0 0 0 0 0
12.5747769407039 25.0858188184971 5.12342523923828 -0.653853089284225 0.631496999230039 -0.416758450336568 0.572391501505848 0.773068635890375 0.273373014836612 0 0 0 0 0 0
11.7114922690703 12.7162722469341 10.8761311866846 0.2007009213619 0.786426724151616 -0.584167871610875 0.809660301504448 0.202542160332652 0.550841860370653 0 0 0 0 0 0
8.54113925029853 11.2283644915618 10.3209464922205 -0.287958009944581 0.276163242477757 -0.916959071003325 0.543400071943676 0.835556897065439 0.0809999851561356 0 0 0 0 0 0
1.70654426850693 5.03269629343124 16.9143372498498 0.735075711301584 0.642520223742609 0.216405616240359 0.65957127581391 -0.751589435139687 -0.00888826406363819 0 0 0 0 0 0
8.13826407632962 20.4140654563676 6.44527455265562 0.706893079775555 0.699148603217748 0.107207012109027 -0.690188316057063 0.714959209391637 -0.111684193200803 0 0 0 0 0 0
10.9465560092863 20.1899192584206 12.7702630876872 0.621993612993975 0.0864660728413232 0.778233541633925 -0.325548086317996 0.932469131708942 0.15658782311438 0 0 0 0 0 0
11.3797946298681 21.39538335188 -3.24603205023508 0.0479952689539489 -0.524721306428375 -0.84991994820162 -0.0660872818294938 0.847367914273811 -0.526877647491806 0 0 0 0 0 0
19.2903800760134 12.007407805571 6.06810756228076 -0.100066793647305 -0.949004816490968 -0.298958999258915 0.684690587897755 0.152332476698955 -0.712736626632845 0 0 0 0 0 0
5.45834997666928 9.86669256030045 11.0347348047367 -0.915059266631293 -0.403013204725148 -0.0157097269869774 0.135600346557225 -0.270735861291946 -0.953055365103498 0 0 0 0 0 0
5.44741806394568 19.9143382898779 10.0055667710255 0.901194981108536 -0.0151812386148186 -0.433147800221922 0.36786156558194 -0.501671784793066 0.782945208621143 0 0 0 0 0 0
14.3130603726136 2.57073430363398 2.06905014369476 0.203782163919812 -0.273872381492523 0.939929060118843 0.536730946794451 0.834187122782765 0.126695298575721 0 0 0 0 0 0
13.6405072729563 14.8405437267306 9.14674602167703 0.270134329410919 0.491518361333774 -0.827911259819544 0.733166824898132 0.452357514447888 0.50777848632598 0 0 0 0 0 0
12.7042167756955 7.72249651133533 22.7267376673965 -0.781062345115491 0.622678728057035 -0.0470397882600318 0.585268319516501 0.756234816336844 0.292523239582318 0 0 0 0 0 0
13.7397082275208 3.0020403027674 14.8760103417975 0.489020440062413 -0.323498135021863 -0.810066576958118 0.870809780058253 0.234813245037532 0.431917763322416 0 0 0 0 0 0
8.54074520373275 7.73253874373622 8.45458300313847 0.104940732972911 0.914302276742943 0.39120169957367 0.502637198056195 -0.38819376240195 0.772438572779296 0 0 0 0 0 0
0.591039121772419 8.52909910747617 15.2150215612105 -0.245945739908097 -0.475870801313886 0.844427368850599 0.770929936377754 -0.624096042348181 -0.127165602047738 0 0 0 0 0 0
10.2647671825048 9.56311759443637 22.273239551916 -0.854849174571685 0.509901829157318 0.0960881113418357 -0.266953474221228 -0.273402839957836 -0.9241139645118 0 0 0 0 0 0
11.694638691304 5.22615291385133 -0.547571666406464 -0.0194206478045075 -0.952164539946846 0.304968057629955 0.563619855003687 0.241513276150771 0.789939164893461 0 0 0 0 0 0
-0.301053136731633 19.585732096944 0.663344618453849 0.78998430769762 -0.0960751435471779 0.605552840200568 -0.422331250243371 0.630714335720092 0.65102662771754 0 0 0 0 0 0
1.62074317222628 7.64702221923085 18.4749913924479 0.752055172015296 0.49096963081461 -0.43972917732289 0.611214505896916 -0.769166763003762 0.186545623879288 0 0 0 0 0 0
12.5117503128172 11.3526206113347 6.77206823156771 0.542530777397787 -0.800887855022987 0.253454052062554 0.619371401730178 0.58519972005425 0.523373935138356 0 0 0 0 0 0
3.753511369738 12.5567133689799 6.29621999822508 -0.147000942703699 0.426876430407994 0.892281983747172 -0.892672407173832 0.331308160706645 -0.305566310308234 0 0 0 0 0 0
7.89202200528146 16.9554757348591 5.47401829652302 0.698462054665294 -0.602398650388756 -0.386350292160393 0.712207076189717 0.63797601059718 0.292826945205336 0 0 0 0 0 0
5.77864082244054 14.382935980054 1.24123696502208 -0.000566634542580436 -0.350753547551759 -0.936467577261459 -0.989721871784334 -0.133722067456814 0.0506843970978734 0 0 0 0 0 0
7.80025003451508 4.79058025443068 4.82331939315545 0.388161657593889 0.921573623259064 -0.00570670851321547 0.137458169791408 -0.0517714312007134 0.989153603632559 0 0 0 0 0 0
12.1167580308421 1.74025692155975 4.01447159137513 -0.221899952285394 0.61734792948779 0.754746229772925 -0.218680127970406 -0.785834539221611 0.578483390430477 0 0 0 0 0 0
3.21658346895909 13.6645072535139 16.5619213616911 -0.147149160111058 -0.971214596452018 -0.187321449794083 0.349320878956158 -0.228206895537607 0.908788437070656 0 0 0 0 0 0
19.4499512576486 15.0671868225785 18.2223838012424 -0.974322539243593 0.106308706333717 0.198479043270397 -0.215654548193157 -0.187232772521655 -0.958351130696461 0 0 0 0 0 0
13.1956496265727 12.9477629671296 15.1133310310054 -0.309699484188407 0.56630823881487 0.763793903592828 0.855312241517834 0.516833054225291 -0.0363933538351007 0 0 0 0 0 0
6.57546796584007 14.6178537790172 15.0524417226306 -0.333029065385514 -0.640166549131436 0.692299328777545 -0.0549841682080879 -0.719776698650889 -0.69202470178178 0 0 0 0 0 0
0.15666279965362 24.5843372234479 13.9701990456765 0.334811598165897 0.429873365561722 -0.838516538974495 0.668214565692402 0.519104228688792 0.532935274557686 0 0 0 0 0 0
14.6480367719866 19.5235801059174 15.0993284069534 0.661307363892084 -0.591683745644816 0.461067064673311 0.228111141958003 -0.426921788066343 -0.875044568183192 0 0 0 0 0 0
11.2537653226294 11.3931980059134 -1.46159897574018 0.524077549599894 0.589158634371249 0.615007924924862 0.0443823383056357 0.702245657070987 -0.710549917141722 0 0 0 0 0 0
6.88581788453228 11.1602559020434 2.82299378421871 0.0892557673053054 0.99236328742742 0.0851381932812482 -0.66197785975034 0.12297279603354 -0.739366544570073 0 0 0 0 0 0
12.4773418257175 6.00463223478059 15.6234037243783 0.759280152716061 -0.503880715190936 0.411822517120659 -0.250591043621476 -0.810415220502734 -0.529557606232167 0 0 0 0 0 0
12.7077012695887 6.29335043783775 11.0086934452915 -0.652633311697488 0.648739904899735 -0.391415670630342 0.74845699285192 0.632337251895104 -0.199904122452248 0 0 0 0 0 0
22.1525646076909 -5.18126681135611 8.72891156279659 -0.980260176541709 -0.195752966046121 -0.0277605462712953 0.164932697643316 -0.732212027737899 -0.660804582601376 0 0 0 0 0 0
2.70262019250162 13.9050843804854 11.7106310717161 -0.467240288470121 0.66483363521072 0.582823029576332 0.399021353185841 0.74681963233064 -0.532017240083182 0 0 0 0 0 0
11.99949880811 9.39595531776932 9.98952541218554 0.00421897647154056 0.874903565893112 0.484278765449473 0.283129231069445 -0.465511838170317 0.838532333103999 0 0 0 0 0 0
16.2548660078891 23.3391454092251 7.79989992914961 0.225708239059752 0.754810049652316 -0.615887594024435 0.568443079097823 -0.615461413858927 -0.545966702119158 0 0 0 0 0 0
17.1311192435792 16.23146398329 9.89654405151603 0.573593683393723 -0.812712750864403 -0.102412062189611 0.798690159215988 0.582647448790241 -0.150385841253152 0 0 0 0 0 0
18.7543038612774 13.6020510476834 15.3715476909326 0.693330138429467 -0.601551208488285 0.396773722214449 0.640910446117325 0.263041990967822 -0.721139792331771 0 0 0 0 0 0
5.08164193206105 16.1566843929313 7.87472453638664 0.390797527210981 -0.396064559880421 -0.830909174713601 -0.88788789073973 0.0758701343078575 -0.453760617148263 0 0 0 0 0 0
13.6826335436737 20.0223114383332 -0.879037492810413 0.391040484294433 0.851244647252476 0.349956936405932 -0.892740308286183 0.258338176491323 0.369155817067525 0 0 0 0 0 0
15.4002916473093 2.4175332424919 11.9306415158197 0.82110711746048 0.345160266779264 0.45458485113936 0.200937923253158 0.570645411696822 -0.796233436071141 0 0 0 0 0 0
4.43025908105285 16.6154963277653 10.8429156946684 -0.598034181918843 -0.609933506672518 -0.519938611601067 0.794726332700017 -0.367303321262021 -0.483216538599942 0 0 0 0 0 0
17.2076654290216 8.61943101538226 6.59715255892962 0.401083733632677 -0.888430215211813 0.223211931127226 -0.506465106307568 -0.418109043606093 -0.754107303623267 0 0 0 0 0 0
6.3637415697961 13.9522210180256 9.90575306872609 -0.281110196083742 0.154907252149998 -0.947090642198722 0.798646322676904 0.584959495504968 -0.141373128545316 0 0 0 0 0 0
5.93237404592498 1.12680145741675 2.74884943346511 -0.254104282375153 0.831307341476558 -0.494326896758306 0.295148516538645 0.553373434973069 0.778887098330935 0 0 0 0 0 0
16.2546670193791 13.9090831222504 6.9768070134867 -0.318040074710769 0.353956925703033 0.879525384142344 0.818964679715268 0.56994589813038 0.0667715964888894 0 0 0 0 0 0
8.85900168224816 1.48040960239806 3.55067884684876 0.381122565807166 -0.873156695833871 -0.303879821688147 -0.92390943697586 -0.371694488451246 -0.0907439076863923 0 0 0 0 0 0
9.32938944860973 -0.55948391639307 9.27647737240553 -0.510022775490902 -0.699669231672534 0.500339558579354 -0.819534661142591 0.57192091161165 -0.0356276554167121 0 0 0 0 0 0
8.39603096518004 7.90000560074993 4.19838330827391 -0.872724616247285 -0.474775522151061 -0.11375348532729 -0.0143051668373532 0.257767784683633 -0.966100936803466 0 0 0 0 0 0
1.7813363589646 2.98991795704124 4.95091120830349 -0.897958487522688 0.401479753322586 0.18023446497156 0.0909611145485448 0.570027084213279 -0.816575237457567 0 0 0 0 0 0
1.60694383425581 11.1618955102678 13.5925733609747 0.0852236949831523 -0.652748619372229 -0.752765629731169 -0.898419900663094 0.276310675684397 -0.341312148168495 0 0 0 0 0 0
3.20126097268582 21.9168301121496 11.3371176018293 -0.877204217538116 0.0602395752096442 0.476323246897748 0.46471913663857 0.355772947657134 0.810840076486613 0 0 0 0 0 0
1.02956985564192 18.1891098142757 4.50960296814113 -0.590934418627093 0.704900940554987 0.392315073519494 -0.201360492746024 -0.599799721223502 0.77439923170074 0 0 0 0 0 0
7.70659978998526 13.9268691677644 4.89807281087853 -0.0851762852745968 -0.709426961069098 -0.699612984529472 -0.0170189866653847 0.703098236461029 -0.710888995342989 0 0 0 0 0 0
15.7348564344291 14.3207352862096 20.3641144315326 -0.0679456434209764 0.87533538473943 -0.478718420257138 0.991010809286441 0.0037893528890783 -0.133727698980257 0 0 0 0 0 0
9.16119861624717 16.0159203334138 0.812563933643981 -0.465566108041564 -0.881208540898303 0.0819736533955737 0.849302811265708 -0.470905578084822 -0.238605487217616 0 0 0 0 0 0
3.07051481100855 11.4799359490784 9.48477621963627 0.885082035123545 0.15095518548317 -0.44027514872462 -0.165071443134349 0.986261405806441 0.00631306781291308 0 0 0 0 0 0
1.1969421838999 1.26687068201027 -5.79240988438318 0.603380678918467 0.63800691511705 0.478412857149454 0.509582775007666 0.152984908084058 -0.846711814547742 0 0 0 0 0 0
9.0220176811642 10.9931829025566 5.09630757582966 0.756219691222391 -0.292378867024621 0.585359947131925 -0.125390350641605 0.813274556912413 0.568209217350866 0 0 0 0 0 0
8.42990660789261 3.12779223991074 -0.757277749787279 -0.367906091279374 -0.364467955979428 -0.855457838639533 -0.0752510300601993 -0.905295255777098 0.418064302269612 0 0 0 0 0 0
17.4162859976139 11.2870323840775 8.97131017509389 0.0652509954518079 -0.0899103092950697 0.993810004794392 0.723648499774914 0.690007543031446 0.014912306351587 0 0 0 0 0 0
15.6672047295486 19.7966028890332 7.91729947753065 0.431730502867321 0.381644401470308 -0.817285887480111 -0.857283440869388 -0.108143829569526 -0.503358616020494 0 0 0 0 0 0
12.6368608993094 15.5381613884079 11.9192662082204 0.299256142859836 0.895367670023799 0.329791559618533 -0.95035124951069 0.310591159889819 0.0191187406028605 0 0 0 0 0 0
-5.57494828902198 8.7167678869738 16.0898623912391 -0.600878902564697 -0.319064629624616 0.73289985639352 0.62315643091121 -0.761217154157567 0.179511717436426 0 0 0 0 0 0
12.8800785841232 8.47034832579405 19.453798086486 0.217937442608316 0.450270493203414 -0.865886631736119 -0.6964114786932 -0.549825643917549 -0.461197062505453 0 0 0 0 0 0
5.71031478015924 6.30057532955451 21.9297141568534 0.473140819750067 0.14218386822452 0.869437401716547 0.874941754696212 0.0395749570636056 -0.482608153308612 0 0 0 0 0 0
22.529891893243 16.3382115694054 0.00643976027206259 -0.0554027906723893 0.666822250053394 0.743154459999254 0.14285488244578 -0.731346419432311 0.666876931597449 0 0 0 0 0 0
5.94614549483823 -2.01464318015136 0.594356217416788 -0.639801469593937 0.754742344078333 -0.144975936821274 -0.461501071757908 -0.528138186863007 -0.71280202748386 0 0 0 0 0 0
3.2457465271337 8.26896088703828 2.10465448701807 -0.192751196431466 0.687024852323458 -0.700602430499676 0.37272843365733 0.711739099648275 0.595399790018507 0 0 0 0 0 0
1.02201645868422 15.1468026362468 5.2028531764528 0.293875274863291 0.955479175792206 -0.0263980505561848 0.94761963483968 -0.287620612247756 0.138893130603754 0 0 0 0 0 0
21.2608892875803 16.7977245800497 -5.60627818171408 -0.44075409120531 -0.731300287771735 -0.520514807411482 -0.209614629214824 -0.479992160510541 0.851862160988024 0 0 0 0 0 0
17.5001224694137 18.8371333890838 4.40433958011927 -0.47281002109829 0.881089088030132 -0.0115185171918622 0.377571087618985 0.214388686256475 0.900820432311186 0 0 0 0 0 0
7.64033492826217 16.8872150924251 9.63632004464374 -0.0178615861095576 -0.969360510694804 -0.24499215671944 -0.34267591532477 0.236125724518958 -0.909295192285752 0 0 0 0 0 0
11.7677833645887 8.684423928492 13.5343020757368 -0.490969262792081 -0.372158075950227 0.787684865158535 0.712413181454929 -0.691913979820444 0.117142824278122 0 0 0 0 0 0
19.8508095920675 12.6197140602326 11.1234119175749 0.933357997257813 -0.319201017342117 0.164175066375845 0.324571542359547 0.945840406032055 -0.00626319762451407 0 0 0 0 0 0
-0.50768429658329 3.38781548207132 9.50922938311612 -0.366661680010976 -0.430683527193193 0.82466406173581 -0.892794638120904 0.412201232535068 -0.181680431210113 0 0 0 0 0 0
5.64977134357046 15.8835521042851 18.3654487879481 -0.412648510417788 0.839599969887326 0.353260615183589 0.0900133175021779 0.423506960898538 -0.901409650999262 0 0 0 0 0 0
16.1201991432585 6.95846620217123 21.5364852652572 0.676497524829375 0.707435005329806 0.204662533416467 0.173721103761203 -0.423357364747103 0.889150955675778 0 0 0 0 0 0
13.2580401008037 23.2235583366428 9.34680596502655 0.244402739691352 0.896360264875417 -0.369872346836902 0.392102328021548 0.25750815849988 0.883145062468008 0 0 0 0 0 0
7.98120252049165 17.1013166879367 12.8148325918906 -0.630653503448602 0.732163393287804 0.257318613418706 0.631282326522575 0.676835615005117 -0.378650379482383 0 0 0 0 0 0
26.6566421612436 11.5849152274577 7.01165052203363 -0.436305270098455 -0.894633687661296 -0.0962717631917399 0.386317123133391 -0.0896171622106143 -0.918002029605256 0 0 0 0 0 0
2.87686134927804 -1.18682941101106 16.8105852237101 0.715611940226088 0.00824028086361358 0.698449375098828 0.22826754127618 -0.947787427092308 -0.22269465759643 0 0 0 0 0 0
15.3551856322945 12.6558430987571 11.5495400877396 -0.639740818649398 0.755896631230786 -0.139111166885502 -0.50745848051463 -0.55134624350432 -0.66219568660309 0 0 0 0 0 0
6.87082853908814 18.4838511390141 15.9527265328305 -0.442628668452466 0.896498185518291 -0.0192572538723071 -0.842042127821538 -0.422933801865972 -0.334801368466476 0 0 0 0 0 0
16.4605978916543 6.77108676979039 11.4329433939493 -0.508156155629675 0.748210225274648 0.426566205666132 -0.848834456813342 -0.518924206323105 -0.100983394228913 0 0 0 0 0 0
17.6087057028821 2.15623569214213 14.7833805775747 -0.539908844539454 -0.598843553625234 -0.591510575907454 0.0821503476959992 -0.736871591089708 0.671022744873297 0 0 0 0 0 0
16.1599665482029 17.9300054331889 1.28080689735331 -0.679016120610324 0.542296064621001 -0.494825223787401 0.5974017004413 0.0164254658775931 -0.801773841680695 0 0 0 0 0 0
-2.59796384533809 2.37167866354575 3.84120082907321 -0.978948865858899 0.0866199220246415 -0.184813389198858 -0.202592786449131 -0.52240764670343 0.828279135840478 0 0 0 0 0 0
-0.890441399322851 15.4393437138397 12.6552139422893 -0.498244718225622 -0.583697167060582 -0.641131608432572 0.152012512993126 -0.786806046028626 0.598187592996695 0 0 0 0 0 0
16.1955352518371 11.1494744300007 20.2755255746862 -0.856638675989717 -0.232872748862081 0.460369795807033 -0.513331334906161 0.295507384414594 -0.805708518982226 0 0 0 0 0 0
11.7796970643881 -0.313312095015537 21.690869296824 0.131411215728791 0.679436022427463 0.721870985447062 -0.945175078860823 -0.13372698151851 0.297927923560199 0 0 0 0 0 0
3.41426217227262 -7.26509431316979 20.2003905020588 -0.0676167968416863 -0.922065327763036 -0.381081988901482 -0.602194391874649 0.34225333001237 -0.721265878331108 0 0 0 0 0 0
12.6815840686626 0.376436627124244 8.11094603287271 -0.0634771470539889 0.987100581112786 0.146979901731709 -0.868112765629411 0.0180351089031978 -0.496039153522776 0 0 0 0 0 0
18.7293698161443 9.01543429159367 -0.687667995744112 0.581784576346891 -0.261690709605342 0.770093869723375 -0.387343985784466 -0.921705458383579 -0.0205831660932259 0 0 0 0 0 0
18.6367287276402 -1.63242218817714 17.9895394243651 -0.390151880694452 0.668973182964733 -0.632658141972805 0.606914338168931 -0.329867661989136 -0.723078284462323 0 0 0 0 0 0
12.8914993221974 14.0708837293004 18.4076949189875 -0.481337061894732 -0.406934083727697 0.776349911366291 0.876331364937662 -0.204295209321951 0.43624155240038 0 0 0 0 0 0
12.5686365405238 -1.5472523223037 10.6391083898263 -0.26688699149987 -0.813087504989616 -0.517358678867208 0.963586298370975 -0.234334847016214 -0.128796399027455 0 0 0 0 0 0
9.57457828270337 4.75404328654633 7.37824348005954 -0.529149183808711 -0.0551320501527937 0.846735779020576 -0.780719790589297 0.422520961499877 -0.460383044592071 0 0 0 0 0 0
-0.584808066190148 5.0211484054911 6.6029033299332 -0.0834314933049571 0.938843460975406 -0.334084012747737 -0.99417261189093 -0.0554529694767799 0.0924427774326364 0 0 0 0 0 0
4.50215733936395 18.7520901568992 4.70165191217449 -0.668580036982136 -0.20118091754216 -0.715909811485661 -0.638353829293806 0.649089283728354 0.413748016781421 0 0 0 0 0 0
2.4810496180855 4.99200767261552 0.515660367764536 -0.823031122360761 0.218119073451715 -0.524446115329631 0.143904298842405 -0.813127720217196 -0.564016686808275 0 0 0 0 0 0
18.8331656004808 5.71956544184757 18.2685418220532 -0.611330114974751 -0.658486977312142 0.438942278341649 0.791179776427409 -0.496210143195479 0.357505196193232 0 0 0 0 0 0
9.27170921999591 11.1668087238835 14.4190025334079 0.278498704622951 0.0433935995885676 -0.959455756172873 0.897859764312868 0.342929184917236 0.276129159216854 0 0 0 0 0 0
15.6103095558933 19.176769556039 11.445469120252 0.787203926251625 -0.40618709315619 -0.46402793483385 0.483845148370933 0.873337809210798 0.0563463851075102 0 0 0 0 0 0
5.06869882766934 4.3790328252898 16.7344776771821 -0.225018126389444 -0.148330454575062 -0.962997820586992 0.337314700642076 0.915369426950437 -0.219812614768794 0 0 0 0 0 0
5.40652941280359 8.87530513387379 4.35615225341212 0.62214718005316 0.741505817975217 -0.251201024274334 0.76965663704729 -0.520517233868336 0.369716625788148 0 0 0 0 0 0
18.6642169570871 18.0251899217498 7.47119998805193 0.322063750133014 0.588643875510986 -0.741466958650612 0.487314872959252 -0.774548005630534 -0.403236349891431 0 0 0 0 0 0
3.42481451071241 7.93053486179976 8.22581919061828 -0.469466239114786 0.601144248420708 0.646704698291294 -0.653664374314741 -0.729012410828433 0.20313476993222 0 0 0 0 0 0
3.84416662009127 8.64550423267277 13.6136310475259 -0.0335091872526781 -0.650233938786753 -0.758994657696898 0.271159740844429 0.725021485027884 -0.633100453835691 0 0 0 0 0 0
4.1761772362331 1.3628941792584 6.89324840678508 -0.983641095952479 -0.16527191589124 0.0716608136845839 0.0705476065135202 0.0126036499773842 0.997428726291812 0 0 0 0 0 0
15.5225619870489 4.8739380751891 17.5931172060639 -0.736254708433809 -0.151527869576588 -0.659521184328798 0.559587254331658 -0.684356067870532 -0.467459959547251 0 0 0 0 0 0
6.19341280884589 5.85352972025185 7.63057084077754 -0.295373810657125 0.514163683382459 -0.805226633298898 -0.847249268436132 0.248518130235845 0.469475562976142 0 0 0 0 0 0
8.42142007265757 11.9152889087739 0.0101890902353318 0.786537126079595 0.548562487344874 -0.283616754511662 -0.591031795637047 0.801807031758546 -0.0882431742306396 0 0 0 0 0 0
10.7010532022089 4.63732726931828 2.6353489714243 -0.877432931795744 0.246216351788281 0.41169023103526 0.367160487945116 0.897024033027345 0.246050882900253 0 0 0 0 0 0
15.5583823335049 15.9542638596109 14.1632057778808 -0.385091994091666 0.854418126765188 -0.348817701039789 -0.138458887501999 0.320199912035594 0.937177168851818 0 0 0 0 0 0
-5.51421947005013 10.3916194741067 4.65198929186083 0.994361012977657 -0.0141672553716964 0.105096838962567 0.00750197073065473 -0.979155992458086 -0.202971076636025 0 0 0 0 0 0
15.9338024154317 17.1125943385028 17.1732630365172 0.360669680209563 0.380755549010546 0.85143554761841 0.876341168742713 0.174161375761614 -0.449103390730999 0 0 0 0 0 0
14.9443827582849 7.0036274195959 7.97321085807495 -0.347449017073235 0.930016153444029 -0.119787807252746 0.488239992447138 0.0703632016208537 -0.869868157259366 0 0 0 0 0 0
1.38281508682766 1.80774781589163 17.3337367257494 -0.875602104958826 0.413243663407979 0.25010103876822 -0.418553823940653 -0.390649500222348 -0.819881432539841 0 0 0 0 0 0
9.08797328463072 -1.68656076188525 2.85958621063459 0.345940864677466 0.875343872715931 -0.337783946890555 -0.289179615470198 0.441959525407035 0.849144765027819 0 0 0 0 0 0
-0.370387967610828 11.9372442737144 22.0517805940871 -0.11414306955691 0.0664716520043899 0.991237993858878 0.903150815116903 -0.408718059989096 0.131407965120452 0 0 0 0 0 0
18.2864390227625 9.13929488010463 23.1357756131057 0.0188210582016499 0.992894871398971 -0.117496980513658 -0.837537696063273 0.0798394708376429 0.540514706663924 0 0 0 0 0 0
0.212635686736215 9.99931790715101 8.29882209407025 -0.0622138569663386 0.62153504951888 -0.780911995722248 0.212755880007325 -0.7561850914745 -0.61880448601355 0 0 0 0 0 0
16.7923652661302 5.520470189141 5.06710559347046 0.602291469282421 -0.674592768879633 0.426813211188303 0.652398724268205 0.10784998185786 -0.750162761115074 0 0 0 0 0 0
9.87959106191528 7.88460329304321 18.7130715493169 0.783415070769833 -0.61997184131076 0.0435392866619795 -0.521461821242209 -0.693816098140235 -0.496685744836693 0 0 0 0 0 0
13.2268405261424 16.4870608846967 0.240922065350797 -0.635792346076782 0.419001741597023 -0.648232624085079 0.440573813407691 -0.492576798985138 -0.750508308918457 0 0 0 0 0 0
4.04975326303327 19.1336022760455 12.7370836866146 0.289658769446421 0.892231705697325 -0.346439542087441 0.508015205523011 -0.450081685039531 -0.734402432382102 0 0 0 0 0 0
9.51084380399666 13.4149482369626 7.94735394008769 -0.942350710552041 0.309783337067319 0.126527920350482 -0.0476155330761575 0.250132963230376 -0.967039890575715 0 0 0 0 0 0
