t = 43956
b = 20 20 20
E = -0.463768973569629 -0.463768973569629 0
-0.0957499764907368 0.265360937225182 0.277714386638025 -0.992948992989576 -0.0695892469651141 -0.0959656046945666 0.102163238568636 -0.912965044482353 -0.395040984943318 0 0 0 0 0 0
-0.132726542082565 -0.248153894753813 0.315857712559986 -0.699226131573338 0.246285981992319 -0.671137731398179 -0.0168161895232495 -0.944191307169805 -0.328967888998164 0 0 0 0 0 0
-0.423648248765005 -0.601404721252152 0.403957003791482 0.0323967347240155 0.174236927452961 -0.984170628172052 -0.0962003650161949 -0.979572107219177 -0.176589513325154 0 0 0 0 0 0
-0.501008271384592 -1.85124574701916 0.931276491112779 -0.7409164233873 -0.22504939106045 0.632768077962354 -0.62759997967191 -0.103397248013714 -0.771639234652656 0 0 0 0 0 0
-1.49679826354472 -0.916779858562478 1.16569597008175 -0.445114413097271 0.609788505900464 0.655767485086673 -0.310692523724887 0.5816562606421 -0.751761943330966 0 0 0 0 0 0
-1.31405412225368 -1.44941968437865 0.449567749959185 0.752117732804437 -0.204868257269556 -0.626376665051239 0.651393239590108 0.375357837623601 0.659388482883565 0 0 0 0 0 0
-2.36492977601517 -1.67344049510825 1.16814933116397 -0.2515765122737 -0.492292664237333 0.833280903691042 0.224306609199239 0.807872927514657 0.545002525545807 0 0 0 0 0 0
-2.59165213475268 -1.31918805416188 1.45772040416406 0.501213259281819 -0.587981892693054 0.634871966170193 0.105184964875282 0.769639243779705 0.629755061170778 0 0 0 0 0 0
-2.76809305924112 -1.33584341763984 1.83051622298153 0.90664948126252 0.326571628514643 0.267090756812711 -0.412549701888513 0.553849243911547 0.723224459619528 0 0 0 0 0 0
-3.4347701907667 -1.36035046925406 1.22904495424984 0.36682720049061 0.429324556059748 -0.825298791525815 0.356763978138223 0.754390809989313 0.551011647176669 0 0 0 0 0 0
-4.40616867981916 -1.25257094602887 2.1328939776034 0.303008858717968 0.334328597203625 0.892418002102082 -0.950043626091925 0.0324232969761269 0.310428110083032 0 0 0 0 0 0
-5.18718343633603 -1.19899577255373 0.765037766534046 -0.150042305257939 -0.720609524419172 -0.676911440334869 -0.383781296029991 -0.588523743802047 0.711583855235192 0 0 0 0 0 0
-5.4882729758942 -0.327178346486477 1.14334101450091 -0.623695500982184 0.749254857560283 0.222757524891226 0.317279631263876 0.503106997914723 -0.803876142838343 0 0 0 0 0 0
-5.60995278497913 -0.151602730898162 0.729601438764501 -0.0818613148988764 0.825155069704395 0.558943392532746 0.206895355438192 0.562678067287015 -0.800367153361582 0 0 0 0 0 0
-5.78145879179385 0.161792661569848 0.384072479418108 0.398562709799976 0.64154854443955 0.65541062955864 -0.0810734034721244 0.736471201772541 -0.671592995955368 0 0 0 0 0 0
-5.98213313710113 0.525473326597705 0.244645439153981 0.940855887293529 0.239312558478875 0.239832178751897 -0.107222003152795 0.881804569490569 -0.45926465429604 0 0 0 0 0 0
6.86257609417 18.0523009724 8.2460804973 0.0 0.0 1.0 0.0 0.1 0.0 0.0 0.0 0.0 0.0 0.0 0.0
2.95094864378 2.64362917416 13.8694257346 0.0 0.0 1.0 0.0 0.1 0.0 0.0 0.0 0.0 0.0 0.0 0.0
16.3384900299 1.50459207501 17.0568162509 0.0 0.0 1.0 0.0 0.1 0.0 0.0 0.0 0.0 0.0 0.0 0.0
18.6386387554 5.1756904766 16.992069349 0.0 0.0 1.0 0.0 0.1 0.0 0.0 0.0 0.0 0.0 0.0 0.0
10.6743986757 15.6337149338 9.10907355562 0.0 0.0 1.0 0.0 0.1 0.0 0.0 0.0 0.0 0.0 0.0 0.0
5.26930975406 2.73098605558 19.5043687878 0.0 0.0 1.0 0.0 0.1 0.0 0.0 0.0 0.0 0.0 0.0 0.0
3.89139281247 1.13606404317 1.17088886009 0.0 0.0 1.0 0.0 0.1 0.0 0.0 0.0 0.0 0.0 0.0 0.0
4.71667334499 12.2000465056 1.72124181587 0.0 0.0 1.0 0.0 0.1 0.0 0.0 0.0 0.0 0.0 0.0 0.0
11.0037017033 18.1485104049 18.2935539335 0.0 0.0 1.0 0.0 0.1 0.0 0.0 0.0 0.0 0.0 0.0 0.0
2.67193716764 4.50459692245 19.5639254766 0.0 0.0 1.0 0.0 0.1 0.0 0.0 0.0 0.0 0.0 0.0 0.0
12.3933376944 2.28519641826 18.9975301598 0.0 0.0 1.0 0.0 0.1 0.0 0.0 0.0 0.0 0.0 0.0 0.0
9.21010304884 2.52249967648 17.2481692279 0.0 0.0 1.0 0.0 0.1 0.0 0.0 0.0 0.0 0.0 0.0 0.0
0.59463694246 13.1583872861 19.3225480288 0.0 0.0 1.0 0.0 0.1 0.0 0.0 0.0 0.0 0.0 0.0 0.0
17.3938526445 8.08748552637 4.88564916661 0.0 0.0 1.0 0.0 0.1 0.0 0.0 0.0 0.0 0.0 0.0 0.0
5.6809979703 9.8972798007 15.52081716 0.0 0.0 1.0 0.0 0.1 0.0 0.0 0.0 0.0 0.0 0.0 0.0
4.99932978036 14.1223952767 1.25578246238 0.0 0.0 1.0 0.0 0.1 0.0 0.0 0.0 0.0 0.0 0.0 0.0
10.6613558925 10.5468988142 10.5312818952 0.0 0.0 1.0 0.0 0.1 0.0 0.0 0.0 0.0 0.0 0.0 0.0
7.76190348863 13.3142843657 0.806838883176 0.0 0.0 1.0 0.0 0.1 0.0 0.0 0.0 0.0 0.0 0.0 0.0
17.6118378941 4.62252636076 4.62715983217 0.0 0.0 1.0 0.0 0.1 0.0 0.0 0.0 0.0 0.0 0.0 0.0
9.87125814293 16.8362073119 7.62178945275 0.0 0.0 1.0 0.0 0.1 0.0 0.0 0.0 0.0 0.0 0.0 0.0
13.5279069568 9.64377836793 18.5142589501 0.0 0.0 1.0 0.0 0.1 0.0 0.0 0.0 0.0 0.0 0.0 0.0
0.644519352396 10.4177857572 12.5390471615 0.0 0.0 1.0 0.0 0.1 0.0 0.0 0.0 0.0 0.0 0.0 0.0
16.4835793229 0.0963212426947 2.89043311967 0.0 0.0 1.0 0.0 0.1 0.0 0.0 0.0 0.0 0.0 0.0 0.0
8.54207572372 1.65432088079 2.49558567474 0.0 0.0 1.0 0.0 0.1 0.0 0.0 0.0 0.0 0.0 0.0 0.0
0.691191958213 14.9933410837 16.9427740205 0.0 0.0 1.0 0.0 0.1 0.0 0.0 0.0 0.0 0.0 0.0 0.0
6.08250066513 10.9260327694 19.7215292183 0.0 0.0 1.0 0.0 0.1 0.0 0.0 0.0 0.0 0.0 0.0 0.0
12.4652744591 19.0436566971 19.0297761698 0.0 0.0 1.0 0.0 0.1 0.0 0.0 0.0 0.0 0.0 0.0 0.0
13.1567396267 5.51183914354 10.2942655119 0.0 0.0 1.0 0.0 0.1 0.0 0.0 0.0 0.0 0.0 0.0 0.0
13.5854761961 7.50129682519 0.915098213008 0.0 0.0 1.0 0.0 0.1 0.0 0.0 0.0 0.0 0.0 0.0 0.0
9.97428737251 4.23403760335 14.2301361929 0.0 0.0 1.0 0.0 0.1 0.0 0.0 0.0 0.0 0.0 0.0 0.0
2.69352754968 2.42142913222 15.9113590935 0.0 0.0 1.0 0.0 0.1 0.0 0.0 0.0 0.0 0.0 0.0 0.0
3.84746029792 15.0350622674 14.5248512026 0.0 0.0 1.0 0.0 0.1 0.0 0.0 0.0 0.0 0.0 0.0 0.0
6.41925076825 4.51658650555 11.075235214 0.0 0.0 1.0 0.0 0.1 0.0 0.0 0.0 0.0 0.0 0.0 0.0
5.2353066668 4.82143362982 5.27852462268 0.0 0.0 1.0 0.0 0.1 0.0 0.0 0.0 0.0 0.0 0.0 0.0
12.2914253508 7.11982965111 5.97996378804 0.0 0.0 1.0 0.0 0.1 0.0 0.0 0.0 0.0 0.0 0.0 0.0
1.92363699026 16.4800966679 12.1387973724 0.0 0.0 1.0 0.0 0.1 0.0 0.0 0.0 0.0 0.0 0.0 0.0
11.0705697247 1.57011707229 19.1558775249 0.0 0.0 1.0 0.0 0.1 0.0 0.0 0.0 0.0 0.0 0.0 0.0
9.78512827088 6.25025503036 14.2257827266 0.0 0.0 1.0 0.0 0.1 0.0 0.0 0.0 0.0 0.0 0.0 0.0
3.65219379013 19.1496342164 6.24278736188 0.0 0.0 1.0 0.0 0.1 0.0 0.0 0.0 0.0 0.0 0.0 0.0
0.746051907164 13.6226736342 7.50715643974 0.0 0.0 1.0 0.0 0.1 0.0 0.0 0.0 0.0 0.0 0.0 0.0
0.485158405673 17.1195818259 17.2370579167 0.0 0.0 1.0 0.0 0.1 0.0 0.0 0.0 0.0 0.0 0.0 0.0
14.7439446166 5.44402053769 5.68557156578 0.0 0.0 1.0 0.0 0.1 0.0 0.0 0.0 0.0 0.0 0.0 0.0
8.04021842528 0.772027769263 11.1953918991 0.0 0.0 1.0 0.0 0.1 0.0 0.0 0.0 0.0 0.0 0.0 0.0
4.62030342899 14.8946485485 3.5268783916 0.0 0.0 1.0 0.0 0.1 0.0 0.0 0.0 0.0 0.0 0.0 0.0
12.6168699632 2.33976885608 17.166288217 0.0 0.0 1.0 0.0 0.1 0.0 0.0 0.0 0.0 0.0 0.0 0.0
2.9362339497 5.76440019307 15.0297969672 0.0 0.0 1.0 0.0 0.1 0.0 0.0 0.0 0.0 0.0 0.0 0.0
5.53278642497 13.2439874118 14.7599055638 0.0 0.0 1.0 0.0 0.1 0.0 0.0 0.0 0.0 0.0 0.0 0.0
17.3983524805 12.3741186263 10.882673928 0.0 0.0 1.0 0.0 0.1 0.0 0.0 0.0 0.0 0.0 0.0 0.0
1.76108220645 3.32632596532 1.46204389814 0.0 0.0 1.0 0.0 0.1 0.0 0.0 0.0 0.0 0.0 0.0 0.0
10.0020396461 10.2415809195 15.1041375768 0.0 0.0 1.0 0.0 0.1 0.0 0.0 0.0 0.0 0.0 0.0 0.0
9.46245673409 9.36363777472 12.0582525282 0.0 0.0 1.0 0.0 0.1 0.0 0.0 0.0 0.0 0.0 0.0 0.0
8.37958186733 19.4816801534 6.93616119181 0.0 0.0 1.0 0.0 0.1 0.0 0.0 0.0 0.0 0.0 0.0 0.0
15.2357495218 3.67048598204 10.8409415424 0.0 0.0 1.0 0.0 0.1 0.0 0.0 0.0 0.0 0.0 0.0 0.0
3.14817092843 15.490373056 2.60253064278 0.0 0.0 1.0 0.0 0.1 0.0 0.0 0.0 0.0 0.0 0.0 0.0
13.0598427978 2.05816271397 8.21101322246 0.0 0.0 1.0 0.0 0.1 0.0 0.0 0.0 0.0 0.0 0.0 0.0
10.2472973087 12.5340367289 9.63955258199 0.0 0.0 1.0 0.0 0.1 0.0 0.0 0.0 0.0 0.0 0.0 0.0
11.4223160024 14.9812092796 14.1814695901 0.0 0.0 1.0 0.0 0.1 0.0 0.0 0.0 0.0 0.0 0.0 0.0
5.26472155902 11.0168223636 4.43721925267 0.0 0.0 1.0 0.0 0.1 0.0 0.0 0.0 0.0 0.0 0.0 0.0
6.55504964977 12.8084313985 6.14725126937 0.0 0.0 1.0 0.0 0.1 0.0 0.0 0.0 0.0 0.0 0.0 0.0
14.1241102441 6.2452928865 11.4991986712 0.0 0.0 1.0 0.0 0.1 0.0 0.0 0.0 0.0 0.0 0.0 0.0
18.3287465216 3.5956478383 13.9526488699 0.0 0.0 1.0 0.0 0.1 0.0 0.0 0.0 0.0 0.0 0.0 0.0
3.14765625294 6.12501886354 4.11462020978 0.0 0.0 1.0 0.0 0.1 0.0 0.0 0.0 0.0 0.0 0.0 0.0
0.0135262524579 19.313898814 7.93442347655 0.0 0.0 1.0 0.0 0.1 0.0 0.0 0.0 0.0 0.0 0.0 0.0
12.01859559 16.7259392971 0.955854532251 0.0 0.0 1.0 0.0 0.1 0.0 0.0 0.0 0.0 0.0 0.0 0.0
16.2293844027 17.3110044998 10.2157433157 0.0 0.0 1.0 0.0 0.1 0.0 0.0 0.0 0.0 0.0 0.0 0.0
15.778007637 10.8972775853 10.5274639806 0.0 0.0 1.0 0.0 0.1 0.0 0.0 0.0 0.0 0.0 0.0 0.0
15.6591081681 0.78014095785 7.74243213464 0.0 0.0 1.0 0.0 0.1 0.0 0.0 0.0 0.0 0.0 0.0 0.0
12.700656544 7.41409439246 13.3370914017 0.0 0.0 1.0 0.0 0.1 0.0 0.0 0.0 0.0 0.0 0.0 0.0
6.72203701495 16.3113966992 16.9537799118 0.0 0.0 1.0 0.0 0.1 0.0 0.0 0.0 0.0 0.0 0.0 0.0
2.03587941862 19.3063229416 10.3968126382 0.0 0.0 1.0 0.0 0.1 0.0 0.0 0.0 0.0 0.0 0.0 0.0
15.7973832007 13.4948123476 17.1358026036 0.0 0.0 1.0 0.0 0.1 0.0 0.0 0.0 0.0 0.0 0.0 0.0
7.53900268514 3.0059775786 17.4964357344 0.0 0.0 1.0 0.0 0.1 0.0 0.0 0.0 0.0 0.0 0.0 0.0
18.2191908339 10.5730784832 18.6663674728 0.0 0.0 1.0 0.0 0.1 0.0 0.0 0.0 0.0 0.0 0.0 0.0
10.8754606312 4.02629650057 12.8845412095 0.0 0.0 1.0 0.0 0.1 0.0 0.0 0.0 0.0 0.0 0.0 0.0
17.9077834342 16.3131865962 1.13741564027 0.0 0.0 1.0 0.0 0.1 0.0 0.0 0.0 0.0 0.0 0.0 0.0
1.82045044144 18.0775818147 16.9732885377 0.0 0.0 1.0 0.0 0.1 0.0 0.0 0.0 0.0 0.0 0.0 0.0
10.836857773 8.0244660625 1.1496384291 0.0 0.0 1.0 0.0 0.1 0.0 0.0 0.0 0.0 0.0 0.0 0.0
7.26327721216 15.2599404527 19.1142088164 0.0 0.0 1.0 0.0 0.1 0.0 0.0 0.0 0.0 0.0 0.0 0.0
15.642727353 15.9342207238 15.5348732825 0.0 0.0 1.0 0.0 0.1 0.0 0.0 0.0 0.0 0.0 0.0 0.0
13.3414267844 11.2909346741 13.178788705 0.0 0.0 1.0 0.0 0.1 0.0 0.0 0.0 0.0 0.0 0.0 0.0
2.54839999777 14.8478175024 18.2852198472 0.0 0.0 1.0 0.0 0.1 0.0 0.0 0.0 0.0 0.0 0.0 0.0
2.14319949497 9.37732792426 2.95266948676 0.0 0.0 1.0 0.0 0.1 0.0 0.0 0.0 0.0 0.0 0.0 0.0
5.66327522199 3.04538561791 2.01819014613 0.0 0.0 1.0 0.0 0.1 0.0 0.0 0.0 0.0 0.0 0.0 0.0
7.15949700847 8.84060198359 15.1569363953 0.0 0.0 1.0 0.0 0.1 0.0 0.0 0.0 0.0 0.0 0.0 0.0
4.97932056795 13.7458091043 16.6958362397 0.0 0.0 1.0 0.0 0.1 0.0 0.0 0.0 0.0 0.0 0.0 0.0
2.29825948304 1.47020331036 6.55176932242 0.0 0.0 1.0 0.0 0.1 0.0 0.0 0.0 0.0 0.0 0.0 0.0
5.97523731108 4.74823529037 13.1430032229 0.0 0.0 1.0 0.0 0.1 0.0 0.0 0.0 0.0 0.0 0.0 0.0
19.8871637051 11.3972595553 19.0097071553 0.0 0.0 1.0 0.0 0.1 0.0 0.0 0.0 0.0 0.0 0.0 0.0
18.9385074145 1.32929798963 12.4789844044 0.0 0.0 1.0 0.0 0.1 0.0 0.0 0.0 0.0 0.0 0.0 0.0
7.31353715352 11.571442863 10.7839798702 0.0 0.0 1.0 0.0 0.1 0.0 0.0 0.0 0.0 0.0 0.0 0.0
18.7390736019 13.6929237763 12.7775049656 0.0 0.0 1.0 0.0 0.1 0.0 0.0 0.0 0.0 0.0 0.0 0.0
16.0710740078 17.1871689188 4.28623186807 0.0 0.0 1.0 0.0 0.1 0.0 0.0 0.0 0.0 0.0 0.0 0.0
2.05658081467 5.33243463691 17.2933553025 0.0 0.0 1.0 0.0 0.1 0.0 0.0 0.0 0.0 0.0 0.0 0.0
0.452323335887 1.87713167127 8.83066265302 0.0 0.0 1.0 0.0 0.1 0.0 0.0 0.0 0.0 0.0 0.0 0.0
7.78116852117 1.29350998331 0.839505981767 0.0 0.0 1.0 0.0 0.1 0.0 0.0 0.0 0.0 0.0 0.0 0.0
10.9686347966 3.86176614741 17.4751333516 0.0 0.0 1.0 0.0 0.1 0.0 0.0 0.0 0.0 0.0 0.0 0.0
8.66189824977 12.3052308688 18.3951528974 0.0 0.0 1.0 0.0 0.1 0.0 0.0 0.0 0.0 0.0 0.0 0.0
13.5742738025 13.706430491 16.699289296 0.0 0.0 1.0 0.0 0.1 0.0 0.0 0.0 0.0 0.0 0.0 0.0
8.14265317054 3.95535376167 7.02085933368 0.0 0.0 1.0 0.0 0.1 0.0 0.0 0.0 0.0 0.0 0.0 0.0
11.7341360401 8.50288427007 16.0250826891 0.0 0.0 1.0 0.0 0.1 0.0 0.0 0.0 0.0 0.0 0.0 0.0
3.90448107651 2.1719894351 5.11663008528 0.0 0.0 1.0 0.0 0.1 0.0 0.0 0.0 0.0 0.0 0.0 0.0
13.7585798222 15.5866852898 7.81451369257 0.0 0.0 1.0 0.0 0.1 0.0 0.0 0.0 0.0 0.0 0.0 0.0
5.33938109441 10.6629345568 9.77531276002 0.0 0.0 1.0 0.0 0.1 0.0 0.0 0.0 0.0 0.0 0.0 0.0
14.4924564802 7.27102860448 16.6827520492 0.0 0.0 1.0 0.0 0.1 0.0 0.0 0.0 0.0 0.0 0.0 0.0
0.604618020646 15.4478602911 13.1381647784 0.0 0.0 1.0 0.0 0.1 0.0 0.0 0.0 0.0 0.0 0.0 0.0
10.2654672246 16.5455519591 1.56622821119 0.0 0.0 1.0 0.0 0.1 0.0 0.0 0.0 0.0 0.0 0.0 0.0
14.9417727626 5.42291594401 7.82839052387 0.0 0.0 1.0 0.0 0.1 0.0 0.0 0.0 0.0 0.0 0.0 0.0
8.58571181267 16.05066043 9.90564231312 0.0 0.0 1.0 0.0 0.1 0.0 0.0 0.0 0.0 0.0 0.0 0.0
8.20339391778 14.7408990813 18.0624084061 0.0 0.0 1.0 0.0 0.1 0.0 0.0 0.0 0.0 0.0 0.0 0.0
16.4653498338 17.3021790366 11.8855259325 0.0 0.0 1.0 0.0 0.1 0.0 0.0 0.0 0.0 0.0 0.0 0.0
10.1061739381 13.636209452 11.2114075357 0.0 0.0 1.0 0.0 0.1 0.0 0.0 0.0 0.0 0.0 0.0 0.0
7.03836398769 6.97242810219 14.6985798304 0.0 0.0 1.0 0.0 0.1 0.0 0.0 0.0 0.0 0.0 0.0 0.0
6.90430074202 10.0635942308 6.03196086539 0.0 0.0 1.0 0.0 0.1 0.0 0.0 0.0 0.0 0.0 0.0 0.0
1.19566658223 5.99786709464 5.30510795532 0.0 0.0 1.0 0.0 0.1 0.0 0.0 0.0 0.0 0.0 0.0 0.0
8.06671918467 6.33804589312 19.4841380131 0.0 0.0 1.0 0.0 0.1 0.0 0.0 0.0 0.0 0.0 0.0 0.0
9.79048053238 3.76804262016 0.679445022017 0.0 0.0 1.0 0.0 0.1 0.0 0.0 0.0 0.0 0.0 0.0 0.0
19.6192778053 6.30709593529 5.31899828919 0.0 0.0 1.0 0.0 0.1 0.0 0.0 0.0 0.0 0.0 0.0 0.0
19.902398668 16.6760216633 19.7198534205 0.0 0.0 1.0 0.0 0.1 0.0 0.0 0.0 0.0 0.0 0.0 0.0
18.0316102623 4.8735040786 9.30599919846 0.0 0.0 1.0 0.0 0.1 0.0 0.0 0.0 0.0 0.0 0.0 0.0
1.56605637281 12.7261114013 10.2273308533 0.0 0.0 1.0 0.0 0.1 0.0 0.0 0.0 0.0 0.0 0.0 0.0
13.6399219176 8.22446144705 5.00252921311 0.0 0.0 1.0 0.0 0.1 0.0 0.0 0.0 0.0 0.0 0.0 0.0
13.3103808987 5.32490020338 3.82859254698 0.0 0.0 1.0 0.0 0.1 0.0 0.0 0.0 0.0 0.0 0.0 0.0
11.3423713633 0.393590883353 3.13855267572 0.0 0.0 1.0 0.0 0.1 0.0 0.0 0.0 0.0 0.0 0.0 0.0
18.6316702255 11.1253494381 12.3185988626 0.0 0.0 1.0 0.0 0.1 0.0 0.0 0.0 0.0 0.0 0.0 0.0
2.71734985453 12.1203725402 0.983931587911 0.0 0.0 1.0 0.0 0.1 0.0 0.0 0.0 0.0 0.0 0.0 0.0
5.02333376908 12.6355486189 7.76375398519 0.0 0.0 1.0 0.0 0.1 0.0 0.0 0.0 0.0 0.0 0.0 0.0
8.09017491463 8.66068057088 10.882942184 0.0 0.0 1.0 0.0 0.1 0.0 0.0 0.0 0.0 0.0 0.0 0.0
5.89411779671 16.5182874653 11.126004627 0.0 0.0 1.0 0.0 0.1 0.0 0.0 0.0 0.0 0.0 0.0 0.0
1.30160843658 17.6208465946 13.6328312086 0.0 0.0 1.0 0.0 0.1 0.0 0.0 0.0 0.0 0.0 0.0 0.0
14.5073170692 0.809172427 2.54469235972 0.0 0.0 1.0 0.0 0.1 0.0 0.0 0.0 0.0 0.0 0.0 0.0
13.5783261661 19.5249466485 6.72792043418 0.0 0.0 1.0 0.0 0.1 0.0 0.0 0.0 0.0 0.0 0.0 0.0
12.1367921573 15.6721400801 15.7258908963 0.0 0.0 1.0 0.0 0.1 0.0 0.0 0.0 0.0 0.0 0.0 0.0
8.62002157661 7.04658571245 18.1772912338 0.0 0.0 1.0 0.0 0.1 0.0 0.0 0.0 0.0 0.0 0.0 0.0
3.36670957713 6.69649320513 10.2599710278 0.0 0.0 1.0 0.0 0.1 0.0 0.0 0.0 0.0 0.0 0.0 0.0
2.46934427481 3.06623290932 10.2080934336 0.0 0.0 1.0 0.0 0.1 0.0 0.0 0.0 0.0 0.0 0.0 0.0
13.6948276621 19.6398211684 10.9341030405 0.0 0.0 1.0 0.0 0.1 0.0 0.0 0.0 0.0 0.0 0.0 0.0
10.2256608288 9.30914511579 16.8187744467 0.0 0.0 1.0 0.0 0.1 0.0 0.0 0.0 0.0 0.0 0.0 0.0
11.2514340542 3.97739452679 8.56061813656 0.0 0.0 1.0 0.0 0.1 0.0 0.0 0.0 0.0 0.0 0.0 0.0
17.4930162449 8.07985891472 3.2082274106 0.0 0.0 1.0 0.0 0.1 0.0 0.0 0.0 0.0 0.0 0.0 0.0
2.67892442822 1.68650197055 3.82667210765 0.0 0.0 1.0 0.0 0.1 0.0 0.0 0.0 0.0 0.0 0.0 0.0
2.29042612208 0.545365341401 9.78881379719 0.0 0.0 1.0 0.0 0.1 0.0 0.0 0.0 0.0 0.0 0.0 0.0
18.6956740786 19.7946777967 13.6304836437 0.0 0.0 1.0 0.0 0.1 0.0 0.0 0.0 0.0 0.0 0.0 0.0
10.1820643137 6.96001894198 7.26041402901 0.0 0.0 1.0 0.0 0.1 0.0 0.0 0.0 0.0 0.0 0.0 0.0
16.1156648635 19.9526013147 10.5090900485 0.0 0.0 1.0 0.0 0.1 0.0 0.0 0.0 0.0 0.0 0.0 0.0
11.5548633222 4.45733934106 1.88766416853 0.0 0.0 1.0 0.0 0.1 0.0 0.0 0.0 0.0 0.0 0.0 0.0
6.74438971541 14.4003009236 11.9142958468 0.0 0.0 1.0 0.0 0.1 0.0 0.0 0.0 0.0 0.0 0.0 0.0
10.5621726318 3.26233867635 19.9621795198 0.0 0.0 1.0 0.0 0.1 0.0 0.0 0.0 0.0 0.0 0.0 0.0
1.22000403136 3.89338857852 12.0692560058 0.0 0.0 1.0 0.0 0.1 0.0 0.0 0.0 0.0 0.0 0.0 0.0
0.772549525604 8.02886236357 12.8699437372 0.0 0.0 1.0 0.0 0.1 0.0 0.0 0.0 0.0 0.0 0.0 0.0
2.06485680747 1.52250736418 19.8523094554 0.0 0.0 1.0 0.0 0.1 0.0 0.0 0.0 0.0 0.0 0.0 0.0
17.8788557734 13.3904474195 17.3260631224 0.0 0.0 1.0 0.0 0.1 0.0 0.0 0.0 0.0 0.0 0.0 0.0
10.6732522336 4.39320101271 15.6887998573 0.0 0.0 1.0 0.0 0.1 0.0 0.0 0.0 0.0 0.0 0.0 0.0
19.5706253053 14.9100563883 7.83647288385 0.0 0.0 1.0 0.0 0.1 0.0 0.0 0.0 0.0 0.0 0.0 0.0
5.22648149385 4.28187932088 16.6625063686 0.0 0.0 1.0 0.0 0.1 0.0 0.0 0.0 0.0 0.0 0.0 0.0
8.96509590565 15.8793719478 4.4765874876 0.0 0.0 1.0 0.0 0.1 0.0 0.0 0.0 0.0 0.0 0.0 0.0
18.0968332874 16.6129510794 16.1536136932 0.0 0.0 1.0 0.0 0.1 0.0 0.0 0.0 0.0 0.0 0.0 0.0
9.12988425781 7.81375648168 11.9529439408 0.0 0.0 1.0 0.0 0.1 0.0 0.0 0.0 0.0 0.0 0.0 0.0
14.6256717602 0.132962922734 16.0928589454 0.0 0.0 1.0 0.0 0.1 0.0 0.0 0.0 0.0 0.0 0.0 0.0
16.7317942454 9.87431465289 17.868611918 0.0 0.0 1.0 0.0 0.1 0.0 0.0 0.0 0.0 0.0 0.0 0.0
6.23634117621 6.49694753775 19.5548796744 0.0 0.0 1.0 0.0 0.1 0.0 0.0 0.0 0.0 0.0 0.0 0.0
13.322454346 4.58721792857 8.14197971873 0.0 0.0 1.0 0.0 0.1 0.0 0.0 0.0 0.0 0.0 0.0 0.0
15.3009227408 16.4176121433 2.96089999052 0.0 0.0 1.0 0.0 0.1 0.0 0.0 0.0 0.0 0.0 0.0 0.0
19.4108866506 7.89652555356 8.84155435119 0.0 0.0 1.0 0.0 0.1 0.0 0.0 0.0 0.0 0.0 0.0 0.0
4.934982346 5.66056845201 17.7407662175 0.0 0.0 1.0 0.0 0.1 0.0 0.0 0.0 0.0 0.0 0.0 0.0
4.27257164278 0.387485768408 14.5429962267 0.0 0.0 1.0 0.0 0.1 0.0 0.0 0.0 0.0 0.0 0.0 0.0
16.9031826288 2.48943912695 9.98660217985 0.0 0.0 1.0 0.0 0.1 0.0 0.0 0.0 0.0 0.0 0.0 0.0
18.7427404124 16.314226012 8.2790627722 0.0 0.0 1.0 0.0 0.1 0.0 0.0 0.0 0.0 0.0 0.0 0.0
9.15200559463 5.17792560007 10.5277499579 0.0 0.0 1.0 0.0 0.1 0.0 0.0 0.0 0.0 0.0 0.0 0.0
0.155956866481 12.887628115 4.485054654 0.0 0.0 1.0 0.0 0.1 0.0 0.0 0.0 0.0 0.0 0.0 0.0
13.440717934 13.9860018458 4.8070021834 0.0 0.0 1.0 0.0 0.1 0.0 0.0 0.0 0.0 0.0 0.0 0.0
7.48149805932 10.601170954 3.91532112135 0.0 0.0 1.0 0.0 0.1 0.0 0.0 0.0 0.0 0.0 0.0 0.0
9.1838486169 0.617737621448 6.97907678738 0.0 0.0 1.0 0.0 0.1 0.0 0.0 0.0 0.0 0.0 0.0 0.0
19.0766414838 13.5589043275 9.62605521984 0.0 0.0 1.0 0.0 0.1 0.0 0.0 0.0 0.0 0.0 0.0 0.0
10.593971101 18.7112005323 4.34197317637 0.0 0.0 1.0 0.0 0.1 0.0 0.0 0.0 0.0 0.0 0.0 0.0
17.5125916391 12.4980653386 9.38643754843 0.0 0.0 1.0 0.0 0.1 0.0 0.0 0.0 0.0 0.0 0.0 0.0
11.1302054613 6.53448542739 11.9393684624 0.0 0.0 1.0 0.0 0.1 0.0 0.0 0.0 0.0 0.0 0.0 0.0
6.50546468714 6.32902668584 13.4006509049 0.0 0.0 1.0 0.0 0.1 0.0 0.0 0.0 0.0 0.0 0.0 0.0
10.0291246646 17.3493303858 15.0336560272 0.0 0.0 1.0 0.0 0.1 0.0 0.0 0.0 0.0 0.0 0.0 0.0
4.34853386576 10.6837694132 1.01359856756 0.0 0.0 1.0 0.0 0.1 0.0 0.0 0.0 0.0 0.0 0.0 0.0
9.3717402014 15.4169960718 2.75109656076 0.0 0.0 1.0 0.0 0.1 0.0 0.0 0.0 0.0 0.0 0.0 0.0
12.4939179368 14.1138497175 10.5699576018 0.0 0.0 1.0 0.0 0.1 0.0 0.0 0.0 0.0 0.0 0.0 0.0
11.2309358993 18.8843237753 19.8818918519 0.0 0.0 1.0 0.0 0.1 0.0 0.0 0.0 0.0 0.0 0.0 0.0
9.78857465214 1.16805727878 9.71735372571 0.0 0.0 1.0 0.0 0.1 0.0 0.0 0.0 0.0 0.0 0.0 0.0
0.107219019416 3.3511721784 0.85377268502 0.0 0.0 1.0 0.0 0.1 0.0 0.0 0.0 0.0 0.0 0.0 0.0
12.691267516 8.13493956703 9.91509102787 0.0 0.0 1.0 0.0 0.1 0.0 0.0 0.0 0.0 0.0 0.0 0.0
14.662676082 0.682229555966 4.45389526599 0.0 0.0 1.0 0.0 0.1 0.0 0.0 0.0 0.0 0.0 0.0 0.0
5.89494069285 18.2835198481 6.17280129923 0.0 0.0 1.0 0.0 0.1 0.0 0.0 0.0 0.0 0.0 0.0 0.0
5.0796359795 9.12097395914 5.85088788838 0.0 0.0 1.0 0.0 0.1 0.0 0.0 0.0 0.0 0.0 0.0 0.0
1.49077218683 10.2359807838 4.70963845421 0.0 0.0 1.0 0.0 0.1 0.0 0.0 0.0 0.0 0.0 0.0 0.0
12.4882653096 3.94975629354 13.7048920045 0.0 0.0 1.0 0.0 0.1 0.0 0.0 0.0 0.0 0.0 0.0 0.0
13.0129765642 16.7237715423 17.1557850861 0.0 0.0 1.0 0.0 0.1 0.0 0.0 0.0 0.0 0.0 0.0 0.0
