t = 53956
b = 20 20 20
E = -0.0366087699360219 -0.0366087699360219 0
0.314290295753665 0.0298303026869888 1.60722440662559 -0.918372498427013 0.241209329578353 -0.313703495085612 0.101831828022262 -0.621994700190952 -0.776371512762741 0 0 0 0 0 0
0.133730459595256 -0.409963852360033 1.38072821535746 -0.374628648797208 0.77054224203321 -0.515672162300352 0.0407815750834713 -0.541943278118403 -0.839424882608831 0 0 0 0 0 0
-0.0942069750808479 -0.540439798099797 0.917816488594935 0.562061556639233 0.796557187788589 -0.222673092076928 0.186523183578968 -0.384361505109401 -0.904143357241441 0 0 0 0 0 0
-0.758113275645979 -1.56280096469635 1.68065951199892 -0.341368709824008 0.635398689361702 0.692629702190247 -0.596002699166438 0.423481285907439 -0.682234884324409 0 0 0 0 0 0
-1.25907160739133 -1.57847604001179 1.59446428120664 0.126457487746701 0.956672563603514 0.262270689942693 -0.714332758495036 0.271274132088877 -0.645088280098231 0 0 0 0 0 0
-1.83235596708866 -1.74697715753053 0.659136189202595 -0.741673226043708 0.312689964904641 -0.593418778909852 -0.444964022224932 0.432649209848165 0.784105626930275 0 0 0 0 0 0
-2.9214179602571 -2.25993142603517 1.2750029299569 -0.666460823601939 -0.244603346088308 0.704271977111301 0.2150266244379 0.841439005764185 0.495725554188423 0 0 0 0 0 0
-3.14792749340982 -1.83431660810763 1.43190639476008 0.182326721109579 -0.465033723729247 0.866314218987178 0.17655271424667 0.882246663638819 0.436428495052869 0 0 0 0 0 0
-3.38607503967373 -1.56111570862553 1.68431609041148 0.894788162036923 -0.224236652032917 0.386098348437388 0.16312627331002 0.969141881174956 0.184807110476623 0 0 0 0 0 0
-3.63095509731533 -1.2302234943865 1.04484819945913 0.663150027238032 0.676766134276285 0.319717838617818 -0.321398470892099 -0.128298126376881 0.938212383874664 0 0 0 0 0 0
-4.62058147146351 -0.921229645491106 -0.0534599337966787 -0.797577345514529 -0.546635064057861 0.255069506245492 -0.394571853188485 0.792611309440897 0.464844362416399 0 0 0 0 0 0
-4.58903323136535 -0.109800820736243 -0.154970037392387 0.402731677194098 -0.282962159557423 -0.870482321582695 -0.861201869533899 -0.439294485284661 -0.255639412118863 0 0 0 0 0 0
-5.30439268512592 -0.0550016981635615 0.876802121645099 -0.796568169696184 0.543821870087424 0.264076959960727 -0.191008893390463 0.188043585082458 -0.963408004517553 0 0 0 0 0 0
-5.65419142388629 0.10540694652974 0.434492371509195 0.142329743248922 0.925690650539138 0.350483865315962 -0.102469333085598 0.36596605671523 -0.924969591276953 0 0 0 0 0 0
-5.81626089914431 0.431080383189311 0.0666054160798716 0.745018620136724 0.573097088047982 0.341330957125281 -0.119530586786043 0.618125141269584 -0.776938625629826 0 0 0 0 0 0
-6.03985961524252 1.14409910833688 -0.602780853715321 0.036305591754677 0.494347879892038 -0.868505569802768 -0.616494150870217 -0.672921123870693 -0.408793338929866 0 0 0 0 0 0
0.74669193794452 9.84373817514984 12.9445092724293 0.849326245217288 -0.455994988634946 0.265919922350656 -0.382131963311003 -0.183585669857307 0.905688328978364 0 0 0 0 0 0
8.89407898708212 -7.56634684270379 15.9950802715094 -0.505693602257888 0.819107412657843 0.270808027829767 -0.829022987161067 -0.54824883848165 0.110199884230107 0 0 0 0 0 0
18.1577041527977 -3.25947036059791 16.0344688565621 -0.0484813040780304 0.996512457156748 -0.0679152785186623 0.6105928695697 -0.0242421420066512 -0.791573462820949 0 0 0 0 0 0
17.590007817864 6.52972076858945 20.2342760802645 0.394440538559094 0.862794909066038 0.316230257823071 -0.0364223709010054 0.35854071322721 -0.932803228967242 0 0 0 0 0 0
3.69022446672854 11.848412519598 6.0379517949021 -0.976075016050842 -0.216649696216177 0.0184488090900437 -0.0505883913047178 0.3087953665371 0.949782147878282 0 0 0 0 0 0
7.60236733074502 9.89227094742808 20.6361696206667 0.908357364686513 0.387924626792545 -0.15620909281346 -0.143538767512896 -0.0616278515746506 -0.987723904426052 0 0 0 0 0 0
-3.27771928930617 4.86767364935192 -6.17824239208416 0.419570821157111 0.322064980864638 0.848666228437299 -0.389833607140262 0.908262239590832 -0.151952104324725 0 0 0 0 0 0
9.74873835860655 15.1588665421142 -2.35748365406344 -0.819965718788559 -0.260186316106494 0.509861932078976 -0.297312730709454 0.954737088074597 0.00906764939996076 0 0 0 0 0 0
16.1329624579559 20.7575704331624 17.0335772658107 -0.161785736551635 -0.653464983879758 -0.739465227029991 -0.723378564303834 0.588223831537097 -0.361546814058067 0 0 0 0 0 0
6.02619959053715 1.77980270854398 25.4466755898305 0.742182452445586 0.656504399084804 0.134785434798581 0.653484305198792 -0.66425413000967 -0.362938902590767 0 0 0 0 0 0
10.6971915964095 1.78169801830171 18.0058871714307 0.443931968473595 0.350774510871842 0.824549298312916 0.271736995647814 0.824159725386992 -0.496910166940339 0 0 0 0 0 0
-2.79490845900284 5.30686956283618 17.8275934283826 0.310450680998051 0.907139487691903 -0.284109667956257 -0.69465099268243 0.0124701811874697 -0.719238746005613 0 0 0 0 0 0
-2.5801234179728 8.26494895641536 26.9797238253287 0.430332486635612 0.8516954109322 0.2990465602651 -0.878936237261401 0.470824963947877 -0.0761239211340035 0 0 0 0 0 0
6.26699192738692 14.9587562574184 3.48490778819384 0.978035779537218 -0.091885981057593 -0.187090518806558 0.208402961429218 0.414910929454281 0.885673205872032 0 0 0 0 0 0
4.39274851766272 4.6409246954496 14.6202207313241 0.498497285409366 -0.217564899363529 0.839145909504329 0.428427513740755 0.903348120887561 -0.0202981779681123 0 0 0 0 0 0
12.3306178745785 11.4084697598013 -8.01843998767451 -0.952657465211646 -0.297604820715617 0.0622496266034599 -0.287129625540327 0.813259424996497 -0.506128091915578 0 0 0 0 0 0
6.52994421505097 4.41787776765414 2.92605384059784 0.120463305481226 -0.481401541198581 -0.868182617069314 -0.612445522846337 -0.724321476144593 0.316652528924131 0 0 0 0 0 0
1.27690771589363 2.13382990294688 7.91246014245578 -0.833514643057052 0.379078837169508 -0.401935906508574 0.226126116597431 0.897831001809107 0.377844476562011 0 0 0 0 0 0
23.464774569644 6.67186327117849 4.1103751922605 0.13103037275361 0.138156886875063 0.981704435709203 -0.711203152567482 -0.676775808442201 0.190169703888626 0 0 0 0 0 0
9.12789944237457 16.5845499340257 7.03559713607002 -0.248512721011916 0.898942500363309 -0.360754467275542 0.798843077239277 -0.0204242534365329 -0.601192538758493 0 0 0 0 0 0
19.9350777520185 10.0078684285987 21.8309036376567 -0.0034280434835118 -0.873831872851174 0.486216081926629 0.504328019302054 0.418344391167301 0.755407916942562 0 0 0 0 0 0
6.78126042764135 2.85689622138681 16.6793749128766 0.0209144828473326 -0.894145161421009 -0.447288487234619 -0.805082394847119 0.250203922536476 -0.537810582740842 0 0 0 0 0 0
19.342142037854 1.6983116029298 5.2986695326118 -0.484422126688706 -0.709148130700337 -0.512292955874472 -0.847887313574745 0.236359951543973 0.474574508623865 0 0 0 0 0 0
14.6988629559765 6.53361745626156 6.37772960501638 0.221334550056155 0.491867619702122 0.842067201161207 -0.345142298758986 -0.768084690967957 0.539372461502004 0 0 0 0 0 0
5.45091718339078 25.6918471468861 21.5419990975539 -0.308537298685077 0.35685186457551 0.88173770365132 -0.547398117610808 -0.824698824928088 0.142222047751676 0 0 0 0 0 0
3.28340879095298 9.31705040486175 17.1615517978744 -0.926107741956783 -0.169400616434712 0.337087178116955 0.375125644795053 -0.508386737051742 0.775128110577971 0 0 0 0 0 0
24.7163384169298 20.261627148984 16.8510827269312 0.484752728876448 -0.870751022576396 0.0825070888170031 -0.407659309192045 -0.141468218599125 0.902108925757823 0 0 0 0 0 0
15.5270332801499 7.04552012173 9.70569859217086 0.0894551349785274 -0.971422565418943 -0.219854432533928 -0.571922037810052 0.13061871945316 -0.80984184605402 0 0 0 0 0 0
8.59865900331119 8.90875548798447 9.94659472992299 0.528477018434346 -0.100751138930912 -0.84294788153933 0.205357985409914 0.978616019529369 0.0117804543656991 0 0 0 0 0 0
7.20651541955953 4.1406260356105 11.6624597975137 0.467580571589756 0.529335142988095 0.707935469984529 -0.520412176628739 0.812216131327443 -0.263583159288517 0 0 0 0 0 0
-2.52584092118038 -3.7221271538228 18.9800885062785 0.131901891206558 0.353961421944435 0.925912036101428 -0.673698542301579 -0.653177713588119 0.345671925708203 0 0 0 0 0 0
3.36615777992822 18.3820892623181 20.1077365176811 -0.199179157334898 0.925375695204235 0.322501889731949 -0.586770010774304 0.150961803362617 -0.795557271281492 0 0 0 0 0 0
9.09925961380615 13.8457255342378 7.79337760680089 -0.219636523610961 -0.293891587078874 0.930262018803004 -0.463700274977922 0.870397754250274 0.165498566411394 0 0 0 0 0 0
-6.52701704892262 8.94492322835021 9.88823836008247 -0.666096172498604 0.26364407222679 0.697715974619412 0.248867149503489 0.960396587496868 -0.125313715798232 0 0 0 0 0 0
16.3047855751334 2.61845668646419 6.7745972476442 0.4633966939677 0.878460757323145 -0.116491092564082 0.385626347454023 -0.081548932591778 0.919044054072431 0 0 0 0 0 0
4.03873859014237 18.2272442384764 13.2653853212692 -0.778671415110933 -0.304271660149551 0.548716207110961 -0.497077660790682 0.832815025564048 -0.243583447322682 0 0 0 0 0 0
6.33234053192983 -1.93476749149747 24.1984455568786 0.828231995396617 -0.3231778879818 0.4578075007712 -0.466804010687543 0.0541078690390362 0.882703934087639 0 0 0 0 0 0
9.74349673483697 3.72796862129841 19.7028755693397 -0.98911352142327 0.0903366344506697 0.116162024678198 0.141265918204605 0.361845752541707 0.921472456517505 0 0 0 0 0 0
-1.47096815268861 21.1677537659043 12.7312684179119 -0.498122420089582 -0.0176461536943526 -0.866927072302927 0.784642906464778 -0.43471377976824 -0.441994731113999 0 0 0 0 0 0
-2.98265563363636 5.56828534998984 6.95864885103901 -0.332323109430703 0.0809946582181583 0.939681381028258 0.377728011671914 0.924345693114097 0.0539126280634584 0 0 0 0 0 0
-5.10328682930073 22.0606915592643 9.29362540251312 0.881723598554795 0.270688125884333 0.386382354387775 -0.439031603391992 0.77057108553097 0.462029658075596 0 0 0 0 0 0
12.174015728688 5.33881347920079 -4.28985277046474 0.601922344306836 -0.467670024776582 0.647282122581211 0.793190615478319 0.443936768473344 -0.416855727319459 0 0 0 0 0 0
5.26185294772331 -6.60950357308787 4.6144527367996 0.0995146230673283 -0.317942170759338 -0.942873007721541 -0.137254434800856 0.934132421207782 -0.329481144512285 0 0 0 0 0 0
-7.72346299439217 6.04263234728491 9.38206967115551 0.029475771436896 0.920361970738803 0.389955130091739 0.653092128030885 0.277604700985681 -0.704560992584931 0 0 0 0 0 0
7.66414775515945 -3.07465418363379 16.2118178446745 0.382346352991374 -0.684736854148305 0.620440685004616 0.634129080952423 -0.293936827254985 -0.71517923722936 0 0 0 0 0 0
0.208175551825049 0.202422288798684 11.1716134169511 -0.386089433536539 -0.847476178746879 0.364306247787138 -0.907574535972785 0.278316398710826 -0.314401548798803 0 0 0 0 0 0
5.57142321605621 13.4629748004661 15.4311767961408 -0.860508546593462 0.508475880162514 0.0312607124769019 0.299962459192444 0.555321930883399 -0.775654558233185 0 0 0 0 0 0
28.8274933255715 5.63011221180887 12.7775192560726 0.102465645608596 -0.00632176245229869 0.994716395554534 -0.413107530365278 0.909398702668429 0.0483337078858703 0 0 0 0 0 0
5.18733573862561 6.23610130515775 5.24717895127733 -0.033077869276589 -0.976942835556088 -0.210923078836512 -0.0892070576351839 -0.207310363067473 0.974199363655589 0 0 0 0 0 0
9.51824296807502 20.7986384017783 12.0203513532422 -0.205024926841143 -0.896891614300692 0.391854805068517 -0.723963650593267 0.408394720374627 0.555958888464769 0 0 0 0 0 0
8.60025777300561 17.3042164200098 24.6427323345739 -0.502704797389936 -0.755486031626023 0.420153176269817 0.822898795041439 -0.269326306924781 0.500300712527342 0 0 0 0 0 0
11.267061823231 18.7068476039468 9.23012442814837 0.805614090062287 -0.00274794907948256 0.592434188294851 0.278917091076598 0.883993237064112 -0.375181538826718 0 0 0 0 0 0
18.5378167958744 4.64720493944316 11.394324266533 -0.748788373193184 -0.022974888863196 -0.662410754370788 0.656273367825098 -0.16570063420096 -0.736103559679419 0 0 0 0 0 0
3.29841534657841 16.0880945114903 -0.359734479645315 0.63776051934205 0.0206998622138096 0.769956438063013 -0.315431335753095 0.918987940139116 0.236567579713407 0 0 0 0 0 0
9.35871344293851 8.5556182436223 6.79358187678546 -0.337855653227765 0.565129391043089 0.75265014968711 -0.193791759499029 0.740769351854156 -0.643199399493942 0 0 0 0 0 0
7.9371029484401 9.80510360892699 -4.3780874172338 0.653276651948683 -0.393781302358499 0.646657406365463 0.731554552706127 0.548371992702165 -0.405112343274271 0 0 0 0 0 0
8.55362108202944 18.0689323839554 10.5250558675527 -0.323550765761896 0.417707605576138 0.849020117434831 0.94603405359353 0.160145603870699 0.281731856293022 0 0 0 0 0 0
5.81870216809812 11.1225345894376 8.60518108174156 0.407225669122921 0.715926758649956 0.56711204584978 -0.68070066352016 -0.176086884706753 0.711083609855031 0 0 0 0 0 0
0.133038609542883 15.3884140675729 15.3631729237113 0.0643664379250471 -0.120388171088813 0.990637942161103 0.421740908233974 0.90297068453384 0.0823318114898146 0 0 0 0 0 0
17.990407459465 -0.941337753358217 11.9268002700207 0.230641739989058 0.399285360873457 0.8873418102192 0.966166879196304 -0.202162890734242 -0.160161208839179 0 0 0 0 0 0
12.4019709730632 7.73525688225258 22.7814141123521 -0.460770362700393 -0.864986046049394 -0.198720363777855 0.106312343567583 -0.27608571228978 0.955235183057996 0 0 0 0 0 0
-0.600110589263095 2.67559655743385 1.31151808139004 -0.803290256481026 -0.13030780548918 -0.581157915274454 -0.457603452864724 0.759588819028601 0.462194607827198 0 0 0 0 0 0
-0.697828078526624 19.4174761084483 15.5500396400749 0.375440589691909 0.0604141673898111 -0.924875328472008 0.566450113138925 -0.80478130198429 0.177373288013487 0 0 0 0 0 0
14.1476478670308 20.047584684009 -3.06938565612066 -0.829115390250282 0.557723575006987 0.0388844622305967 -0.218513884756592 -0.259254055140882 -0.940765064117861 0 0 0 0 0 0
9.48311110702507 17.8655012682312 2.6171026371149 -0.802239372174894 0.486601413235698 0.345877092890892 -0.312615275782494 0.151174747449903 -0.937772770235944 0 0 0 0 0 0
12.5909267135029 5.53358541329746 6.93836451127715 -0.973514957592673 0.164768361193842 0.158492581908146 -0.221170715809465 -0.503182142376051 -0.835398801193634 0 0 0 0 0 0
18.6718902679017 0.159714179576776 -0.431227535930019 0.543587803257252 -0.800198760540253 0.253365745321624 0.332798847300627 0.482593301687458 0.810153405816391 0 0 0 0 0 0
14.5905869946659 14.3867949104968 7.97351832295071 0.119114271782911 -0.43338427476892 0.893302727982779 -0.299067295860145 0.8422625751727 0.448500247902793 0 0 0 0 0 0
1.07830693842932 7.27940965586222 15.3216717086882 -0.275330788736839 0.87546513824174 0.39718222600503 0.890814020941652 0.0770013696733146 0.447795768916734 0 0 0 0 0 0
-0.705772675463342 21.3728688640907 17.0884869560904 0.101158579544095 0.475034866513892 0.874133127774028 0.941084136077424 0.239298233757395 -0.238949559030905 0 0 0 0 0 0
12.05607373393 9.74757749395642 4.99938496415747 -0.340926841430282 0.89582594252776 -0.285069721196898 0.320484187291787 -0.174319496614228 -0.931075981437203 0 0 0 0 0 0
7.28814584312583 -2.18305487641722 13.6625826460385 -0.886944026126841 -0.183724388349003 -0.423763528938329 -0.262076262386325 0.955671377191345 0.134194788186044 0 0 0 0 0 0
11.3641058596308 15.9247773692181 15.3498424323452 0.62312310802141 0.212474440762329 0.752709831505438 -0.725837119962877 0.515584944349105 0.455337844818982 0 0 0 0 0 0
6.41269402232061 2.55673189021019 10.1584124497047 0.599967241784528 0.797839945036616 0.0590820409484789 -0.765310110651839 0.593884753634027 -0.248196004743902 0 0 0 0 0 0
22.5747776885599 13.311735922306 7.20836788331292 -0.843727949955479 -0.227197591951909 -0.486317064906554 -0.310687721996074 0.945519332049966 0.0972950126435647 0 0 0 0 0 0
7.34941077947061 26.7435231616679 17.0465395625383 -0.329872763172703 -0.91230612955232 -0.242655035198036 0.59667946730162 -0.400681234490845 0.695289911876176 0 0 0 0 0 0
11.3601915496229 11.0114200651151 -5.89173600501328 -0.613329670248227 -0.758658728287476 -0.219689778983003 0.147040445678965 -0.382963080740933 0.911985901425007 0 0 0 0 0 0
15.6600886564558 17.8636039224661 16.2926221530337 0.379696096049187 -0.0917166809062195 0.920553532871415 -0.58344337719946 0.748483964464256 0.315222981581428 0 0 0 0 0 0
6.1965878228126 16.902244562649 9.00070298874608 -0.0231826101015595 -0.154270710231517 0.987756548032654 -0.783918913271783 0.615968675610923 0.0778052318401151 0 0 0 0 0 0
12.7295684440127 11.8299125169773 6.04111022243962 -0.540746604250896 0.554739251283195 0.632342779315576 0.841182272328491 0.358678472185254 0.404675220934197 0 0 0 0 0 0
2.50461616991625 17.3165352424619 21.8619688440244 -0.752824354240391 0.554072750076599 0.355329138507748 -0.523512745401187 -0.831238816525491 0.187019780940772 0 0 0 0 0 0
9.38952380173075 6.09163006256083 -2.76448265289609 -0.345656084029193 0.781826953731492 0.518910820517669 -0.535179776393461 0.289985138636747 -0.793404762479066 0 0 0 0 0 0
3.29528468775315 2.11782083246622 -2.11985617573846 0.196453569809393 -0.608704716046346 0.768690112159884 -0.9229704929682 0.149813037881488 0.354515734851069 0 0 0 0 0 0
14.1489275867994 15.5798779608307 18.9475993678974 0.932686603639339 -0.348316041398632 -0.0936564463867129 0.270243979683576 0.846813987614901 -0.458120320548559 0 0 0 0 0 0
2.64044692388229 14.9947622681602 23.3846489509735 0.869604640769495 -0.485077042966544 -0.0921300167133923 0.361950795599758 0.753195096235072 -0.549261974826795 0 0 0 0 0 0
1.43059707181859 3.949914054443 5.07755738142777 0.0783036229255754 -0.694765191639464 0.714961404172132 0.62397603160935 0.593474761590082 0.50837146075516 0 0 0 0 0 0
-1.80987036599848 6.03602169665559 15.1730276774203 0.86424340070361 0.427666270136141 0.26492415579181 -0.418026172559484 0.903476831453098 -0.0947824465840916 0 0 0 0 0 0
28.1165649217224 14.1933596335245 11.375263175164 -0.152255505528877 -0.571245794488722 0.806533584549574 -0.393844640025889 0.783524229138781 0.480599766801727 0 0 0 0 0 0
14.2386329931114 0.6700039835182 13.1358721033501 0.589700372997922 -0.146682197958923 0.794189956020364 0.802284464350714 0.219265351809778 -0.555213679837952 0 0 0 0 0 0
-7.0015516030225 19.6458310815846 1.27280696790108 -0.440510698316125 -0.821131044379861 -0.362896808739052 0.586266830238011 -0.569253770586256 0.576403736851592 0 0 0 0 0 0
15.3204546283779 10.922728313114 12.6520254314482 0.279191530369219 0.299453412544177 -0.912348417308995 -0.944347592137243 0.257748655819101 -0.204384794831558 0 0 0 0 0 0
18.4768190880654 11.3947782370596 12.8980068256283 0.27371709004013 0.951548413696018 -0.140123373284595 -0.490505183326726 0.0127833019088975 -0.871344440007573 0 0 0 0 0 0
-1.37093359075423 8.44731250393668 20.3811543439297 -0.359937251721817 0.348080739595734 0.865612424113448 -0.592404733444351 0.631495453257984 -0.500269979747911 0 0 0 0 0 0
4.19772803180538 -3.04033677426305 4.25578079414346 0.783728889901047 0.0420034580652504 -0.619681061229122 -0.605860861002203 0.271375151054526 -0.747855623810912 0 0 0 0 0 0
7.63588419983494 0.203567277486383 -3.01816691267686 -0.962062200065486 0.168755715149563 -0.21437750813724 -0.0296209154523306 0.716503793101677 0.69695398544579 0 0 0 0 0 0
16.9196336382789 10.2926350676155 21.7993742034546 -0.999503580788798 -0.0209830216788602 0.0234986304877268 0.0315026445569443 -0.671314739935191 0.740502557622633 0 0 0 0 0 0
7.06587882637788 16.2263385444063 21.039750119132 -0.158462064641927 -0.882453895312561 0.442905035350741 0.857008374605936 0.099837679871722 0.50553829282465 0 0 0 0 0 0
20.929787049939 7.22422728967284 6.28496451295409 -0.398361485506291 0.155458444123885 0.903958341234523 -0.375513956503004 0.871513530332298 -0.315362341210293 0 0 0 0 0 0
5.3734222187762 2.96835562920701 -6.07164310832205 0.171950970561836 -0.943591301972662 0.282963434907796 -0.0295676631597456 0.282168793944541 0.958908971332115 0 0 0 0 0 0
12.8357899405422 -0.0361439185844197 14.6698379519852 0.291971266360761 0.728409356634744 0.619816531586122 -0.662847471847991 0.621286382819067 -0.417895185894094 0 0 0 0 0 0
1.56500721833214 -4.29579675078047 6.66051321878743 -0.262776362988728 -0.259491143889443 0.929307709058261 -0.244558804453631 0.949616457393411 0.196009089845442 0 0 0 0 0 0
19.9734685999049 16.3742126869722 18.3329297542746 -0.123488083677498 -0.987412112583584 0.0988332440557846 -0.938324379327817 0.148597711582198 0.312195391853578 0 0 0 0 0 0
13.6058015509971 17.8521138592697 16.8537917576431 0.749582663616864 -0.66022899242626 -0.0471533744197817 0.654671724368288 0.728994431900555 0.199929977024632 0 0 0 0 0 0
6.31508724546044 -3.79807793502699 18.5979588462046 0.15909443544995 -0.833225416758175 -0.529551063666688 0.0472195753055437 -0.529346893987891 0.847090368099804 0 0 0 0 0 0
8.23627605646841 11.9307929577793 21.0592828790525 0.0896410990192456 -0.865843744498782 0.492218501926858 0.986188884037391 0.146269352914843 0.0776958476375655 0 0 0 0 0 0
11.8571768527049 17.1952977581223 2.70916164016011 0.575454452024208 -0.753347760221217 -0.318306886920616 -0.280250562999261 -0.547287253202716 0.78862931781484 0 0 0 0 0 0
9.79057503028871 0.647847031494515 9.81658665126298 -0.70569333996322 0.638631885657528 -0.306832452591601 0.558747045864673 0.235341971330523 -0.795245737279355 0 0 0 0 0 0
8.51132948467095 5.25192131451209 8.34797900849144 -0.508514654986375 -0.729475845100474 -0.457468885614298 -0.557176967924753 -0.126292737807695 0.820733728735029 0 0 0 0 0 0
1.51114373727307 26.8532288015579 21.2073201554511 -0.0841069966686801 -0.892398936613321 -0.44333974192364 0.653978737099123 -0.38512305978594 0.651146633804686 0 0 0 0 0 0
15.1894020209224 27.3067787090246 17.5424970049415 -0.254449890888081 0.155297993461952 0.954535316224327 0.760273019389109 0.642139434066905 0.0981927347161633 0 0 0 0 0 0
6.63940876766045 14.8195998031168 16.7471722423145 -0.947933467919521 -0.235889475662428 -0.213958367664698 0.317659823814169 -0.652512547928192 -0.687982225553372 0 0 0 0 0 0
-0.174822962565918 7.53130271894385 12.9180603928172 -0.434881373925672 -0.588620458355956 -0.681471986739722 0.866272496387304 -0.0668383894157975 -0.495080269276077 0 0 0 0 0 0
14.9959970123553 7.83656049965617 2.34249772943877 0.290417136919621 0.807721394024522 -0.513073089123759 0.956216456126528 -0.224702546891805 0.187506643250042 0 0 0 0 0 0
-0.40445637233812 17.0966121622498 14.2837022097629 -0.702333741753161 -0.277972353718285 0.655330890287635 -0.306635573869887 0.9489546011589 0.0738903100365336 0 0 0 0 0 0
5.51765951639382 6.37453884054989 29.396113217926 0.320579230747234 0.56850031187849 0.757651814177105 0.919298092124634 0.00605048930973284 -0.393515298546593 0 0 0 0 0 0
2.21844582152115 -0.506313620506495 -1.73545655890529 -0.291395588479427 -0.923449623491404 0.249658539481111 0.952098285167424 -0.254675375822072 0.169260736302653 0 0 0 0 0 0
13.4450623563762 17.5544749889603 8.4141303856885 -0.397595436451304 -0.832317303119446 -0.386219806864265 0.303412681538688 -0.516501310637766 0.800729076144724 0 0 0 0 0 0
23.1145838979734 20.485535391717 20.7662600066454 0.932946913214482 0.0576636428960543 -0.355365787040107 0.32979250799239 0.258987630180571 0.907833794189321 0 0 0 0 0 0
18.697112420004 2.35906998555372 19.0346425117101 -0.392829919458511 0.793352075246225 0.465056012650802 0.723459373524336 0.578801358855522 -0.37629169878422 0 0 0 0 0 0
-4.85945464448709 13.2749124183027 1.92162013779016 -0.244615818512136 0.849093695099478 0.468191162893769 0.331351231503267 0.526993279324033 -0.78261379928181 0 0 0 0 0 0
13.8378212741111 18.0066414096727 13.0540901078218 -0.513515876555248 -0.783313850522086 0.350315300895047 0.356796948900579 0.176368766677858 0.917382079558241 0 0 0 0 0 0
7.43826426098332 8.69986132032238 -1.53809707874749 -0.278211891805014 -0.875789534510566 0.394450005355759 -0.959750761311497 0.237038541961359 -0.150635630830171 0 0 0 0 0 0
18.4132758013838 5.08387322274309 2.88160771408081 0.678694684882507 -0.221388176243155 0.700257586010637 0.690623485962454 0.516732140403573 -0.505991114874602 0 0 0 0 0 0
18.103696768703 9.98345876648887 4.64464282810808 -0.244074867258939 -0.545069159514467 0.802076671351666 -0.295130743122195 0.829608658381273 0.473969704980739 0 0 0 0 0 0
6.29543166259665 23.00691564129 7.66485530569094 -0.426183762767468 0.674418078126813 0.602932493120865 0.884596038283706 0.450197741454191 0.12170352334314 0 0 0 0 0 0
-2.28955732822081 13.7308077429991 8.66006064121134 0.988872908464065 0.0173622747645878 0.147745738170264 -0.0677518182484371 -0.831620900094972 0.551195367255859 0 0 0 0 0 0
4.95091113178189 9.2478490207631 2.99936455964325 0.0254836160907139 -0.198121457524681 0.979846089367691 -0.836483852780743 0.532488967254045 0.129422480202057 0 0 0 0 0 0
5.11405914001356 18.2140763403283 1.20179619512057 0.811300867346447 0.269627839508353 -0.518740417031573 0.581797516418141 -0.285137725819497 0.761713868645585 0 0 0 0 0 0
3.02493848287491 13.746088972218 13.8266647743277 0.953890919809235 -0.299688124064878 -0.0167042778121114 -0.23448049518438 -0.70928452062431 -0.664781397862405 0 0 0 0 0 0
10.8289402315399 -6.88984672192916 2.57301278044149 -0.158370868788948 0.46876736042774 0.869008479074131 0.421633562148655 0.82794372683369 -0.369775995670567 0 0 0 0 0 0
21.3765657284071 22.2679936824946 3.33262715019778 -0.296133420037218 0.950490185593324 -0.0941986895661636 0.861328876003683 0.223119613593411 -0.456431913999673 0 0 0 0 0 0
5.42423852494625 13.6817370395522 8.23076781276219 -0.0774846564235152 0.622943435850686 0.77841989363091 0.420387740723312 0.72837959475596 -0.541051991428116 0 0 0 0 0 0
15.7447537828155 8.69244753290582 19.8497447929497 0.531858902987155 -0.844284584605825 -0.06564764485742 0.256038337655243 0.234215809320495 -0.937863109225042 0 0 0 0 0 0
4.62646641944892 20.3712846350363 9.4817232595651 -0.660852220954091 -0.615013621065733 0.430154058267851 -0.706775943257449 0.317173041334045 -0.632351896230621 0 0 0 0 0 0
11.9410881377546 -3.13107336490092 6.2264977704064 -0.175753872615707 0.37011747841302 -0.912208049490132 -0.543299391979643 -0.809201873836886 -0.223647170568483 0 0 0 0 0 0
14.8537001313071 18.5717490557675 27.1964580122447 -0.80221392691535 0.581676417720136 0.134555868159652 0.572989516996722 0.813413632339665 -0.100205966890242 0 0 0 0 0 0
13.3840744327912 9.21329715085111 21.3637928613316 -0.916047657108101 -0.329387689623887 0.228823804608412 0.375041629124734 -0.905684927384002 0.197682997009962 0 0 0 0 0 0
8.74486305686623 2.38684655645775 9.27321121306457 0.357929588928145 -0.859016678696526 0.36602831017193 -0.659153751923995 0.0452004786449575 0.750648472381742 0 0 0 0 0 0
17.731158896073 16.1676086502481 11.6115922278693 0.727909607506127 -0.648092211873881 0.22388394107243 0.027841570488736 0.354184403550889 0.934761012761625 0 0 0 0 0 0
1.23991437144489 4.0253378797569 0.127789863975847 0.774283389092114 0.610426168968794 -0.166928280481774 0.368955902074574 -0.649740969431094 -0.664611274418043 0 0 0 0 0 0
8.55863913461073 10.8172215766313 6.07753084108919 -0.765997820654193 0.636781829996957 0.0880691141533697 0.0713047471225104 0.220318071177371 -0.972818311468086 0 0 0 0 0 0
12.7384844152922 14.4627271714152 17.1046899566125 -0.287270504066672 0.0177684005660298 0.957684615237696 -0.707057275834607 0.670563195792459 -0.22453272263016 0 0 0 0 0 0
14.1906847630737 2.95941390245195 7.11441155386667 -0.0566839874290947 0.972349042136161 0.226548580495828 -0.689236082630306 0.12605634796659 -0.713486721826505 0 0 0 0 0 0
17.4499212253343 16.1712484330707 2.87310666135423 -0.166344814495635 -0.606113391987506 0.777789099517888 -0.937840348086875 -0.146413893413045 -0.314671791970821 0 0 0 0 0 0
18.1741247893047 7.92452426600196 3.78954229028235 -0.40380533108105 0.913796827476499 -0.0437789106512547 0.768909478803394 0.364931028578337 0.524979480030809 0 0 0 0 0 0
7.96363726072599 9.50085915570469 2.81717208792642 0.118584846978017 0.336792746829195 0.934081460078832 -0.465647848906626 0.849725645256852 -0.247261754958774 0 0 0 0 0 0
15.5973686494845 4.15877408170435 16.6892361488684 -0.476868106564122 -0.536514576726981 0.696239063114297 -0.485892662812691 0.820977878199934 0.299839298407444 0 0 0 0 0 0
-1.7318357801025 9.11106169347997 12.0192885140114 0.352327417541843 0.914049596813056 -0.200944534144785 -0.568912344229076 0.038695991437936 -0.82148721584674 0 0 0 0 0 0
-3.90293879592089 8.34271061064155 15.7178043328505 -0.515886896018468 -0.634166542300836 0.57592832529352 -0.722627493635313 -0.0389139175743177 -0.69014135757292 0 0 0 0 0 0
2.242101048293 4.33600327852353 8.41698801351332 -0.327987445200915 0.036160878928512 0.943989675564456 0.922277045731366 0.228596427827678 0.31168671951437 0 0 0 0 0 0
12.5130558914918 3.64580127894288 9.33327166393953 -0.964345576006448 0.256212374406196 -0.0662775818366893 0.141190550762829 0.286270145180167 -0.94768904336486 0 0 0 0 0 0
17.1891546530357 10.5319625535942 19.7768032887328 0.397283147921431 -0.166699719727436 0.902428494632021 -0.194137952559274 0.945840273494394 0.260185741056491 0 0 0 0 0 0
29.3687906510867 19.7189416421531 1.54065906709042 0.941775249295803 0.237832094939533 0.237687109377393 -0.0994995284224406 0.87235326856916 -0.478643489634423 0 0 0 0 0 0
4.45584991226028 2.51140755456477 8.68284240395618 0.943444223126172 -0.245880298668003 -0.22238652066744 -0.236338808878869 -0.028380567083734 -0.971256089667627 0 0 0 0 0 0
7.42244678344085 13.8504754088631 6.27115812373817 -0.270199277793146 -0.598035860905712 0.754549788136198 0.432049359779545 0.625050204908238 0.650111928380469 0 0 0 0 0 0
20.7671907656313 13.7788024005602 25.937138379404 0.336080783166826 0.0578951318132235 0.940051989034963 0.560939328495008 0.789470805764224 -0.249164346733523 0 0 0 0 0 0
9.58699369811987 -1.49819253603348 14.2254069825936 -0.420863036524689 -0.76768013773762 -0.483261276800688 0.646490731106969 -0.627544571576895 0.433863426683945 0 0 0 0 0 0
19.0775168165912 -7.07373859847341 15.2704819461768 -0.721544818930497 -0.524919504335012 -0.451478130014009 0.424846525254037 0.179213667049457 -0.88734873423119 0 0 0 0 0 0
11.7181011945441 3.23089909116294 20.3373551746604 0.972299795325226 -0.0732193523646797 -0.221972781844097 -0.0323798117914756 -0.982705842410047 0.182320517205041 0 0 0 0 0 0
12.2819483197738 6.50632931097067 20.4053217997646 -0.0699751419561229 -0.964173025187837 0.25587858179138 0.856605143561228 0.0733722375678772 0.510728914602656 0 0 0 0 0 0
19.3187783823734 3.65869072714275 7.55307018674703 0.310194149795131 0.950397035737792 0.0229140210510852 -0.950448806430903 0.309507245279557 0.0291928704287511 0 0 0 0 0 0
20.6986246567435 10.560693016874 4.40867861781229 -0.30178197293323 -0.89177976560153 0.337129746641599 -0.314503174725954 0.426942390287874 0.847825365852383 0 0 0 0 0 0
20.4994483887737 5.49051769183971 3.43889011880203 0.66927990897417 -0.697571456154919 -0.255848403942839 0.675209878904428 0.714720544346592 -0.182389979452362 0 0 0 0 0 0
9.1973222617407 -4.72422707928959 15.1508870069593 -0.884921297362398 0.348551928550945 0.30891057905346 0.322364269067334 0.937098858809205 -0.133891718646183 0 0 0 0 0 0
5.64432790895969 -4.62834467169638 11.2673363552588 -0.398832300282832 0.236295457924875 0.886057075058939 -0.153000968382269 -0.969834329205911 0.189768465463128 0 0 0 0 0 0
13.8940922365079 -1.80278117599177 10.3331255729055 -0.560145174849316 -0.823704294088692 0.0880260226623318 0.659149986966313 -0.378819854960283 0.649628132140192 0 0 0 0 0 0
23.3319293558735 17.5788182990715 7.48700586945925 0.370214916917334 0.667359264970078 0.646198468454744 0.332181103055801 0.554524011591272 -0.762993284890862 0 0 0 0 0 0
11.4326847960234 5.53209947855393 12.4317869174287 0.503213481201758 -0.812933800496871 0.293112244572031 -0.283108445660574 -0.475552968971688 -0.832885880206788 0 0 0 0 0 0
2.44240772818952 19.2296594377965 8.62282671691602 -0.609277872832953 -0.649429659198259 0.45499617855327 0.761824079531703 -0.320202741546301 0.563111151696663 0 0 0 0 0 0
11.1854325968101 10.0431036617586 10.5097824542591 -0.344580052702576 -0.389319903022841 0.85422157503135 -0.654892224513583 -0.552260990618893 -0.515871970222168 0 0 0 0 0 0
0.353561131415631 12.3768359859965 -6.69672909940112 0.0232241705791496 0.697869073603273 0.715848680139305 -0.556574119737351 0.603839554372832 -0.57061630371947 0 0 0 0 0 0
10.8605546477985 8.89734064080174 8.606580305871 0.946172558882614 0.170470827257665 0.275131005389411 0.2236495506389 0.270116600521442 -0.936492279792173 0 0 0 0 0 0
15.7889484807461 12.6791260682338 4.38435550583009 -0.732457312457836 0.524188350920127 -0.434433851964752 0.604429134197437 0.207008217299632 -0.769293770677284 0 0 0 0 0 0
1.44566573202747 15.1139018724506 -7.69341631538722 -0.385285197422921 -0.0712268427996433 0.920044528763185 0.922687078170988 -0.0143127110281749 0.385283769310938 0 0 0 0 0 0
27.6965565735393 10.9046158196445 13.2546156678325 0.233208203886261 0.442665836609467 -0.865829541474017 -0.494164198017265 -0.712894460549577 -0.497577305441835 0 0 0 0 0 0
7.01369966855434 8.29873886714528 7.62485699671557 6.72076496098346e-05 0.758710944052693 0.651427392938327 -0.850599628499006 0.342572925891061 -0.398903443485328 0 0 0 0 0 0
7.79222349906052 1.07868717084531 3.6015350075844 0.870657062687816 -0.491431762173188 -0.021237040744 -0.478126497758266 -0.85564744353708 0.198147603007435 0 0 0 0 0 0
12.3364241077074 12.3687219956285 18.3757572470284 -0.694606951063952 -0.518635527295927 0.498536143339777 0.675435111513084 -0.708694483463894 0.203812364459284 0 0 0 0 0 0
3.54834001159134 7.36676767974999 -0.431446385551027 -0.0821814308520025 0.153826295917284 0.984674345516829 -0.990773488557356 -0.119448363676926 -0.0640301903665048 0 0 0 0 0 0
8.0291840997368 18.4165097991723 -1.21391858978934 0.786321756427888 -0.564024813441137 -0.252138898040177 0.103382423708439 0.522480950513536 -0.846360233087464 0 0 0 0 0 0
15.3565605749392 15.1196732009734 11.3336199315368 0.402600858041523 -0.0607503782249213 0.913357444750095 0.91243230264034 0.106584012257034 -0.39510381366748 0 0 0 0 0 0
-1.78216998315818 12.2737915799463 22.3224006113801 0.674646148489483 0.61610536258138 -0.406530051247921 -0.253392452440813 0.710586376607328 0.656398664996746 0 0 0 0 0 0
9.68392788298425 4.10087652574205 11.5137823878803 0.905216142162165 0.344762561324893 -0.248439946944579 -0.410196177378486 0.861621215966489 -0.298911267019396 0 0 0 0 0 0
15.6774622720582 2.55995703018842 -0.955522625791879 -0.627318680735942 0.744017741267408 0.230019173678103 -0.469765473597744 -0.125952863500095 -0.873759783163243 0 0 0 0 0 0
9.15544798467161 4.15904479761913 14.6366961829288 -0.987645522522645 -0.0925906622280287 0.126424574042537 0.155608306524835 -0.674727892957537 0.721476444845718 0 0 0 0 0 0
12.731953001991 1.94135618809197 3.76637909024329 -0.251648341554762 0.943177226856504 -0.217001884252918 -0.688723558603444 -0.0169934126088519 0.724824781983655 0 0 0 0 0 0
-1.28876608216785 19.4269646690976 3.63890782254047 0.253870306875247 0.745833833915762 0.615858511816324 0.732707621165182 0.267361378618691 -0.625825314621915 0 0 0 0 0 0
20.8816153306785 10.8254418886658 8.47258542370266 -0.137155183202186 -0.920849461098692 -0.364999599439344 0.0116479495328736 0.366957123872596 -0.930164873210099 0 0 0 0 0 0
9.37438180442081 11.3450437639722 7.97457808173024 -0.0267227792078735 -0.257275513348111 0.96596847359742 -0.996830838696031 0.0792870613544282 -0.00645929303128336 0 0 0 0 0 0
16.4405014468498 -1.08012112718959 13.5403613895316 -0.037394668377497 -0.983948496909916 -0.174490659948837 0.00289963357624417 -0.174718903637917 0.984614026543631 0 0 0 0 0 0
17.3040957256125 10.9562506120718 15.6862648460722 0.155082005053797 0.945459975295509 0.286452429164014 0.947633943917433 -0.0604283459550362 -0.313589229034805 0 0 0 0 0 0
