t = 0
b =  20.0 20.0 20.0
E = 0. 0. 0.
6.02855275915 3.47595302108 3.95681844066 0.997414671448 -0.0648520426723 -0.0309545754609 0.0718332416687 0.911715877088 0.404492453398 0.0 0.0 0.0 0.0 0.0 0.0
6.1709310349 3.68119019069 4.43251922154 0.806780760802 0.185340980182 -0.561028987723 0.0718332416687 0.911715877088 0.404492453398 0.0 0.0 0.0 0.0 0.0 0.0
6.49721501046 3.92867584256 4.780333427 0.309637350472 0.36511986593 -0.877959107645 0.0718332416687 0.911715877088 0.404492453398 0.0 0.0 0.0 0.0 0.0 0.0
6.89408082981 4.25939057936 4.92801682626 -0.305142466163 0.406183610132 -0.861337883879 0.0718332416687 0.911715877088 0.404492453398 0.0 0.0 0.0 0.0 0.0 0.0
7.22138941439 4.68269488287 4.87935822778 -0.803993558192 0.292931409817 -0.517479997226 0.0718332416687 0.911715877088 0.404492453398 0.0 0.0 0.0 0.0 0.0 0.0
7.36542764209 5.17277291047 4.71274004766 -0.997394055409 0.0683896693607 0.0229771921775 0.0718332416687 0.911715877088 0.404492453398 0.0 0.0 0.0 0.0 0.0 0.0
7.28210986347 5.67844036535 4.55135951921 -0.811867875436 -0.1821344499 0.554704962114 0.0718332416687 0.911715877088 0.404492453398 0.0 0.0 0.0 0.0 0.0 0.0
7.0137267771 6.14259026664 4.51642400433 -0.317899515879 -0.363462646518 0.875691042771 0.0718332416687 0.911715877088 0.404492453398 0.0 0.0 0.0 0.0 0.0 0.0
12.0931715691 8.13779582031 15.1935644804 0.273986870586 0.648113151975 -0.710549461321 0.725109570576 0.346134639029 0.595320856617 0.0 0.0 0.0 0.0 0.0 0.0
12.6292953723 8.10792035457 15.2126387122 -0.148518173884 0.922756303492 -0.355616586216 0.725109570576 0.346134639029 0.595320856617 0.0 0.0 0.0 0.0 0.0 0.0
13.1315644531 8.28838721724 15.1506501319 -0.514598681004 0.84682890765 0.134420975586 0.725109570576 0.346134639029 0.595320856617 0.0 0.0 0.0 0.0 0.0 0.0
13.5165307483 8.66188875606 15.1193028172 -0.685174545579 0.449177051567 0.573389761363 0.725109570576 0.346134639029 0.595320856617 0.0 0.0 0.0 0.0 0.0 0.0
13.7453114844 9.13778021791 15.2186597167 -0.595441144781 -0.119124676246 0.794518190233 0.725109570576 0.346134639029 0.595320856617 0.0 0.0 0.0 0.0 0.0 0.0
13.8383613927 9.58651720607 15.4991270626 -0.279489697836 -0.642168947894 0.713795874998 0.725109570576 0.346134639029 0.595320856617 0.0 0.0 0.0 0.0 0.0 0.0
13.8677016156 9.88887176235 15.9423042007 0.142644558136 -0.921242499746 0.36189057282 0.725109570576 0.346134639029 0.595320856617 0.0 0.0 0.0 0.0 0.0 0.0
13.9295576701 9.98122906182 16.4679743063 0.510585761582 -0.850320623591 -0.127503008459 0.725109570576 0.346134639029 0.595320856617 0.0 0.0 0.0 0.0 0.0 0.0
