t = 10000
b = 20 20 20
E = -0.698850182454619 -0.698850182454619 0
1154.40260839606 174.352832029297 -417.161390877508 -0.563750669313886 0.274117657033998 0.779130645171455 0.825599025642315 0.159722440576501 0.541179148619421 0 0 0 0 0 0
1154.69487523645 174.701813158842 -416.874602827949 -0.507320231727696 -0.29565783198222 0.809451974683449 0.76907869078242 0.268420488366232 0.580058863738023 0 0 0 0 0 0
1154.81001926199 175.090517862277 -416.495255537938 -0.172460052468884 -0.737551220826486 0.652897850570927 0.797201629370907 0.284806231091064 0.53231086171554 0 0 0 0 0 0
1155.00972346884 175.22433496423 -415.987039395724 0.172314299273576 -0.981955141955214 0.0779215008927957 0.821328432998553 0.186896543007022 0.538970470574075 0 0 0 0 0 0
1155.43208291296 175.224394469301 -415.504160698165 0.0722411833525552 -0.928925926744444 -0.363149702678099 0.790730194587368 -0.168570480345554 0.588497761172615 0 0 0 0 0 0
1155.71325602232 175.013486282609 -415.13709980322 0.288023427568017 -0.467103116820533 -0.835976712416448 0.902379677115686 -0.159829573944902 0.400206577222878 0 0 0 0 0 0
1155.96181770196 174.658233326917 -414.915617622136 0.435212353584316 0.15277462277362 -0.887271098624539 0.898551241335922 -0.135583278353757 0.417399954590231 0 0 0 0 0 0
1156.32168302392 174.377918633222 -414.977713006945 0.488207514337233 0.796150019136583 -0.357489091752723 0.818472630596641 -0.275507720797779 0.504180451371639 0 0 0 0 0 0
-2303.01296494847 4334.81543431052 -4735.67693461348 -0.571054521847145 -0.355788549545779 0.739804767352554 -0.795787946102845 0.018673969450218 -0.605287219807588 0 0 0 0 0 0
-2303.51418994002 4334.79209994203 -4735.97285738321 -0.370507431042019 -0.12459566223851 0.920434704506703 -0.924782466818182 -0.0429206883975801 -0.378067565300268 0 0 0 0 0 0
-2303.88593611143 4334.4044947884 -4736.09910476462 -0.373514096829938 0.56586237537178 0.735042076730601 -0.927287269384728 -0.206402885991929 -0.312307619674066 0 0 0 0 0 0
-2304.41746353955 4334.11544803292 -4736.00160513172 -0.223890647709484 0.922299182462175 0.315019163813873 -0.927207172418317 -0.101985556004027 -0.360396561474088 0 0 0 0 0 0
-2304.92243372576 4334.00583955707 -4735.84654968966 0.0147606628629874 0.99007976331557 -0.13972854359174 -0.904267295921402 -0.0464187104773106 -0.424435902365284 0 0 0 0 0 0
-2305.45871787026 4334.11717817066 -4735.85353437054 0.385761939957704 0.771410001330962 -0.506077269088003 -0.852116730609886 0.0876275659072155 -0.515963527219952 0 0 0 0 0 0
-2305.93965450087 4334.35278684247 -4735.86437017603 0.489128422252537 0.215150286701937 -0.84525949049039 -0.872118469839251 0.134811189932525 -0.470356453179645 0 0 0 0 0 0
-2306.20109629096 4334.66855843801 -4736.09253342369 0.479614337643618 -0.317252472177677 -0.818120298353158 -0.733970415677036 0.365920277374565 -0.572179737942459 0 0 0 0 0 0
8.22858759698314 -7.90946118947689 9.74527087522235 -0.0226565524210938 -0.939083561668173 -0.3429412934538 0.217694555686284 0.330164062424969 -0.918477362863728 0 0 0 0 0 0
5.34274573145573 2.25721177742906 7.7366020844216 -0.454492050286349 -0.476548182686838 -0.752554791139697 -0.256938125239123 -0.73880631120242 0.623015232707329 0 0 0 0 0 0
-2.15031544067661 14.6322430133916 12.1142875444764 0.0369840080257017 -0.676116208303818 -0.735866150399946 0.42484508108847 0.677148200354954 -0.600813537865684 0 0 0 0 0 0
17.2375962989882 5.77940357083619 17.4224418609485 0.856239464333442 0.468674789209574 0.21725061254942 0.45003517428097 -0.883243216553289 0.131718397008893 0 0 0 0 0 0
12.507329039197 0.435181105115751 12.3175280155387 -0.00618428207882291 0.622191785990198 0.78284038158543 0.368986964755364 0.729030516941273 -0.576509383581644 0 0 0 0 0 0
7.88853611662825 10.749638601003 2.68771457190841 -0.663075383332929 0.524306434164219 -0.534259967312644 -0.295779406017522 -0.839158293238882 -0.456429476042727 0 0 0 0 0 0
18.7545614931189 12.1669207580619 20.5988686938823 0.659203144001442 -0.497182317559069 -0.564146140909691 -0.547855878680934 0.196343303943059 -0.813205465167191 0 0 0 0 0 0
11.450673242172 19.4397139432773 26.0610803513227 0.947199065923588 -0.249779706352363 -0.201056996983894 0.0140414429041806 0.658747533279676 -0.752232981064032 0 0 0 0 0 0
-1.17193985456559 11.6320106328857 6.74542416838599 -0.840547367217276 0.381210897062127 0.384913332504353 0.515442374755939 0.781443203431066 0.351661245666375 0 0 0 0 0 0
17.2717665409699 5.1211188925747 4.57969977430667 -0.631218274268778 0.30606704730096 -0.712661451703055 0.684259685170527 -0.212861712586737 -0.697480079111276 0 0 0 0 0 0
12.600102942818 15.7428808124247 20.0438694119854 -0.264334302092445 -0.216985565253029 0.939704489513877 0.580648376185492 0.742171518348433 0.334707106346614 0 0 0 0 0 0
2.21347390933723 0.290391128566854 14.484425041402 -0.101284215469093 -0.478954456710754 -0.871977089280864 -0.550838022645681 0.756869747209763 -0.35174651049641 0 0 0 0 0 0
11.7941529568246 10.7752858316969 15.9760111245969 -0.198210685241262 -0.874613254559744 -0.442452428159544 0.500745067510136 -0.478411987243954 0.721371094444918 0 0 0 0 0 0
10.9092784526156 5.68463023515836 8.71882976335829 -0.547558156988637 0.82972890621589 0.108304984951434 0.597800048740992 0.478460459285871 -0.643203388288528 0 0 0 0 0 0
