t = 10000
b = 20 20 20
E = -0.553522028793811 -0.553522028793811 0
1153.95433168148 174.387038648842 -417.08960891427 -0.0361671747302056 0.106910193215302 0.993610600683775 0.995962153137544 0.0856037391550235 0.0270420071380026 0 0 0 0 0 0
1154.35367398966 174.696566123921 -417.053884721403 0.00635458276590805 -0.584781919357713 0.811165584067508 0.984882868097112 0.144082259286563 0.0961556786330024 0 0 0 0 0 0
1154.70471373805 174.973657701771 -416.722306239373 0.079052642415285 -0.910065013857629 0.406856518268446 0.952619873423675 0.189214939188325 0.238144817017333 0 0 0 0 0 0
1155.24208711167 175.076034043176 -416.427080924003 -0.0357666008942369 -0.999197900974298 -0.0180050770198456 0.997345301868243 -0.0368321734707008 0.0628139772995636 0 0 0 0 0 0
1155.64541715296 174.946482845216 -416.106886852832 -0.0305076555162487 -0.793805868272975 -0.607405471834398 0.979267060923076 -0.145491201997952 0.140954653416708 0 0 0 0 0 0
1156.09131254105 174.637175537509 -415.8797101502 -0.0884133927670261 -0.294017073466882 -0.951702111580211 0.994778023050209 -0.0749693986472364 -0.0692542465841895 0 0 0 0 0 0
1156.50735861808 174.29606213537 -415.897557494627 0.0100244407695388 0.234006921406688 -0.972183188092966 0.987079317235606 -0.157801074064413 -0.0278050749249133 0 0 0 0 0 0
1156.9338502386 174.045364230969 -416.045751227051 -0.055397827062451 0.789704133247099 -0.610981458293101 0.981021355938248 -0.0708306467208225 -0.180499260927206 0 0 0 0 0 0
-2303.47751539983 4335.43269156923 -4737.85149846226 -0.262396308255774 -0.727927488619291 -0.633458438430555 -0.543358676757047 -0.431037887693426 0.720394017835741 0 0 0 0 0 0
-2303.62342187025 4334.65039422622 -4737.0372229852 0.188686554385199 -0.457858341836904 0.868770963996491 -0.980169116058987 -0.142346669240115 0.13786155825103 0 0 0 0 0 0
-2303.95124665382 4334.2574723771 -4736.99400417078 0.018743976261064 0.363602709121618 0.93136545637666 -0.97093589527624 -0.215686351697331 0.103743746630033 0 0 0 0 0 0
-2304.40636932561 4333.96250407522 -4736.80723706179 0.035460403086451 0.78309651383736 0.620888305342062 -0.993066628474706 -0.0420634055412883 0.10976893149505 0 0 0 0 0 0
-2304.7608397332 4333.86703320987 -4736.44130393132 -0.0825780126696209 0.994225365251627 -0.0685322903243655 -0.988030863056194 -0.0726849928264544 0.136057979127259 0 0 0 0 0 0
-2305.21038184124 4333.99742672518 -4736.1049399117 -0.0670291444109743 0.80004587002599 -0.596182496853531 -0.988888486147583 -0.132734116632764 -0.0669409759415855 0 0 0 0 0 0
-2305.65753080308 4334.22245892471 -4735.93080177545 0.0173862495612411 0.253031865625478 -0.967301635232212 -0.997293131963023 -0.0647384947036269 -0.0348599479981931 0 0 0 0 0 0
-2306.03701038886 4334.5158733833 -4735.91400345228 0.0358602492991062 -0.255248480717395 -0.966210185846491 -0.999019700806201 0.0159523064247329 -0.0412921488329059 0 0 0 0 0 0
6.94328756632025 8.52368779213638 10.6248238070713 -0.68800164247917 0.721415942262734 0.0788208159513811 0.346326175338385 0.230942623208924 0.909243406470204 0 0 0 0 0 0
11.1383752544957 8.92594967149153 9.4626131075128 -0.662521395280343 -0.563056390686699 0.493996781656107 0.453913431566407 -0.826411089694545 -0.333177534775105 0 0 0 0 0 0
8.84532840692088 10.9658351158314 5.47728700323263 0.199062259976483 -0.952864235840286 -0.22896277805874 0.719908538401879 -0.0163352706669164 0.693876600045604 0 0 0 0 0 0
4.47338854441116 -3.1568819359767 14.7015586604283 0.726111103836205 -0.209529621028295 -0.654873948803753 -0.672836083899694 -0.0203654677485915 -0.739511144450209 0 0 0 0 0 0
0.936906747589708 7.90426936984185 11.489199087379 -0.462882341556228 0.883351180376522 -0.0736926306604419 -0.885646382946254 -0.457405805826249 0.0800644671645638 0 0 0 0 0 0
0.119584865887687 12.083056694412 10.2266671121544 0.349290304627807 0.910073463716788 0.223075218828531 0.293232105326166 0.119947253904825 -0.948486937808048 0 0 0 0 0 0
15.3659586264119 19.2425765969223 4.88356556135172 -0.732514524692913 0.662401600984272 0.156992111980987 -0.679777398873703 -0.699418323535399 -0.22071845366813 0 0 0 0 0 0
1.46618255873281 5.08284917590625 3.35204773617482 0.591328428538365 -0.0349545003333895 -0.805672857582499 -0.561537572375165 -0.734899935390952 -0.380259891319605 0 0 0 0 0 0
13.5630937229819 18.508770015574 15.7651522503418 -0.779316968425962 0.40762751890824 -0.475925171797652 -0.0664722334122942 0.701437488740206 0.709624429553007 0 0 0 0 0 0
5.63700177903435 4.16840844742408 10.9149848785379 -0.436960515652548 -0.756312816063818 -0.486884361011711 0.46201362502158 -0.653151309831597 0.5999472546865 0 0 0 0 0 0
9.73140215911579 14.6266399575401 2.76025706109575 -0.354139296989652 -0.487080267058397 -0.798334566984783 -0.179993634924558 -0.802197344947299 0.569281712907144 0 0 0 0 0 0
10.3354396904673 13.6473306251436 8.791495617693 0.943644799164009 -0.142446898101125 -0.298736099997446 -0.323090916699379 -0.592151889553757 -0.738219697539284 0 0 0 0 0 0
10.0311037942373 18.5826026768133 12.6426942682271 -0.670883545938245 0.462236400016642 -0.579872990016134 0.333649053297791 -0.510191623624457 -0.792705953199092 0 0 0 0 0 0
21.5054882407784 8.68943153525041 6.79915120915812 0.589139771705421 0.394450865830606 -0.705211133759973 0.807033420142947 -0.243885363059346 0.537788877106138 0 0 0 0 0 0
10.1204448547408 24.4803349593505 -1.38729862462242 -0.812854782536841 -0.435209270317381 0.38711742005055 -0.270079901166273 -0.307233086061758 -0.912504558814979 0 0 0 0 0 0
15.1052879294415 11.5117181429866 11.243380850074 -0.688516859693995 -0.343125310202483 0.638912709406678 -0.125717024065866 -0.811182796285573 -0.57111965480349 0 0 0 0 0 0
-0.913679449269282 5.52980164204404 15.5200567729851 0.724942316942221 -0.182172507979249 0.664282845774218 -0.629948213029055 -0.565423418322459 0.532411049675366 0 0 0 0 0 0
6.29119718101309 4.9915448147859 6.09803721224957 0.353133945362918 -0.4102428617188 -0.840831202974011 0.748851834513026 0.662678739259248 -0.00881768795651695 0 0 0 0 0 0
10.9786557671075 9.9646502646793 -1.30483476173988 0.401065774817364 -0.494039535446104 -0.771408511473041 -0.141046904391502 -0.865366282193633 0.48088141829932 0 0 0 0 0 0
11.0266261478008 3.25867756898226 13.9149302873553 0.383157781017316 -0.570146426126503 0.726720776614224 0.914948456891032 0.126328326326523 -0.383288870035929 0 0 0 0 0 0
9.29960642925985 21.1893237584708 5.06648424911955 0.978360786465094 0.143030187104304 -0.149507258398282 0.153256332208081 -0.0155010859051724 0.988064822667641 0 0 0 0 0 0
13.9916857812734 2.18055284346955 9.99769109238553 -0.427890646104374 -0.753162338186002 0.499655917334284 0.811309837235761 -0.0764121995409454 0.579601074233429 0 0 0 0 0 0
-3.96878120763294 9.65589760752188 -2.22169814516427 0.732187808070723 0.666833219787983 0.138688155582499 0.565508924987598 -0.481700509151184 -0.669450658147667 0 0 0 0 0 0
