#t = 892000000; extr. Ts: 0.0993833 0.103383 0.105717 0.106383 0.10705 0.107717 0.108383 0.10905 0.109717 0.110383 0.11105 0.111717 
0 4.27516e+10 5.34395e+09 1.27765e+14 1.14354e+12 1.05187e+11 5.57335e+10 3.01271e+10 1.66079e+10 9.33273e+09 5.34395e+09 3.11666e+09 1.85057e+09 1.1182e+09 6.8729e+08 
1 3.44046e+09 324771 2.57288e+10 1.38414e+08 9.52893e+06 4.65418e+06 2.32084e+06 1.18115e+06 613291 324771 175337 96468.9 54069 30858.8 
2 3.93405e+09 2.08825e+06 7.64971e+11 2.20066e+09 1.04666e+08 4.59604e+07 2.05976e+07 9.41804e+06 4.39203e+06 2.08825e+06 1.01195e+06 499620 251229 128615 
3 3.91273e+09 1.17499e+07 1.6641e+13 2.72408e+10 9.35546e+08 3.74425e+08 1.52955e+08 6.3754e+07 2.7105e+07 1.17499e+07 5.19166e+06 2.33728e+06 1.07174e+06 500361 
4 3.663e+09 6.41592e+07 3.4675e+14 3.25434e+11 8.09399e+09 2.9544e+09 1.10074e+09 4.18463e+08 1.62268e+08 6.41592e+07 2.58572e+07 1.06181e+07 4.44116e+06 1.89139e+06 
5 3.39077e+09 3.15573e+08 5.87645e+15 3.32802e+12 6.13722e+10 2.05543e+10 7.02479e+09 2.44912e+09 8.70729e+08 3.15573e+08 1.1655e+08 4.38495e+07 1.68e+07 6.55226e+06 
6 3.33406e+09 1.20745e+09 6.72613e+16 2.45654e+13 3.47435e+11 1.07719e+11 3.40604e+10 1.09798e+10 3.60731e+09 1.20745e+09 4.11626e+08 1.42872e+08 5.04727e+07 1.81422e+07 
7 3.1845e+09 2.83781e+09 4.04311e+17 1.01892e+14 1.14783e+12 3.32935e+11 9.84148e+10 2.96367e+10 9.08905e+09 2.83781e+09 9.01738e+08 2.91521e+08 9.58548e+07 3.20462e+07 
8 2.85678e+09 2.85678e+09 9.3356e+17 1.6958e+14 1.56229e+12 4.27206e+11 1.1897e+11 3.37295e+10 9.73204e+09 2.85678e+09 8.52878e+08 2.58879e+08 7.98679e+07 2.5037e+07 
