#t = 892000000; extr. Ts: 0.0993833 0.103383 0.105717 0.106383 0.10705 0.107717 0.108383 0.10905 0.109717 0.110383 0.11105 0.111717 
0 4.32074e+10 5.40093e+09 1.28803e+14 1.15531e+12 1.06345e+11 5.63509e+10 3.04611e+10 1.67909e+10 9.43428e+09 5.40093e+09 3.14897e+09 1.86905e+09 1.12886e+09 6.9347e+08 
1 3.41418e+09 322290 2.57336e+10 1.37742e+08 9.45781e+06 4.61739e+06 2.3019e+06 1.17144e+06 608357 322290 174112 95882.7 53803.7 30751.7 
2 3.84666e+09 2.04186e+06 7.54269e+11 2.16165e+09 1.02572e+08 4.50138e+07 2.01625e+07 9.21474e+06 4.29561e+06 2.04186e+06 989332 488456 245656 125803 
3 3.80717e+09 1.14329e+07 1.65729e+13 2.69085e+10 9.18738e+08 3.67039e+08 1.49663e+08 6.22664e+07 2.64231e+07 1.14329e+07 5.04223e+06 2.26587e+06 1.03714e+06 483372 
4 3.57966e+09 6.26996e+07 3.43184e+14 3.20801e+11 7.95372e+09 2.90026e+09 1.07943e+09 4.09906e+08 1.58767e+08 6.26996e+07 2.52375e+07 1.03503e+07 4.32343e+06 1.83874e+06 
5 3.33271e+09 3.1017e+08 5.80502e+15 3.28572e+12 6.05118e+10 2.02557e+10 6.91873e+09 2.41061e+09 8.5645e+08 3.1017e+08 1.14465e+08 4.30296e+07 1.64718e+07 6.41859e+06 
6 3.29e+09 1.19149e+09 6.63975e+16 2.42525e+13 3.42979e+11 1.06332e+11 3.36198e+10 1.0837e+10 3.56004e+09 1.19149e+09 4.06133e+08 1.40943e+08 4.97823e+07 1.78903e+07 
7 3.16105e+09 2.8169e+09 4.00148e+17 1.00961e+14 1.13813e+12 3.30192e+11 9.76246e+10 2.94051e+10 9.02003e+09 2.8169e+09 8.95307e+08 2.89513e+08 9.52186e+07 3.18419e+07 
8 2.82904e+09 2.82904e+09 9.2294e+17 1.67758e+14 1.54614e+12 4.22842e+11 1.17769e+11 3.33933e+10 9.63629e+09 2.82904e+09 8.4471e+08 2.56434e+08 7.91245e+07 2.48074e+07 
