#t = 885000000; extr. Ts: 0.0993833 0.103383 0.105717 0.106383 0.10705 0.107717 0.108383 0.10905 0.109717 0.110383 0.11105 0.111717 
0 4.22035e+10 5.27543e+09 1.26449e+14 1.133e+12 1.04151e+11 5.51631e+10 2.98043e+10 1.64202e+10 9.22075e+09 5.27543e+09 3.07373e+09 1.82305e+09 1.10018e+09 6.75251e+08 
1 3.54808e+09 334930 2.64667e+10 1.42848e+08 9.83676e+06 4.80401e+06 2.39514e+06 1.21869e+06 632630 334930 180784 99452.9 55741.6 31819.6 
2 3.99568e+09 2.12096e+06 7.704e+11 2.22124e+09 1.05871e+08 4.65234e+07 2.08661e+07 9.5486e+06 4.45678e+06 2.12096e+06 1.02877e+06 508423 255910 131142 
3 3.92609e+09 1.179e+07 1.67806e+13 2.74215e+10 9.40666e+08 3.76332e+08 1.53673e+08 6.40267e+07 2.72093e+07 1.179e+07 5.20712e+06 2.34325e+06 1.07404e+06 501245 
4 3.61697e+09 6.33531e+07 3.39686e+14 3.2052e+11 7.98646e+09 2.91612e+09 1.08674e+09 4.13204e+08 1.60237e+08 6.33531e+07 2.55284e+07 1.04803e+07 4.38189e+06 1.86522e+06 
5 3.35266e+09 3.12027e+08 5.83012e+15 3.29968e+12 6.08019e+10 2.03571e+10 6.95496e+09 2.42383e+09 8.6136e+08 3.12027e+08 1.15179e+08 4.33085e+07 1.65823e+07 6.46303e+06 
6 3.30876e+09 1.19828e+09 6.68109e+16 2.44069e+13 3.45104e+11 1.06983e+11 3.38225e+10 1.09012e+10 3.58076e+09 1.19828e+09 4.08397e+08 1.41711e+08 5.00469e+07 1.79831e+07 
7 3.15431e+09 2.8109e+09 3.98854e+17 1.00673e+14 1.13524e+12 3.29381e+11 9.73936e+10 2.9338e+10 9.00017e+09 2.8109e+09 8.93455e+08 2.88929e+08 9.50303e+07 3.17797e+07 
8 2.80891e+09 2.80891e+09 9.17724e+17 1.66695e+14 1.5358e+12 4.19975e+11 1.1696e+11 3.3161e+10 9.56848e+09 2.80891e+09 8.38637e+08 2.54573e+08 7.85447e+07 2.46241e+07 
