#t = 887000000; extr. Ts: 0.0993833 0.103383 0.105717 0.106383 0.10705 0.107717 0.108383 0.10905 0.109717 0.110383 0.11105 0.111717 
0 4.26469e+10 5.33086e+09 1.27951e+14 1.14241e+12 1.04999e+11 5.5625e+10 3.00645e+10 1.65713e+10 9.31109e+09 5.33086e+09 3.10856e+09 1.84541e+09 1.11483e+09 6.85017e+08 
1 3.4925e+09 329683 2.61861e+10 1.40881e+08 9.68263e+06 4.72716e+06 2.35639e+06 1.19895e+06 622490 329683 178054 98027.2 54995.9 31429.9 
2 3.95338e+09 2.09851e+06 7.6154e+11 2.20079e+09 1.04882e+08 4.60806e+07 2.06628e+07 9.45312e+06 4.41094e+06 2.09851e+06 1.01757e+06 502742 252986 129617 
3 3.86104e+09 1.15947e+07 1.64832e+13 2.69068e+10 9.23227e+08 3.69438e+08 1.50904e+08 6.2898e+07 2.67427e+07 1.15947e+07 5.12443e+06 2.3079e+06 1.05882e+06 494656 
4 3.57499e+09 6.26177e+07 3.38811e+14 3.17977e+11 7.9069e+09 2.88576e+09 1.075e+09 4.08603e+08 1.58409e+08 6.26177e+07 2.52287e+07 1.03567e+07 4.33037e+06 1.84353e+06 
5 3.31651e+09 3.08662e+08 5.77185e+15 3.2651e+12 6.01532e+10 2.01391e+10 6.88025e+09 2.39773e+09 8.52075e+08 3.08662e+08 1.13938e+08 4.28427e+07 1.64045e+07 6.39406e+06 
6 3.28292e+09 1.18893e+09 6.64635e+16 2.42495e+13 3.4267e+11 1.06211e+11 3.35733e+10 1.08193e+10 3.55332e+09 1.18893e+09 4.0515e+08 1.40563e+08 4.96343e+07 1.78321e+07 
7 3.14606e+09 2.80355e+09 3.99373e+17 1.00668e+14 1.13406e+12 3.28939e+11 9.72324e+10 2.92801e+10 8.97953e+09 2.80355e+09 8.90826e+08 2.87985e+08 9.46889e+07 3.16553e+07 
8 2.79862e+09 2.79862e+09 9.13161e+17 1.65959e+14 1.52952e+12 4.18296e+11 1.16503e+11 3.30342e+10 9.53266e+09 2.79862e+09 8.35625e+08 2.53676e+08 7.82732e+07 2.45404e+07 
