#t = 884000000; extr. Ts: 0.0993833 0.103383 0.105717 0.106383 0.10705 0.107717 0.108383 0.10905 0.109717 0.110383 0.11105 0.111717 
0 4.15406e+10 5.19258e+09 1.23536e+14 1.10912e+12 1.0213e+11 5.4126e+10 2.9264e+10 1.61346e+10 9.06783e+09 5.19258e+09 3.02838e+09 1.79802e+09 1.08627e+09 6.67494e+08 
1 3.51503e+09 331810 2.67851e+10 1.43073e+08 9.79424e+06 4.77658e+06 2.37858e+06 1.20904e+06 627111 331810 179030 98468.8 55188.2 31506.8 
2 4.04628e+09 2.14782e+06 8.0149e+11 2.28861e+09 1.08345e+08 4.75128e+07 2.12653e+07 9.71075e+06 4.52283e+06 2.14782e+06 1.03961e+06 512719 257555 131731 
3 4.02624e+09 1.20907e+07 1.71682e+13 2.81259e+10 9.65375e+08 3.8622e+08 1.577e+08 6.5695e+07 2.79119e+07 1.20907e+07 5.33786e+06 2.40094e+06 1.09987e+06 512967 
4 3.72334e+09 6.52162e+07 3.49343e+14 3.29154e+11 8.20581e+09 2.99707e+09 1.11729e+09 4.24979e+08 1.64873e+08 6.52162e+07 2.62921e+07 1.07995e+07 4.51788e+06 1.92424e+06 
5 3.44972e+09 3.21059e+08 5.96005e+15 3.38189e+12 6.24132e+10 2.09061e+10 7.14586e+09 2.49154e+09 8.85853e+08 3.21059e+08 1.18573e+08 4.46081e+07 1.70889e+07 6.66408e+06 
6 3.38761e+09 1.22684e+09 6.84688e+16 2.49889e+13 3.53275e+11 1.09516e+11 3.46238e+10 1.11598e+10 3.66587e+09 1.22684e+09 4.18161e+08 1.45111e+08 5.12522e+07 1.84179e+07 
7 3.2355e+09 2.88325e+09 4.1066e+17 1.03472e+14 1.16573e+12 3.38145e+11 9.99618e+10 3.0105e+10 9.23358e+09 2.88325e+09 9.16292e+08 2.96267e+08 9.74303e+07 3.25783e+07 
8 2.91157e+09 2.91157e+09 9.49891e+17 1.72655e+14 1.59126e+12 4.35181e+11 1.21206e+11 3.43676e+10 9.91741e+09 2.91157e+09 8.69347e+08 2.63912e+08 8.14315e+07 2.55305e+07 
