t = 38068
b = 20 20 20
E = -0.420607219548749 -0.697786736877643 0.277179517328895
-1.39477048532705 -8.90357516170171 -2.65468859938321 -0.66648856811706 0.581026024152138 0.467120605137067 -0.182113453522206 -0.734479244517382 0.653739115320369 -0.0937850570142814 0.285650546819277 -0.15935261467316 0.226815247022222 -0.126598148490708 -0.10510676171643
-1.42177371367767 -9.07129772060916 -2.08465944625729 -0.990448666772535 0.0908472471588833 -0.103721398979735 -0.137828855396032 -0.631517870936565 0.763012666535065 0.0153175632109635 0.39962648054243 -0.356824876227294 -0.415196811951347 -0.0674926067776689 0.332522174102782
-1.52247910926944 -9.14590444055323 -1.61386049603986 -0.640551935537912 -0.487206081342992 -0.593568373242349 0.00629376366664811 -0.776266039684343 0.630373937353732 0.505835430032495 -0.134486247007822 0.276274072887856 -0.199115681160427 -0.0864391391936213 0.0896645456670526
-0.549432840687823 -8.81649489553889 -0.872894122560269 0.849165636077549 0.0723967894252189 0.523140793046373 -0.362302238278021 0.800575258970781 0.47730088144282 -0.0934478946609586 0.00337122843510111 0.0761646279827059 0.492156721644232 -0.0321243705690694 -0.529568117173228
-0.79686311766932 -8.52056831141411 -0.565524067752963 0.959017134190996 0.278398634151508 0.0527283070561509 -0.253300315766732 0.758945427499059 0.599867214144171 0.261528783696758 -0.332376531319283 0.388721181967188 0.0491677380847812 -0.340872404216128 0.291239894181286
-0.871608195905739 -8.32596752505662 -0.108335840353928 0.647511263291209 0.593562072882456 -0.477925772375209 -0.225686528674521 0.748383023256524 0.623689235284311 -0.786581145203427 -0.293751403209024 0.298670707084733 -0.181342628567004 0.0844860237380772 0.287172631007659
-1.88488504918138 -8.1003750827082 0.549941088671951 -0.62725088591948 -0.721507481716849 -0.293228843439322 0.483186394355946 -0.655801567619261 0.580047404534963 -0.793295975928501 0.108658411989515 0.206987647754965 -0.311393420692877 0.55923699631049 -0.187136503356999
-1.97021330439103 -8.41087118463663 0.937949854939526 -0.0821370977257888 -0.706912932806002 -0.702515047063564 0.432946222760694 -0.66021910849167 0.613732751808448 0.083117991969263 0.179311557596427 -0.146513582129325 -0.233974318886663 0.200315165806458 0.0825761810045475
6.93359895031544 -6.8515683079852 5.8796013521541 -0.697234067512922 -0.540343985567094 0.471055155522365 0.12985094584737 -0.741455039941013 -0.65831838126105 -0.319337612744484 0.376100807742595 0.151948412401058 -0.494721203956305 -0.363072643277207 0.276297411705144
7.10112785179107 -7.28792269305359 5.8956953138743 -0.928015321616429 -0.0359344552305209 -0.370804781981084 0.291050682798241 -0.691233145766055 -0.661427330431635 -0.268611755991145 -0.574654261614498 -0.214530807069707 -0.18314560246932 -0.0836058545953419 -0.125001970338304
7.0524500637594 -7.72250526565047 5.67817304943931 -0.558156109289251 0.589582448211398 -0.583827090317232 0.19829045678687 -0.58846066102324 -0.783833381569887 0.229055100828654 0.119781210959526 -0.370827442053462 -0.240932864257245 -0.41159114115169 0.566958074915925
6.90416775446505 -8.1015354972564 5.3242073905965 0.119676990559654 0.857001276160752 -0.501224601017344 0.117346098641482 -0.513524475044378 -0.850013183916876 0.412186752209043 -0.11384082981586 0.207690732657753 -0.246704799783182 -0.693810938971064 -0.013370958591478
6.949123859121 -8.33299964976661 4.82927090843062 0.502899202078088 0.856944617919906 0.112863784340505 0.382791736825221 -0.103737915137719 -0.917991712376728 0.414502967896016 0.327726181232014 -0.141578696019734 -0.171843831782245 -0.0596518098366768 0.362736858002688
6.95290000761887 -8.09163018594006 4.3927966609848 0.951664630498022 -0.00626079435037908 0.307075088087538 0.303032104877119 -0.143809264271225 -0.94206704166296 -0.0512562418891265 -0.357782577754771 0.0903593989144038 0.15174784310797 0.202029599653462 -0.307980768845815
6.59411331907544 -7.75606727268788 3.35272152063988 -0.911661969227004 -0.166882564152125 -0.375529573005061 -0.410880220570036 0.385843859376285 0.826015633215615 0.477064070014576 0.470097990215757 0.0155199861158711 -0.464387550648539 -0.0299424568614366 0.0820756563183685
7.13860707192988 -8.3011261146428 3.23175730869166 0.352026598992204 0.891314522094328 -0.285719367876465 -0.681154781314861 0.453318822378636 0.574917433197546 -0.165145747922434 0.069028989104654 -0.0250207917913031 0.403130279422583 0.188757160036287 -0.0774608378299994
