t = 42122
b = 20 20 20
E = -0.236312878239371 -0.652458143241584 0.416145265002213
0.47843921284546 -3.84665210271471 -3.72536897123852 0.310333184812496 -0.29990915738641 -0.902079657909033 0.435491643346245 0.888351676325785 -0.145527386069298 0.441532512454546 0.424533487533719 -0.0446921806701728 -0.450222823815732 -0.264016464205578 0.588862842130501
0.898410611293383 -3.58256702455713 -3.79182566212709 -0.507329013805997 0.103862443197584 -0.855470513484918 0.354265484541426 0.930082407243411 -0.0971728952063261 -0.191286509760957 0.932159082424804 -0.0267885799396072 0.662933734750231 0.455874458494536 -0.0857069910043778
1.34195939914647 -2.60684849161011 -2.73046258198526 0.864121892516315 0.411403392536819 0.289897514518512 -0.0983191715313973 0.702908146306523 -0.704452518637824 -0.597124535913627 -0.320393240750223 0.53879521560794 -0.411141119427627 -0.623813108567459 -0.0318233490809871
1.23310802001256 -2.11467331724583 -2.93606618948797 0.968789043400126 -0.0101622333100597 0.247677966957908 0.164799378411827 0.772781115561403 -0.612903173757838 0.0502098532164883 0.124353729505121 -0.149854960299128 0.619595723984767 -0.331804579903808 -0.142973556795652
1.43410608039839 -1.6933305529132 -2.92032978686504 0.639479503184537 -0.45109666952473 -0.62255734126192 0.0516504334252834 0.833147723853475 -0.550633220487823 0.225249119390834 -0.0265261694409359 -0.202717075048979 0.0335114822173265 -0.341549458871653 0.349528350676176
1.70414463595419 -1.42231018270605 -3.07136368926795 -0.417250163390261 -0.350340826816564 -0.838548399824758 0.0911372054926866 0.901924768089273 -0.4221676895343 -0.082504122483378 0.0396732090783554 0.462276295452865 0.833251906205002 -0.653480684812367 -0.0135953397812196
1.17612421998066 -0.755074243196262 -2.31776670578549 -0.737265936829234 -0.010182317089779 -0.675525772082522 -0.592339142810108 0.490621476469321 0.639081228035855 -0.220293402299909 -0.286520091569944 -0.467280831772702 -0.423544783292145 -0.399600281615036 -0.451269432084999
0.542540971806729 -1.59487918603626 -1.11899924159619 0.198278936824095 -0.401296019749314 0.894229619549805 0.245932420272023 0.903526457544326 0.350937183158522 -0.37886295108419 -0.00254760252039151 -0.437915404539976 0.104634053763256 -0.0335891601648086 0.304444095062126
11.6107229100614 6.15770591957776 9.65961660467768 -0.386760778637698 0.912436622849438 -0.133699048041306 0.0544222845987081 -0.12214537544285 -0.991018984553966 0.684373532927592 0.0693434065062825 0.471740997650901 0.257679939178433 -0.44220386982377 0.293851908549304
11.4083149594729 6.18346702616356 9.18179098609009 0.321669541971507 0.943594189508508 -0.078476805631769 -0.173833182843385 -0.0226207207166534 -0.984515214704129 -0.186274337871766 0.117880166160239 0.305005472659105 0.117225875441874 0.0683663622465191 -0.0172204055249426
11.0929944545983 6.414612825692 8.89580151614983 0.83820029900764 0.298709373905293 -0.456281489702932 -0.460121078548862 -0.0617874549084603 -0.885703536984436 -0.153526305538654 0.0301199777117329 0.550455493006121 -0.155973184002667 -0.324319052024348 0.120072491871524
10.9840780092925 6.62883852168412 8.49848546590465 0.749249617427967 -0.60825913286776 -0.262003266965846 -0.449806828982658 -0.176991361292028 -0.875412883536134 -0.336302327448541 -0.182962547998304 -0.55091189890087 0.520926860213581 0.373170836909482 0.184797331094616
10.9923669169916 6.68140766036089 7.99318168824236 0.152097943166651 -0.942425799063529 0.297824988315249 -0.588000691735702 -0.32848531491202 -0.739156583079963 -0.288918631694588 0.0109567277997912 0.477459206171752 -0.352345943234398 0.702886865295402 0.635469045742598
10.9659615232828 6.4122499784585 7.56030172023362 -0.312344142838093 -0.811679683387331 0.493575819943443 -0.378855414309854 -0.370031851708373 -0.848259931149593 -0.00196489889387289 0.263609903302095 -0.000639050986548787 -0.210674983362489 0.0712209219905576 -0.307352313708053
11.7897516107157 6.63469248033516 8.05815127850829 -0.20257747172799 -0.0166023862662339 0.979125435491543 -0.161439030075952 -0.985609437035986 -0.050113468517569 0.0786070719120707 1.04068143671206 0.169256171151732 -0.0246511586231895 0.470508349074586 0.345468577686539
11.559700451436 6.88997649754097 7.20989337999488 -0.829285218521297 0.282740730978363 -0.482020219740159 0.448529673656141 -0.177729711312664 -0.875918421203857 0.368035844955131 0.154353162741049 -0.0510574487834821 0.13523116605379 -0.125828644529991 0.339433647561934
