t = 792668
b = 20 20 20
E = -0.286307267882406 -0.583207222586221 0.296899954703815
178.144550705087 89.79624322782 -9.6432800544518 -0.799654044684347 0.559530948423015 -0.217895466851023 0.390137339397926 0.759992679102141 0.51981132698861 -0.216770705804641 0.0476977990804021 0.154107391206557 -0.315234904319595 0.150791372869598 -0.584769751299995
178.408811217349 90.2988924519431 -9.60356155734151 -0.888783458190419 0.379647299837172 0.256771694439489 0.44300013916724 0.855258691234006 0.268855467687641 0.393411115249036 0.16462421721376 0.285271911782815 0.660094528492743 -0.000185144814445857 0.582120615103975
179.271749449587 89.4447144348181 -9.13260255732992 -0.163768417962079 -0.112578895666254 0.980053973815796 -0.956621400646172 0.260771723280488 -0.129897920308618 0.318164277560068 0.20212115390293 0.0826600623112308 -0.203904048107634 0.185776771576857 0.91752440253799
178.987327738212 90.5577278990961 -9.03975626844657 -0.870283745658875 0.492274335910222 0.0164932417141343 -0.334965350834249 -0.566965884187905 -0.752560767523802 -0.487340803386913 0.245479890878792 -0.436083977136439 0.354594976532347 -0.266492013306038 0.172216075886646
180.366492822403 90.6798542499779 -9.08786878695646 -0.0972896170834392 0.70303234103672 0.704471516225224 0.589933224860813 -0.52934304433662 0.60973320921784 0.125688511010907 -0.274602536351188 -0.0129387083002355 0.09319539524341 0.163848480421173 -0.0835355409104721
180.597239887019 90.4719055914349 -8.60982854329306 -0.197798539824262 0.966488852732277 0.163630681278823 0.492332078952402 -0.0463950947821974 0.869170104708032 -0.211484813885797 0.219751159313771 -0.150064757379043 -0.282761981239499 -0.0665722721724645 0.318644997825357
180.940916798601 90.5916567635742 -8.31614368993503 -0.718591160186444 0.605446316689244 0.342142319784567 0.532464147412744 0.162534636592386 0.830701092483693 -0.315726021324392 0.308367855244083 -0.0618497068915783 -0.407477712603895 -0.0214094634696955 0.376432459894123
181.024855642352 90.9865291134541 -8.06918242276909 -0.651492804519226 -0.3167872841934 0.689349587142361 0.595973713071918 0.348544588942667 0.723416833170541 0.111446794580379 -0.343497107880183 0.457857744523252 0.201284374171307 -0.420877273986696 -0.146615537145145
-399.585041006325 -148.450923219017 -69.3910612458013 0.365831349291718 0.689833385187196 -0.624737746442675 0.457220529976399 0.451464803911218 0.766243285175051 0.185853989348519 0.0916752902211058 -0.00718493837212448 0.10584248845926 -0.00927710894745062 -0.0964828097334101
-400.136454068977 -148.963559966196 -68.105020770976 -0.175132516233997 -0.002915239769513 0.984540580559428 -0.833299845142935 0.533014802503083 -0.146651141442354 -0.190106054527979 -0.494106788746235 0.407574922141592 0.107537078340859 0.113275714400226 -0.0348264182666876
-400.661282606493 -148.870503866489 -67.9984497244124 0.463804826972524 0.482870825867549 0.742779128677098 -0.790575183032674 0.603976151845207 0.101012761884844 -0.455804505613996 -0.298583867384607 -0.131054616817764 0.0164256743686025 -0.344908396633781 0.070575845011349
-401.0653918004 -148.791016002283 -67.7226821210861 0.619312452592542 0.78234005823589 0.0663022935704838 -0.784884796070983 0.614724398207085 0.0779073426075412 -0.0717735671749605 -0.27549672972205 0.251689397546394 0.0264832021154911 0.159855600832146 -0.583649444831329
-401.250815696672 -148.45891064254 -67.4070771292105 0.362301873539407 0.738110718711293 -0.569148347469402 -0.780959668886356 0.57371166906699 0.246894398376526 -0.113163319491192 -0.0177080782816058 -0.209002462963612 -0.472167943047583 -0.50563049389238 -0.173808352427137
-401.325974073938 -148.262415573805 -67.0807228602991 -0.326523123505393 0.368705698956834 -0.870309491106758 -0.763570760425462 0.439798381442449 0.472796939881022 0.375164411640847 -0.111820119125931 -0.248687226483155 -0.0425348734589921 -0.265215152785273 0.425060925881139
-401.634104720011 -147.879923696454 -66.9213141019855 -0.547913025955434 -0.268564650804144 -0.792252670230393 -0.773759421420629 0.522655562488501 0.357949052253926 -0.512340371304418 0.10194102934889 0.433597665122006 0.696253033493326 0.329482604879654 -0.310676808873444
-402.525593033266 -147.623633654344 -66.0620564630715 -0.283416604107788 0.0460953075828297 0.957888380104501 0.149863684454112 0.988701274778299 -0.00323690428296326 0.0800697106014597 -0.352366981701964 0.112014077722996 0.669481883615182 -0.0775081003529321 0.597106143185111
