t = 483638
b = 20 20 20
E = -0.124167809678402 -0.473201374451532 0.34903356477313
-44.571327991896 519.001816225534 91.0531512319858 -0.774517814115232 0.448284182358528 0.446277198284336 -0.191350268012615 0.5064200972964 -0.840787519102645 0.0507218637080433 -0.254102123470129 0.15303294771805 0.317055025595037 -0.172726467829626 0.0949129103753561
-44.4292063995761 519.92935772749 90.8700355659533 0.348377235045149 0.489619825140913 0.799315671281152 0.712818595049253 -0.692137888143242 0.113290178387651 0.308994655317829 0.113319855171651 -0.366201109152884 -0.462749823080478 -0.267123991377275 -0.182037091661801
-45.5179993902176 520.477447867374 90.713331842668 0.134461715358343 0.812268403117907 -0.567573750278972 -0.739356726721493 -0.299113571927807 -0.603226820502218 0.0137077252545233 -0.227440667455905 -0.282036591752336 -8.80036815759384e-05 0.48598324685742 -0.12360081049856
-45.6436279979875 519.341422502191 90.3573260572254 0.545741296524417 0.426710308987406 -0.721168919082491 0.651271886259571 -0.757531356569543 0.0446213559893364 0.190161052858265 0.162545064377413 0.587287042501487 0.832121637717834 -0.797297148974133 -0.258910598721503
-45.4571378666204 519.032563566172 90.0553606088497 0.786228632645765 0.449752266694631 0.423753836383081 0.405627285361183 -0.89296265485125 0.195151541370863 -0.0472428151686977 0.466523511244203 -0.298882331622566 -0.453429975593133 -0.598647614004637 0.101132104151234
-46.5420511050248 519.117457899827 91.1794545694117 -0.21188059640329 0.442017295081892 0.871623297015316 -0.960090728024649 0.0724696425533197 -0.27013673350851 0.264421504749142 -0.0647456161087859 -0.108913235997707 0.123791593921297 -0.56846362927779 -0.662498276404884
-47.0497997000144 519.064121707084 91.3550310995225 0.0324216576059252 0.98321284028451 0.179558707030879 -0.998480714356712 0.0398709637067222 -0.0380331626595833 0.319718508563795 0.152869506580369 0.10411122764425 -0.33782499137037 -0.208556817523412 -0.15110461342255
-47.5263429277569 519.133396036594 91.5030899465578 0.346767613871165 0.897977603943054 -0.270902631570488 -0.926229004350024 0.373359677170785 0.0519830703141423 -0.187995560003934 0.426816035016432 0.938563804144462 -0.242599441634605 0.406082334199268 0.444440771032063
134.078909143419 276.003402225859 -108.302172759782 -0.136196213593047 0.915377720374918 0.378858947842302 0.985809478159175 0.163105965731192 -0.0396981779547148 -0.271246349579682 -0.0606353906267724 -0.269808803598604 0.183689936212193 0.145915631155921 0.257048870021469
134.409923778174 276.276765651552 -108.554644508165 0.00911719495265668 0.326711106944989 0.945080302098434 0.975918882678734 0.20308363169213 -0.0796200309352727 0.188955178893424 0.0286080527540488 -0.105174461901516 0.0818468686399801 0.686453255708049 -0.172571591458628
134.861299900068 276.545524916798 -108.576308579102 -0.0456874186629447 -0.418329050387375 0.907145746103327 0.981849446991266 0.148529141350036 0.117943854870546 -0.258794479109198 -0.25206659725442 -0.149442601502331 -0.220599146116327 0.117408844717475 -0.533932112354975
134.795062291207 277.195421779445 -109.557615774101 0.688441090331738 0.103812981395396 -0.717824218996254 -0.642308396241003 0.546957715351439 -0.536914420725026 -0.167725066618467 -0.0730065286571769 -0.304540031588686 0.221432743650454 0.398568796351117 0.566256686465156
135.342713126698 277.416125840217 -109.239822965449 0.408107205777479 0.522728780912244 -0.748467129426027 0.331083065886794 0.679290563287433 0.654941393431103 0.160510027545309 0.529291197624236 0.146123459797378 -0.165538687397004 0.0808466214677806 0.271907435067846
135.610499138739 277.516461584417 -108.945026237043 -0.478158439999577 0.808667899144345 -0.342666779120266 0.103575511818596 0.43935751708546 0.892321124713797 -0.0288426144340425 -0.434261753878312 -0.0267549564574171 -0.0605914736640473 -0.193526448636909 -0.2939085441882
135.730941534896 278.02521911442 -108.633681671344 -0.970924353699336 0.0702481088851501 -0.228847132092881 -0.18610416772316 0.379786213435738 0.906160892820085 0.0255447139703116 0.327048800103444 0.0573505062458514 0.572837005530269 -0.468297032438086 -0.179303971611802
135.50359134021 278.218074235842 -108.074163007093 -0.754983600923942 0.174535346356745 -0.632089452860162 -0.59061778837447 0.23781032243115 0.771114006368489 -0.309356454465875 0.343049241703374 0.0586628313596677 -0.489230172207188 -0.170914838575435 -0.836052608555085
