t = 322539
b = 20 20 20
E = -0.247987500449398 -0.559248814652345 0.311261314202947
-578.960459672439 -534.086041547665 327.873140425592 0.774604066608365 0.60498755592014 0.184332602620695 0.255793790825884 -0.566244783233599 0.783540854194242 0.232790150851926 -0.0841594362227496 0.188497871058342 0.175582579428097 -0.126631392186084 0.476314377256298
-578.599271606041 -534.301290108287 328.075753572149 -0.118206505655165 0.797159108078986 0.592084781126441 0.0201257615560618 -0.594219410037412 0.804051063389704 -0.351584554676505 -0.438724775800208 0.263677350345523 0.207053521012629 0.719818083271356 0.274278450074473
-578.335831643211 -534.41157679456 328.454302698937 -0.811595559154039 0.359433696536237 0.460564778276054 0.156086825190063 -0.62627967087135 0.763813146026656 -0.17960946765975 0.0477370011754666 0.231336714254733 -0.21067532388909 0.139441026185463 -0.0845549707294486
-578.116832474937 -534.410222528098 328.944153166059 -0.928570774763317 -0.358435654694077 0.0963333811226261 0.323615527401301 -0.654796482112698 0.683018597307164 -0.231505269969921 -0.0461449909863652 0.219688138148207 0.134572326144068 0.253802774201681 -0.263368890624624
-577.624591525716 -535.185720431615 329.465444700995 -0.607069145003927 -0.511563839459158 0.608086700095107 0.640115286738872 -0.76824452387439 -0.00725537377669071 -0.202323329195811 0.101438562007772 -0.0189532419728702 0.135148559324391 -0.41143100430305 0.101141004582063
-577.320431778838 -535.473092137094 329.659804025371 -0.731550138286486 -0.593915055260717 -0.334811996051662 0.632218106790685 -0.774758197966921 -0.00704475401965148 -0.398761996759134 0.264273671130464 -0.264087644477291 -0.198922822833256 -0.402705312608004 0.0388381982327431
-577.125722574658 -535.72496133931 330.50015758479 0.732996236120263 -0.17786044933208 0.656568272170736 0.132351735478032 0.98405552453184 0.118816657928583 0.248587528599598 -0.808639264038099 0.159616442334326 0.440366359626277 -0.0781703346603423 0.0970440649037326
-577.201780092839 -535.382029552947 330.903325104275 0.997655142594039 -0.0620080181652368 0.0289626876314072 0.059552969761409 0.995088279169802 0.0790726581068515 -0.67184455016601 -0.125704302123552 0.52028682028786 -0.247861994532486 0.130407071027472 0.149254941732079
-418.760279341191 563.922768185261 228.464779657909 0.969335073462122 -0.234855316897005 0.0723355779714511 -0.201333913808623 -0.927757801145536 -0.314213365518214 -0.455167376343997 0.300836343656951 -0.203115587747786 -0.499211722788817 -0.310226510115312 0.164326895575125
-418.841096739683 563.057273226239 229.426932693285 0.0350892566060604 -0.76049112078972 -0.648399467459828 0.92113917666923 -0.227049809769483 0.316149980999289 0.262468354446905 -0.241782115841979 0.355685929635249 -0.373755819694493 0.0542358205339544 -0.583800024993219
-418.739040682247 563.957019047917 230.212808160844 0.972175600301564 0.16473270580726 -0.16654623031637 -0.181597257063606 0.979097789669319 -0.0915962415221618 0.354081316353134 0.190687897887104 0.0188180002676128 0.304128115020599 -0.00624406171800598 0.0747668270489738
-419.35516416138 564.103211613045 231.101424284184 -0.483708002401078 -0.12573852961682 0.866150159580721 0.652713826996047 -0.711124057383519 0.261279330482173 0.669768707464388 -0.303486989999862 0.0204993701665513 -0.413571910424967 0.503446683113038 -0.262372769746008
-419.766397731278 563.06945959175 230.678798233158 -0.307562624621422 -0.914550246389931 0.262684128029147 0.654498023937119 -0.403718259027389 -0.639252542222262 -0.296856862656997 -0.0687222285626931 0.185352338291641 0.650368122414009 0.0951301111650351 0.00858463081601319
-419.348955505804 562.832197525009 230.492280643921 -0.621443413546574 -0.782810931243658 -0.0318590954854434 0.62148442026819 -0.467796510824363 -0.628429287847692 0.111003911413684 0.252171160913462 0.0566083875941953 0.258507679003829 -0.718237266064399 -0.226029585645706
-419.017381652066 562.56412543389 230.453066908624 -0.719540475681912 -0.350236801541928 -0.599662913298896 0.694417190391378 -0.371319444365095 -0.616365598206341 -0.637331420798324 -0.3737450299439 -0.296444077817042 0.0955192827038164 0.0054684763700223 -0.0106181056327227
-418.782331897341 562.252003452711 230.292364816717 -0.41216001924902 0.452868926517469 -0.7905906864239 0.741074819176933 -0.338156781547558 -0.580049970944438 -0.750616017728771 0.0299743626416452 0.48119952824074 0.202990760781638 -0.318053650788439 0.125699495292525
