t = 5022689
b = 20 20 20
E = -0.434143633006299 -0.748914053944324 0.314770420938025
312.803658449695 -591.394928479459 -119.824073180592 -0.174825696488922 -0.977296595473822 -0.119695993173335 -0.345081487664869 -0.0530390447905221 0.9370728179713 -0.0606262200154541 -0.0594089088865454 -0.402225957642113 -0.0197594852407183 0.155763468880354 -0.155744633325476
313.586384844801 -591.520686694546 -118.558304165162 0.609343318746663 0.208840501831018 0.764909342177905 -0.744363937016598 0.483022081916145 0.46109860637296 -0.241703666358516 0.344210347511613 -0.299068288745248 -0.488195385981431 -0.463274252253544 0.322854832027608
313.268902799441 -591.473850059919 -118.190167309848 0.556016077009869 0.824877177263186 0.102095845199616 -0.767322582710358 0.462204283576666 0.444503254855675 -0.199691804237155 0.175498207558911 0.445241757708213 0.168251581717647 0.175208965644756 0.229215876140017
313.090990676712 -591.287904831134 -117.845349172109 0.429174665928582 0.869022576343041 -0.246188075311303 -0.492197122560764 0.453558333292869 0.742984900440022 -0.157076431572516 0.640825537073281 -0.0168427138188015 -0.268733645351453 -0.0974064096720228 -0.55244551449208
313.081314153362 -591.101569146287 -117.410818846178 -0.316939953564416 0.740784957601353 -0.592272407707115 -0.507075806697765 0.395376506122329 0.765866383878894 0.0395516744832183 -0.0103239897739947 0.302655131626655 0.315063005036757 0.706457978796878 -0.00761868633833948
313.119003509224 -590.721040565841 -117.024165457545 -0.767011302905686 0.222581265919521 -0.601789914349473 -0.557423943636567 0.233330426187784 0.796765537216373 -0.576957619256085 -0.0945696932196969 -0.280883412110177 0.54440659249866 -0.323700462036579 0.277700583361135
312.812138866787 -590.40187316606 -116.634004370283 -0.62674324124819 -0.521491231041952 -0.578998887940728 -0.690081689093729 0.0263517288105475 0.723251536940155 0.176602325543818 -0.124411624488461 -0.184900383067647 0.507771758685593 -0.272181113894058 0.084778969882429
312.599237311182 -589.401459012468 -115.97341134118 -0.289227228797963 0.603067843621267 -0.743408799165222 -0.957171612518004 -0.19277326233146 0.216011317616763 0.131571309345941 0.370317588501964 0.192863653763035 -0.492579174988194 -0.374468327698893 0.0393441241971631
-148.280957152836 711.36673146518 302.741045973465 0.303154849965154 -0.180543590737525 0.935682109440219 -0.153695989856835 0.959769803622868 0.234987906970798 0.780784375002746 0.0405189222805947 -0.188959259765674 0.823432908583822 -0.0464596381316882 0.278989591246826
-148.543560379381 711.720633876674 302.981449271599 0.864280652138349 0.027610866495506 0.50225141064318 -0.176393503812824 0.951721394639554 0.251220157561492 -0.5708749247393 0.417963600729354 -0.38093828778676 -0.0782738211624787 -0.445814073758684 0.642153052292385
-148.623451398684 711.996083001528 303.36639845842 0.863767752881743 0.29693033105189 -0.40710876997706 -0.188519226574038 0.939687608723789 0.285390354329692 -0.388286323506729 0.222292516677422 -0.0996914384921146 0.455755708942719 0.148329445047953 -0.0737740289185538
-148.422566659602 712.316614063918 303.649851547196 -0.194926666274894 0.571567026207734 -0.797066256891019 -0.37904974229957 0.705616132170742 0.59868775454654 -0.132747757701883 0.227731559543244 -0.169982992226679 -0.00127705331866033 0.0878694623095975 -0.0173371967180969
-149.582314586155 712.18998041221 304.771912844786 -0.744547460544947 0.66107561439521 -0.0928871641093121 -0.408526796568583 -0.561248042592293 -0.719796054290297 -0.311666543143457 0.0772261477241874 -0.105865657457799 0.57646872084402 -0.0496101916197392 0.165231204611226
-149.931145187884 711.922222494758 304.58289325911 -0.0683862934865858 0.80415452478539 -0.590473228749872 -0.444984745102668 -0.554310676268507 -0.703369093766658 -0.202915344871169 0.417689943778198 -0.0421512821674157 -0.323286634728883 -0.0178763074709012 0.156664166404131
-150.300974979849 711.759566454554 304.306080380899 0.0397389381749234 0.957526804914825 -0.285592638577505 -0.746203547077174 -0.161646485248407 -0.645794555945575 -0.486507232223801 0.172778055758139 -0.410366239235671 0.255865320848548 -0.243764275233911 0.114118481163861
-150.771471776904 711.882473226152 304.220238349664 0.440453027229202 0.559626790697437 -0.702010581209398 -0.769041746776927 -0.168271508221305 -0.616651681927065 0.299429439264657 0.156023056845263 -0.253949719950605 -0.487444511428683 -0.134572376790644 0.437826569942937
