t = 2637064
b = 20 20 20
E = -0.33874332782739 -0.610595808382328 0.271852480554938
-58.3622888601796 445.010115926354 67.9863125828709 -0.32474362796962 0.0584467340675211 0.943994355183531 0.262253704741587 -0.95338787012183 0.149246287508842 -0.145672260356329 0.0958126111437857 -0.21582792419519 0.613624522059682 0.0487565584771178 -0.477394435481872
-58.2777357204553 444.384649448545 67.4706785003924 0.195879297433242 -0.780495994977345 0.593681073545685 0.578479112535988 0.580818762635352 0.572722778025781 0.130585917643649 0.366491729309743 -0.0576591086939861 -0.37942987528243 -0.143452651263795 0.277754676499717
-58.1892837938809 445.064942571602 66.6431027398418 -0.703447730987938 0.398990360534921 -0.58819033293516 -0.298915925686096 -0.91689804104857 -0.264475201680349 0.555515750255111 -0.197673155568015 0.126763489398285 -0.238814260976353 -0.448517064230993 0.296768096922048
-58.1635585468025 444.32386823243 65.6031551197394 0.470483926376645 -0.829127615355375 -0.301980350454473 -0.515048420682853 -0.535910970161652 0.668972634234569 0.808696294306439 -0.196911153275325 -0.326288798395119 0.0504787335298768 0.0101024410859236 0.292680201459365
-57.7091105381529 445.655854235638 65.6850431231463 -0.365104746924333 0.608258789359073 -0.704783383359106 -0.923435651004952 -0.14051957919586 0.357100465650507 0.108758341461277 0.445052641977468 -0.201561995533709 0.253468724950293 -0.209185665481221 0.747974234515168
-58.1270959003652 445.776176859003 65.0175668552985 0.200130054746505 0.254116765370523 -0.946241248017545 -0.947046841405452 0.29768556623638 -0.12035581877286 -0.179079788693336 0.139456881295996 -0.307818860786346 -0.377395929945245 -0.412436942774832 -0.153657647718547
-58.4455939144917 446.173914094085 64.9822047190346 -0.0211366681704916 -0.316083742275798 -0.948495764429297 -0.801264204721074 0.572749995691692 -0.173011740068143 0.163322266059318 -0.422465713172866 0.486475038352124 -0.465638234768412 -0.140241552692932 0.442809427503208
-58.5593249959103 446.595527274762 64.758029329446 -0.508850649936789 -0.672146897734738 -0.537856287536859 -0.698415021123401 0.687604934004109 -0.198533734388749 -0.712877485925875 0.240096127640584 -0.18493455269929 -0.0521296145508198 0.194865247059794 0.28543748688229
120.026897321961 265.942119552044 -95.8288285438874 0.770030026208399 -0.0747005245796194 0.633619354207154 -0.587329033345003 0.304900303216337 0.749720125487488 -0.353414025667436 0.229896905041057 0.0673019971717482 -0.194863540665905 0.169779385595738 -0.203125493085166
119.913928448314 265.87815493963 -95.3034849819478 0.828194868925648 0.549549043430828 0.109949862679568 -0.420640504857341 0.479884383621395 0.769917075396781 0.148692837317909 0.0856216847357189 0.0710331263146305 0.0460353531311706 -0.441968066879967 -0.216830198566511
119.914095832723 266.05411229082 -94.8290054290694 0.0753007795749523 0.782910577519666 -0.617560310444205 -0.687743220097399 0.489221118886161 0.536350518294273 -0.300526394642368 -0.351964462329495 -0.176161311238236 -0.112195938762401 0.221126820852956 0.113956857805625
119.903494919526 266.317638477615 -94.4696136237258 -0.548781061466654 0.382889939015766 -0.743124837671456 -0.593436613085684 0.447669496705434 0.668898274799224 0.432523581951207 0.214893838794129 -0.265002037103883 0.237924692841877 -0.443179532077832 -0.121007331831825
119.739877424777 266.672518011446 -94.3469604521409 -0.758267635613765 -0.583832951548289 -0.290119271134565 -0.527740099760455 0.2884021033697 0.798945858069878 -0.337128505674973 0.0822078752534279 -0.284727152755497 -0.0801088991207392 -0.326567565382481 0.343040294947234
119.331650956688 266.769988156545 -93.9738688121867 -0.570215302347373 -0.437433178518059 -0.695346367896275 -0.797342128559066 0.0909621718329795 0.596633301565354 0.0453555264283294 0.226731458466945 0.164085563724658 0.0999309241741974 0.0451838082961793 -0.171769877248455
118.868070958288 266.993131551773 -93.7849057060347 -0.0344198238555902 -0.947865088945641 -0.31680745337296 -0.835807453951141 -0.146497373691456 0.529116595679211 -0.342625204230711 0.413059471644122 0.221167879864888 0.253687178474747 -0.0433837399170661 -0.550475608556511
118.350279037455 266.874889402551 -93.6739184967142 0.43020500567238 -0.891109828700752 0.144383924290444 -0.81763396230172 -0.316844292056614 0.480712242562612 0.473548944479779 0.0177754793963622 -0.0449255475136041 -0.264908420018769 -0.0605530328773582 -0.0604253036790983
