t = 10000
b = 20 20 20
E = -0.0853253051978481 -0.0853253051978481 0
1153.56173841014 174.088208927493 -416.890154668351 -0.0167376251521459 0.930477248515182 0.36596683078519 0.770166026004253 0.245412446868181 -0.588741793987197 0 0 0 0 0 0
1153.80727602868 174.515784202871 -417.165400751393 0.473737093404463 0.142938785301042 0.868988802390083 0.865043993004578 0.109505959867759 -0.489599011941592 0 0 0 0 0 0
1154.2212093617 174.815036180395 -417.35963493203 0.372886818772548 -0.462588854613896 0.804342496244194 0.922718657019765 0.276144539292818 -0.268950393338304 0 0 0 0 0 0
1154.59796843127 175.124051774938 -417.128545170153 0.4530676839381 -0.865996528704089 0.211611828879589 0.884529167806476 0.466264633298763 0.0143280138892373 0 0 0 0 0 0
1154.89363041225 175.359903008722 -416.771268238585 0.52513010132989 -0.820129239030634 -0.22721417979752 0.802391624931289 0.388188467621409 0.453296011844101 0 0 0 0 0 0
1155.12587343091 175.30598968007 -416.351503804592 0.611108153149945 -0.449940243505955 -0.651229976843435 0.790717403338139 0.309350610784705 0.528268931870583 0 0 0 0 0 0
1155.65612876485 175.371751259118 -416.088193149258 0.418523028720513 -0.394838142914348 -0.817888236955114 0.893723259335773 0.0188645809768 0.448221755016609 0 0 0 0 0 0
1155.99370547804 175.047370687858 -415.902901427675 0.386050563505104 0.458006344182066 -0.800746527447016 0.920489409424217 -0.134299908035136 0.366964115523062 0 0 0 0 0 0
-2303.58488245836 4335.46560426038 -4736.94096568003 -0.351194841257537 -0.282430518027283 0.892689789632402 -0.862444650840998 -0.273571785158622 -0.425849118125929 0 0 0 0 0 0
-2303.89054355188 4335.06939379835 -4737.13176148081 -0.364334173544475 0.236478225900162 0.90074331831685 -0.925856049801845 -0.196103812239107 -0.323007346020355 0 0 0 0 0 0
-2304.1639322245 4334.70164465122 -4737.08859041507 -0.549495122010483 0.548743496846771 0.63002820930835 -0.789997455902432 -0.586698951959677 -0.178011861746317 0 0 0 0 0 0
-2304.4437504148 4334.37372775141 -4736.97652157403 -0.470112019458637 0.882600582915743 -0.00328047668361254 -0.876122458053982 -0.467104736425529 -0.119258042374469 0 0 0 0 0 0
-2304.90045817398 4334.09982605114 -4736.82842582442 -0.442954701905292 0.868166472334984 -0.223781118858585 -0.855411374502736 -0.334518388041187 0.395434795931174 0 0 0 0 0 0
-2305.29746230582 4334.17471428418 -4736.47856605066 -0.33825605373696 0.471482517256774 -0.81442429080313 -0.926663355112977 -0.317650955997321 0.200979511902275 0 0 0 0 0 0
-2305.77218248465 4334.23997183206 -4736.39805216489 -0.0533546552923519 0.0092472171236024 -0.998532725494736 -0.99541335909862 -0.0800089594471151 0.0524470344148331 0 0 0 0 0 0
-2306.30226834039 4334.01154709378 -4735.2252717452 -0.532352566395544 -0.2079849391051 0.820574729736209 0.137477304777292 0.93523754088547 0.326236880177114 0 0 0 0 0 0
8.29619017234829 8.80448861735723 9.73878841405078 -0.926493892306343 0.324451444979322 0.190631111599369 -0.228951266445038 -0.888042453327299 0.398700255183147 0 0 0 0 0 0
-0.151831311227022 0.57125774085858 21.2446759982495 -0.272303976760858 -0.675739573016003 -0.685001101404155 -0.672306154145118 0.642915681835901 -0.366965653996154 0 0 0 0 0 0
6.66351064719154 12.9108220162986 14.1430256899673 0.724566207480043 -0.660828552707184 0.195727789937065 0.39702284766493 0.168071424808624 -0.90228861167198 0 0 0 0 0 0
7.47074207684917 19.1964427775079 15.6461508680137 0.118947290466388 -0.989835913686413 0.0779512902798416 0.0534362680925937 0.0847766710457457 0.99496601095023 0 0 0 0 0 0
22.039104908707 15.3618201115044 8.04701170626916 -0.659702022634486 -0.0357549490528888 0.750676165795417 -0.652401367995757 -0.468579401945152 -0.595655694235421 0 0 0 0 0 0
16.592000343708 15.095502405448 16.1683112737543 0.953140597666498 0.268762970460372 0.138886126704136 -0.302496550406418 0.853241303921142 0.424823589096354 0 0 0 0 0 0
20.3558063481188 8.54380337601479 11.4509209130331 -0.319954315557822 -0.857639087007187 0.40259707011836 0.942679296977255 -0.330690914319 0.0447119230669967 0 0 0 0 0 0
11.8775773353848 6.48006644323147 15.2587596994466 -0.937963754806166 0.0437847345642884 0.343957515847962 -0.332346183967562 -0.396316158086169 -0.855850113253787 0 0 0 0 0 0
17.8533124790905 -1.75209543695948 -0.896194775411685 0.412005834017168 0.370070403711103 0.832645774714304 -0.911006448820664 0.185194547732655 0.368469964279993 0 0 0 0 0 0
12.0415113936359 0.87627322932758 2.45833764479191 -0.333011233971479 -0.614218190856801 0.715429561755362 -0.693026086481728 0.673926564140577 0.256003446332898 0 0 0 0 0 0
8.3283374202925 10.8117163833948 10.6603775277631 0.211617655692601 -0.334000861845322 -0.918510362584472 0.960988802183284 0.242360053594673 0.133274207155078 0 0 0 0 0 0
8.38784339425371 7.37357490314177 6.79154501415874 0.998290170060142 0.0566349547815716 0.0144602707885208 -0.0575651314760443 0.909659767983681 0.411345768890539 0 0 0 0 0 0
10.531557014004 14.8731508016272 -2.60487534612965 0.33449923558505 0.870451253560632 -0.361143804711618 -0.941524936781333 0.325149705759768 -0.0883649005943145 0 0 0 0 0 0
22.5820163887374 1.86943069440682 7.89993451667616 -0.141878681029141 -0.477892930700815 0.866884475966404 0.967970020014619 0.116270360163453 0.222519945404131 0 0 0 0 0 0
9.34642037167174 7.19643390356758 1.36882412898898 -0.774583582800977 0.607190708154748 0.177030059387105 0.598259720100011 0.794208412096135 -0.106387318067525 0 0 0 0 0 0
9.93493848228703 9.73890543168007 15.1136265702319 0.693415041597816 0.614634501744752 0.376031827344368 0.21869950837881 0.317723553095389 -0.922617017872524 0 0 0 0 0 0
14.5604932978296 3.69915170670667 11.1245173172476 0.727260478335162 -0.686287877386867 0.0100540012311877 -0.115954687272371 -0.108413328194897 0.987320081311577 0 0 0 0 0 0
12.3642977437362 21.7625444716855 -1.37774372554385 0.886165531959094 0.462157352748517 0.0334833917143366 0.171610594282573 -0.394459656708058 0.902746521732008 0 0 0 0 0 0
20.3455665304931 11.5066482134758 5.75835149713807 -0.0766086010802195 0.963995959575058 0.254642698175253 -0.885552154824332 -0.183145288626803 0.426913421116086 0 0 0 0 0 0
11.6600927644389 0.260020835864315 12.482038795029 0.269491329622282 0.825742490626932 -0.495503506047431 -0.212060592537257 -0.451024128957204 -0.866952965985895 0 0 0 0 0 0
10.7405711824428 8.26125109117367 16.9933453785791 0.410998066198491 0.891136558480422 -0.19223995208717 -0.27437527518641 -0.0801794924018596 -0.958274146015453 0 0 0 0 0 0
19.6248359662969 12.3277516835662 1.91464234021174 0.613335854034186 0.172143027880595 -0.770834477972759 0.384442057449918 -0.917610572167888 0.100970904103177 0 0 0 0 0 0
20.0875763369321 16.5613826735362 -6.73965246148089 -0.712987691670009 -0.701014753959363 -0.0150600674333426 0.603358182211721 -0.624322517476821 0.496165522165245 0 0 0 0 0 0
17.9617789835865 7.45322149138358 -0.303844774511708 -0.386387284780312 0.103920161865651 0.916463500744037 -0.855759143413192 -0.411053416879764 -0.314183509861809 0 0 0 0 0 0
2.09896379482111 4.02905000625577 4.81698596566046 -0.110486271395156 0.202937789160587 -0.972938293656905 0.769356919866026 0.637193844017896 0.0455396990718694 0 0 0 0 0 0
1.67250574701303 -0.352221928684608 15.4289665646387 -0.406787850029259 -0.410434685136053 -0.816129227008906 -0.54923667958489 -0.604000895249698 0.577513560547658 0 0 0 0 0 0
12.8971455862723 4.0527744023036 2.12112495221951 0.5370696904527 -0.715208130312179 -0.44725095830123 -0.842743684047638 -0.477936348724532 -0.247709179455578 0 0 0 0 0 0
2.50654575497861 18.8106996900401 4.17102825239424 0.624982304141067 0.242013777646378 0.742176757055036 0.436589978430272 -0.89650277749563 -0.0753122651242802 0 0 0 0 0 0
12.0642517599441 27.3348211766547 21.3821889635499 -0.616724454781569 0.381850053143838 -0.688361374541722 -0.786251013142065 -0.256362728930449 0.562216492264122 0 0 0 0 0 0
0.204691044254259 4.69590849827725 0.679220804073095 0.497600206388333 0.842133506247764 0.207858503770575 0.706328259585745 -0.53248297137755 0.466435622025799 0 0 0 0 0 0
18.14983302586 15.2521481531379 12.7279978614151 -0.222110569121085 -0.951104097454069 0.21463429250261 0.928346196290574 -0.138996508746294 0.344750915130041 0 0 0 0 0 0
11.5705182843719 6.05154967789386 25.1194349767949 0.0423419417176049 0.367317883089555 -0.929131115402405 0.819142054373692 0.519678508129059 0.242776555561391 0 0 0 0 0 0
4.15584238471537 4.85884376284533 15.3062779650389 -0.904667726017751 0.223344337217806 0.36289598960557 -0.368792165221856 0.0162536809608818 -0.929369699069433 0 0 0 0 0 0
6.30056872332598 9.09757596107507 -6.726213952354 -0.399625186421485 0.44564650459784 -0.80106105122088 -0.842542575357722 0.165708644107754 0.512506134638089 0 0 0 0 0 0
2.37959866808499 11.544218664312 2.94770931310811 -0.173900658314395 -0.562582925948682 0.80824435104073 0.235328518351441 -0.820711427942933 -0.520627699590183 0 0 0 0 0 0
26.4160425568451 1.86381001353895 3.50583700447345 -0.0488821730306967 0.801265814219856 0.596308297316635 0.503232956258813 0.53546513283806 -0.678257766797025 0 0 0 0 0 0
7.28341326675114 25.0565321342576 4.20839374359926 -0.185908263237532 -0.356185269467106 -0.915734714526645 0.767965577064735 0.528688650254702 -0.361548195468583 0 0 0 0 0 0
16.6671583339328 7.49684971226499 16.843131254701 0.900910405386817 -0.0594217427565427 0.429917874907712 -0.433920383719569 -0.142881429459295 0.889549257170568 0 0 0 0 0 0
11.9345191919045 4.00023196317737 17.0625995125797 -0.854705595265815 0.483083244103388 -0.190023244100237 0.514398125659202 0.738936233154383 -0.435164058180456 0 0 0 0 0 0
6.19125687395474 16.5662005232537 12.3573692469552 0.566954606745063 0.0328927757007912 -0.823091987639862 -0.0458256723970687 0.998914521164669 0.00835385522227049 0 0 0 0 0 0
13.0587912889143 0.791307363794513 8.69243608011765 0.331240073051918 -0.785536482417483 -0.522697238510607 0.372533931530034 0.617844794668569 -0.692449424764337 0 0 0 0 0 0
18.1446322479674 10.6093353584449 9.60971795916089 -0.98658994117386 -0.0678962530894893 0.148425968520406 -0.0067687954025788 0.925609216028374 0.378420064922173 0 0 0 0 0 0
1.55193285832169 4.56249210043955 9.7552444877149 -0.807185725704922 0.0457173213564641 -0.588524436014423 0.385032290339315 0.796487979351599 -0.466215605230812 0 0 0 0 0 0
9.23131384302542 12.0979145234823 18.3448080460173 0.318723693226518 -0.161436891558322 -0.933998512481454 -0.612223885463448 -0.787322677994945 -0.0728345348630522 0 0 0 0 0 0
19.7250829946526 5.44434446255004 -1.90212485404978 0.346017682290175 -0.51737589578925 0.782683753951242 0.288902971648683 -0.73492689595912 -0.613528708167917 0 0 0 0 0 0
13.0354579110653 8.20520051112757 8.93350605526668 0.470991497499023 -0.1702298201504 0.865556873845023 0.684345411147042 -0.54863205884821 -0.480285476480737 0 0 0 0 0 0
16.4805684637184 20.9318009683653 19.1771858302816 0.0353938417523342 -0.363245845204657 -0.93102074543356 0.920049713350528 0.375583186129013 -0.111560265630288 0 0 0 0 0 0
4.49353528977707 13.7565232310692 12.7389457743968 0.815841242729452 -0.123435660867996 -0.564948304621552 0.462324803976058 -0.447610679176285 0.765441284613498 0 0 0 0 0 0
18.0482084857432 2.91438058081036 19.4357695075338 0.965122985635866 -0.246004423252492 0.0895507361363145 -0.113465373236929 -0.701326908252542 -0.703751459154483 0 0 0 0 0 0
18.1565274163352 5.7686489230845 3.01480248668185 0.641644737377424 0.415687159263512 -0.64458988357628 -0.101165631208708 -0.78719254315303 -0.608352997631975 0 0 0 0 0 0
8.10464574052736 13.546153149374 0.672253344626919 0.642615344090672 0.655952784188561 0.395943678492128 -0.601706402116867 0.751977437368175 -0.269219775538056 0 0 0 0 0 0
2.70617537908139 17.688427086972 8.00463088923899 -0.859754823024313 -0.269664422347577 0.433708004382973 -0.45353258993341 0.793580243734986 -0.405633507598795 0 0 0 0 0 0
1.74907187478051 13.8465602168056 19.4889415140507 0.635182384825621 0.758157653538802 0.147445785630982 0.625034246266153 -0.616716490658645 0.478532012800484 0 0 0 0 0 0
5.52963352905616 4.5569102252252 18.8940736116154 0.758562399880628 0.641178856705035 -0.116071913056741 0.242144714272827 -0.442761856265385 -0.863323682141542 0 0 0 0 0 0
19.5111670276945 6.06397977838927 5.5393775464681 -0.722488304654465 -0.657957558312921 -0.212373335176044 -0.65205014469508 0.750572526593655 -0.107104804160663 0 0 0 0 0 0
5.97216845542128 7.99959598873796 9.13176468548447 0.162175745846342 -0.0713538150662836 0.984178612820022 0.617079883459103 0.785628415758528 -0.0447254306963222 0 0 0 0 0 0
20.8518771631473 6.90597646616103 2.71734722899952 -0.463159474494153 0.580384831458827 0.669803455906843 0.510257501288447 -0.443308911605019 0.736962953945776 0 0 0 0 0 0
3.08278221909957 8.77575045904294 14.7698784778501 -0.0304385132346654 -0.888669727049489 0.457536433600842 -0.927142698011675 0.196136859542518 0.319275171645236 0 0 0 0 0 0
15.4025608682299 7.84643249553577 0.0374461020517788 -0.724892714603607 -0.601616788343795 0.335540930789602 0.645612968247412 -0.763210151436518 0.02634597130333 0 0 0 0 0 0
14.8159755652101 5.16563151671578 7.64602478404775 0.24838024397492 -0.80508257578387 0.538655046044605 -0.875235174179129 0.0517459342852479 0.48092164567056 0 0 0 0 0 0
9.35835691375642 -0.0542864862232498 16.8726819246872 -0.0234548641841559 0.0984299065246499 0.994867481021122 -0.913963367997099 0.401149571022743 -0.0612362931737537 0 0 0 0 0 0
16.2680124640739 9.49230548143584 10.0087255826787 0.472092168175117 0.816737333151265 -0.331766595206798 0.827789001062888 -0.281295766486798 0.4854255367194 0 0 0 0 0 0
5.4327868672356 15.2213473648705 0.123466620871133 0.220405838579532 -0.862247033549015 0.456016763809416 0.957127372350106 0.281272642259973 0.0692299359825461 0 0 0 0 0 0
7.42414895848342 20.3015209970296 8.69684200738458 0.776936470470567 0.2759409424287 0.565885330267557 -0.470213361679092 0.852025637439276 0.230112309481887 0 0 0 0 0 0
14.6561394383871 15.1787687198745 19.9769193955783 0.393024724465911 -0.549513841050307 0.737269300351275 0.722399897187725 -0.31155391778908 -0.617310648875673 0 0 0 0 0 0
-1.09224200113452 1.63496703337881 12.6838144907972 -0.2708070764138 -0.90943001275244 -0.315595561840784 0.875366445509161 -0.0962491669583242 -0.473782192395965 0 0 0 0 0 0
20.1611446085382 2.67078326544529 2.79315117489287 0.825717489123878 -0.320868911220273 0.463932821679386 0.443457432416259 0.877553144744976 -0.182334737164117 0 0 0 0 0 0
9.33978437948329 4.77106174941031 14.8927365396011 0.0889985188759561 -0.945234637026698 0.314023457568651 -0.449716999445365 -0.319443260793924 -0.834092630646331 0 0 0 0 0 0
1.06014521795307 21.6943932553524 9.58427362000268 0.44161161893879 -0.513594492809893 -0.735662821684819 -0.875223327239469 -0.0662074423052193 -0.479166550744648 0 0 0 0 0 0
23.4773988596274 8.94558444167312 12.3263757683472 0.0329214895777858 -0.451782866056101 0.891520231169415 -0.658094511864843 -0.681141445657022 -0.320870504347056 0 0 0 0 0 0
3.59628938265364 13.4249375387888 5.27204739758938 0.430763253240554 -0.866762722858506 -0.25132722150713 0.767751905413124 0.498340784242713 -0.402757228228671 0 0 0 0 0 0
12.8948872927975 13.2819628134849 -7.2740688792052 -0.414460092098219 0.206546758623563 -0.88631887852872 0.293265481105803 0.952264690478264 0.0847779791618613 0 0 0 0 0 0
0.40816572260196 -5.8108356556163 16.1001363514821 0.0866766239336091 0.760089292320332 0.644011941058258 -0.990111467282232 0.137297211747697 -0.0287861258317168 0 0 0 0 0 0
9.28400989085592 3.38832215876697 21.4622664459791 0.496210172163836 -0.317191399755747 -0.808186224670111 0.855071887112422 0.339827428688789 0.39162390266441 0 0 0 0 0 0
-0.183291426781043 0.880583408928072 17.8948892401285 -0.0563634591876852 0.2104140908584 0.975986145857215 -0.76503066807323 -0.637214484725093 0.0931971381464877 0 0 0 0 0 0
10.5370328619704 0.128606372401118 7.88466496935353 0.204615616911423 -0.95621697339098 -0.20924038545364 0.97544952186865 0.216975805273344 -0.0376778000302887 0 0 0 0 0 0
6.41158666590164 -5.29701101932693 15.936238131435 0.661399123414088 0.716042151305008 0.223237046685467 -0.448954404213377 0.139531680249402 0.882593188425908 0 0 0 0 0 0
-1.34018080449241 15.0145002025113 2.878911761335 -0.880703154487167 0.357473523562009 -0.310764427907481 0.107999207166138 -0.487252517161783 -0.866557017664605 0 0 0 0 0 0
7.26751634427871 6.8608874930023 3.0146133508186 0.302172628921861 0.0684947379656002 -0.950789174607847 0.165984382969089 -0.985959001370759 -0.0182764575948979 0 0 0 0 0 0
4.63433472867651 8.22020271054772 19.7625985889676 -0.604321774151391 -0.796728262569692 -0.00438467457098105 0.794973474150459 -0.602606274619681 -0.0698768721812743 0 0 0 0 0 0
5.23787181137812 26.479018371414 6.04938311375325 0.104624280396816 0.946491994223754 -0.30529764559492 -0.982912080913861 0.145160585555743 0.113190674957535 0 0 0 0 0 0
19.4926161509646 12.0617371676114 15.0961629138214 -0.36847692944514 -0.531034575501819 0.763037971857063 0.800854234767591 -0.598130799393942 -0.0295290519702005 0 0 0 0 0 0
23.9149350158699 8.17866796841714 4.92437990747686 -0.348175236892681 -0.937294438098805 -0.0159099416197328 0.936972885893759 -0.348485180259425 0.0252939816400475 0 0 0 0 0 0
13.0666565030865 13.562892270939 17.1155255304618 -0.10165249653604 -0.854550463724467 0.509323318473 -0.135158107553823 -0.495364859610677 -0.858105967738487 0 0 0 0 0 0
17.8538993900666 4.80508950207325 16.6641433449702 0.916423178355964 0.0807699293495123 0.391975328628254 0.130276621522232 0.865873332226054 -0.483002427106507 0 0 0 0 0 0
8.41708819565735 10.1642174356753 3.13759715514992 0.326045105072928 -0.151043534420868 0.933209689018499 0.74482096571131 0.648967135121582 -0.15518800715795 0 0 0 0 0 0
14.6739581951852 7.33052000835546 7.93220421172551 -0.703394276752063 0.710797272235903 -0.00191578536753387 -0.0411777264756429 -0.0434392934090048 -0.998207044478295 0 0 0 0 0 0
13.7138511358902 12.0755660659815 0.734202776313411 -0.339435897613217 -0.936332988368114 0.0897986169658413 0.844690611097165 -0.261419616586654 0.467073275327864 0 0 0 0 0 0
12.2317687417411 6.86452970631149 7.15544619089636 0.619434212540002 0.763126017042182 -0.184227817285754 -0.782644349949232 0.618644080210439 -0.068900289750409 0 0 0 0 0 0
7.26490086442449 10.4760274157034 14.4402704694702 0.925531590357759 0.170567990382167 0.338079458361138 -0.375131686654675 0.291230654100715 0.880034553117763 0 0 0 0 0 0
17.664914647128 4.01602365104279 14.654063935105 -0.689117434831012 -0.379522844766546 0.617316344570247 -0.565400663480851 -0.25123645409918 -0.785622187939134 0 0 0 0 0 0
21.9647673330343 13.7277778622531 -5.92349656038893 -0.416543274166567 0.616045469195637 -0.668565334624967 -0.862999952991913 -0.499192039554293 0.0777064944413841 0 0 0 0 0 0
3.33491043909299 6.20888654212192 8.61834163036885 0.0033568669262093 0.290746039486992 0.956794315845849 -0.328765043342429 -0.903291435164595 0.275641265945663 0 0 0 0 0 0
19.3754707164981 6.35126219007965 8.09903073338146 0.267032036525602 0.770705089552467 -0.578539115364146 -0.529082935570134 0.619016383348951 0.580422166102876 0 0 0 0 0 0
13.5857060446731 5.78406732151814 9.89827609790145 0.575569482104553 -0.324439303199406 -0.75063892994447 -0.43416504131026 0.656631573964243 -0.616713568171556 0 0 0 0 0 0
10.0875134042283 9.96103850167603 5.05727612184176 0.717965066066816 0.585408562138425 -0.376593814243963 0.695895593660427 -0.616076244369948 0.369024809306379 0 0 0 0 0 0
-2.94425000085493 12.1125705289767 13.4381091003095 0.497785961610972 -0.288916350060536 -0.817763027919566 0.588133897057175 -0.580524915952202 0.563106794539344 0 0 0 0 0 0
14.6571425185561 19.5933746809457 21.8154915289694 0.973190303601559 -0.190599982881 0.128732919733323 -0.139924413722629 -0.046415252417883 0.989073639237693 0 0 0 0 0 0
17.3137951517373 7.10904545446013 9.21436184468151 -0.863875808815593 -0.185415182284899 -0.468337145665866 -0.160114955116607 -0.780477070064585 0.604333267045426 0 0 0 0 0 0
12.215690419025 11.990128949117 2.60802485446975 -0.473905650341912 -0.380690894922149 0.79403260333853 -0.87794658158763 0.134641312639778 -0.459435958280356 0 0 0 0 0 0
9.42435658792092 12.6321922239 15.2534310675693 0.747943400285288 -0.560124235324081 -0.356148043885731 -0.567616606661145 -0.26159601399656 -0.780627185186431 0 0 0 0 0 0
22.2274070757669 -4.54431919376822 10.0875246485429 0.0398453166993429 -0.114821174073793 0.992586686936606 0.987490182084578 0.156197544759525 -0.0215719956611522 0 0 0 0 0 0
3.43325267964996 17.7433314133844 12.7209301458649 -0.73636639106088 -0.0171936067073396 0.676364397961879 0.415909875973584 0.776986537133216 0.472557773123767 0 0 0 0 0 0
15.7366020282853 -0.552813880216401 4.73879881794134 -0.65534728408628 -0.515527100866473 0.552043166777469 0.392319242485328 -0.856869307163285 -0.334455633432003 0 0 0 0 0 0
8.37184589370457 0.276001429322726 20.2526649378273 -0.505453560584639 -0.753863671393346 -0.419769236109857 0.795359856788593 -0.218444222889819 -0.565406673266614 0 0 0 0 0 0
7.02378365803365 2.60985745050877 6.52790448232453 0.196618732573499 -0.320608960864276 0.92658019688474 0.0741904746580035 -0.937452999385743 -0.340114146966397 0 0 0 0 0 0
3.75380117080229 10.7633517491318 4.73496862075031 0.659906815714909 0.479360560327433 0.578564046548851 -0.674916919669705 0.0398143921249466 0.736818733952218 0 0 0 0 0 0
7.37707732802034 -1.83873766182141 1.78316036329198 0.698969839458208 -0.257802130772491 -0.667067548011831 0.692295855301287 0.00998810875513792 0.7215445705005 0 0 0 0 0 0
-1.36764411043265 -0.294843334968603 11.1996066396472 0.784875247888611 -0.370594676417605 0.496618896363892 -0.595009376884026 -0.674514409102676 0.437028704275006 0 0 0 0 0 0
11.7873373178829 15.1329438341185 5.56019437793624 -0.618765573819551 -0.720992754657929 -0.311927163206206 -0.0967105693076871 -0.324135377352701 0.94105431099798 0 0 0 0 0 0
9.12524520460736 22.5870561415741 16.5107105243789 0.00119687961875024 0.556561493503769 0.830805506207741 0.342445183659483 0.780345595102732 -0.523251375319849 0 0 0 0 0 0
3.5044647496648 6.50745732651845 -3.19411953072521 -0.848647503321676 0.524902669769026 -0.0653797828905575 -0.44420634515363 -0.774315517824513 -0.450684095621082 0 0 0 0 0 0
13.8817514411682 5.45747562574355 -0.368701532039671 0.727275686364426 0.266461402505201 -0.632509514752844 0.156883634338679 0.832624228699334 0.531153821876159 0 0 0 0 0 0
12.7826118698913 8.8858742303783 3.35494004859905 0.668558884371005 0.623157528224703 0.405836962619438 0.485316245644499 -0.779105200056298 0.396816307767333 0 0 0 0 0 0
4.77910121274764 13.8051280249376 8.74166880611046 -0.444579322149759 0.515893879695408 -0.732258590750241 -0.476588223307316 0.555938854553941 0.681025383547876 0 0 0 0 0 0
5.21344647373771 8.52597143352839 17.5313003213677 -0.724891369968628 -0.0606406795286555 0.686188815822876 -0.657494720051506 0.358075899584778 -0.662934566391348 0 0 0 0 0 0
0.119070220209187 15.9495448500437 25.6692210199618 -0.819375875608099 0.103172750622211 -0.563895770564172 -0.0381593576874461 -0.991305519914415 -0.125925484093454 0 0 0 0 0 0
17.4818291387417 3.07881785741387 11.3577160179424 -0.300628793183702 -0.488250419938673 0.819288572694298 0.659631596684015 0.513994988842805 0.548356836727061 0 0 0 0 0 0
-1.69158068617454 1.43329708076174 9.18612722035679 0.600005999294414 -0.520897251771038 -0.6071727654007 0.179900359236455 -0.651676321227366 0.736853964171271 0 0 0 0 0 0
22.6342345312196 1.3900647852652 16.9859298818556 0.0121187025127027 0.290958101419494 -0.956658983729483 -0.670664802433059 -0.707256277793102 -0.223600583005126 0 0 0 0 0 0
2.3345379975542 2.66802930476838 0.409316399934496 -0.768922351817439 0.319086857503266 0.55402336338137 -0.632716489711598 -0.25535098796295 -0.731071545853775 0 0 0 0 0 0
24.5780972814305 17.5558639563637 20.1011507684792 -0.44085845271927 0.89241000370706 0.0961674876348667 -0.247141535928983 -0.223688447419969 0.94280667502147 0 0 0 0 0 0
14.5463446214856 14.3186182631326 11.0378665836469 -0.215177066913511 0.946078601727392 -0.242144784620231 0.863845849232245 0.0687459686024751 -0.499043306657071 0 0 0 0 0 0
8.31231464241993 13.2268992492373 5.43771178047553 0.280546651991622 0.454668514231678 -0.845322437686785 -0.880786077444398 0.471948820885507 -0.0384721144175629 0 0 0 0 0 0
17.5542907312614 17.7906586863246 9.51475439221216 0.356809624280145 0.933112373693008 0.0445889523103859 -0.883951818295582 0.352681083367788 -0.30699370023648 0 0 0 0 0 0
6.6333627093995 16.8287017604366 18.8934655809832 -0.893694412008499 -0.270212428947319 -0.358183515368753 0.320174764318561 -0.943335800552988 -0.0872105186406384 0 0 0 0 0 0
0.579326191841808 -0.991785788401603 12.51371875349 0.51121159135334 -0.319439425768257 0.797885364626933 -0.830267305289178 -0.423436439006146 0.362433009057379 0 0 0 0 0 0
19.9241651262731 3.50912632236799 11.3688847935046 0.827623075175208 -0.499362441040482 -0.256275454214188 0.535366274552738 0.839461693747159 0.0932039784540861 0 0 0 0 0 0
3.89496871430002 7.41932350729428 2.23266082739725 0.351419766708761 0.524082251774667 0.775784670172173 -0.904974004716331 -0.0221301403755789 0.424890795997915 0 0 0 0 0 0
12.1749237412061 9.55535236801223 1.03615940887021 0.64608572857489 -0.150484646719463 0.748283025281107 -0.713226201311251 -0.468157648963822 0.521667239145596 0 0 0 0 0 0
16.7778572860047 10.0438410566062 15.6999692894442 0.349655069388636 0.027641768057897 -0.93647057935167 0.885180039871112 0.317704787267436 0.339882123661128 0 0 0 0 0 0
16.6262141339893 9.81627223208049 4.49475620538685 -0.0984804903064439 0.970229244622392 -0.2212618333925 0.976371972491872 0.137181614314139 0.166969635145364 0 0 0 0 0 0
20.8976817812242 14.7263132641405 4.06482534065043 0.580385257410144 -0.0564119967587989 0.812385697050805 0.79303743371271 -0.187542720716255 -0.579585404940701 0 0 0 0 0 0
1.80278843512489 -0.618418701432784 9.9927598377736 0.252340346927518 0.783453750452547 0.567912426502261 0.396183158247904 -0.619108284681903 0.678044071902399 0 0 0 0 0 0
23.0335950649551 22.7445900693165 14.0236670273321 -0.210714702516128 -0.629932113609612 -0.747519079677278 0.763856420582835 0.371085756239739 -0.528032790134059 0 0 0 0 0 0
11.2769652954838 10.7807180365266 13.9363922307539 -0.883062167721718 0.425810015545515 0.197197720587205 0.0929544582716482 0.570637173252892 -0.815924386691446 0 0 0 0 0 0
22.108342151944 15.1917580711843 -2.26830934118053 -0.921172756515181 -0.0151137514464031 0.388860139368121 -0.353585370511963 0.449856817170418 -0.820125682270987 0 0 0 0 0 0
13.8757649843462 6.49612293615991 4.67987298425556 -0.35889653334193 0.610781522454888 0.705789724666673 -0.181214147329233 -0.787376001509017 0.589237150688269 0 0 0 0 0 0
9.4802032747674 20.9470455378316 5.41788550610029 -0.10821909513443 -0.981075878806989 -0.16055760026297 -0.44718634957641 -0.0962026432548058 0.88925210265554 0 0 0 0 0 0
13.3896500364479 11.2997449029972 10.4885201684948 0.821618516867759 -0.436371166438692 0.366773937639353 0.495418129426347 0.228364680720781 -0.838099240330481 0 0 0 0 0 0
6.56034719829279 5.22243309280788 10.7502764065887 0.272132320727248 0.453669193123599 -0.848603658106683 0.836203437060586 0.324875701389013 0.44183648996843 0 0 0 0 0 0
9.00687992570684 9.37824247705404 -7.39398992030153 -0.243329840195243 0.0843261634661323 0.966270960271515 0.191022910475672 -0.972536555150972 0.132977028507229 0 0 0 0 0 0
0.24278033258611 9.86786860488778 14.2412924643276 0.906666293769012 0.294529674573618 -0.302007274201449 -0.218604865189653 -0.284251813951887 -0.933494889971659 0 0 0 0 0 0
6.97258665009195 18.7008385027605 4.32533138545866 0.656690775512526 0.551032096960877 -0.514898796330545 -0.731224176318245 0.632321013309383 -0.255893080307466 0 0 0 0 0 0
0.199023397384439 12.2590869981895 11.9317426811265 -0.763407925835562 -0.644900020723226 -0.0362247486121144 -0.225538400253468 0.213591303776801 0.950531993775704 0 0 0 0 0 0
9.08952810676873 5.885735653667 3.01302749239055 -0.506275937511335 -0.841356319344152 0.189219935982772 0.240201443429407 0.0731552175681534 0.967962531374882 0 0 0 0 0 0
9.8414919161912 4.48389237931674 -0.898559361312171 0.150646119030558 -0.655851833741108 -0.739705381261391 0.123253982532317 0.754866792095247 -0.644192929719637 0 0 0 0 0 0
5.31954272904816 13.3107951937052 17.0156490610953 0.523602604353926 -0.206224253356664 -0.826626733115841 0.84676437384653 0.0189510650763048 0.531630353864695 0 0 0 0 0 0
14.9087150680838 17.1700693326183 13.9445668035152 -0.274215898074774 -0.781274640154174 0.560727680295785 0.710597847832467 0.228257562362742 0.665544191531847 0 0 0 0 0 0
4.75793617625864 4.80403743115139 1.764193837629 -0.868117641458211 -0.494340094843041 -0.0447162290646343 0.469197713242568 -0.846669875651512 0.251005166875257 0 0 0 0 0 0
16.7039877915419 -1.73780457923585 12.8351298411715 0.272540042726818 0.765285322743596 -0.58314685158261 -0.653383307839858 -0.297692260326909 -0.696038405932326 0 0 0 0 0 0
8.44217955350701 2.98173248408428 3.48358411757547 -0.134543098379222 0.55456816499053 -0.821189516805101 0.748955356217672 -0.485712279840303 -0.45072093862982 0 0 0 0 0 0
13.7956952482922 8.03106987697848 -1.50932016253259 0.0621168697998937 0.213050355139153 -0.975064575739998 0.997915904809538 -0.0303585551693446 0.056939318197316 0 0 0 0 0 0
-0.992885993771451 8.31733252555843 1.34536175907043 0.792650386742618 0.602819523897959 -0.091180645504228 -0.556466858343681 0.654230529862745 -0.512178661381961 0 0 0 0 0 0
5.51385079643145 10.9966188080933 8.17648082734523 -0.0360311762547765 0.0396271838080071 0.998564630666972 0.86024663225392 0.509763446731621 0.0108107280226368 0 0 0 0 0 0
12.8328702189705 22.4441864694173 10.9800384879481 0.949985823028681 -0.0931555473184806 0.298075262095866 -0.144984698355114 0.713816825865798 0.685160505199848 0 0 0 0 0 0
5.82431812756543 12.2403639941713 5.03030607934097 0.0426238911970715 -0.961830586366156 -0.270305601316606 0.0399687417507109 -0.268693334933994 0.96239611431161 0 0 0 0 0 0
17.7346057825128 0.679978403621356 17.1821846703308 0.274042335739029 0.93559914802549 0.222609563084651 0.892148207570651 -0.160877951607371 -0.422125270851142 0 0 0 0 0 0
15.8051886460306 23.7267291129518 0.366413935490537 -0.338597683968805 -0.92545929466739 -0.169931413267748 0.604350608187735 -0.352324233184552 0.714582306443749 0 0 0 0 0 0
11.8680635682781 18.1146674273961 14.752353228985 -0.806675434978176 0.347531027204168 0.478013412909883 -0.496181387093875 0.0411381050330329 -0.867243661497939 0 0 0 0 0 0
13.096857930367 12.7247719817979 8.64680314005182 -0.461005285758242 -0.506084344876393 -0.728939417027746 -0.74221626088431 0.670147636826992 0.00413536714970873 0 0 0 0 0 0
1.61997811403859 9.15282373790548 -0.32471785470942 0.799715709775483 -0.400721412559175 0.447076093062389 -0.070284175314255 0.677050204686746 0.732572925018328 0 0 0 0 0 0
9.20848293511605 6.83845825957496 -1.8182881480282 0.294300155371183 0.898071591886731 -0.326886541985784 0.945941982371105 -0.322506802023957 -0.0343950843268805 0 0 0 0 0 0
1.00044516212227 7.92877706217268 14.2634149616441 -0.685800465033159 0.708356946228827 0.167057174332569 -0.0813596703330751 0.153483035520757 -0.984796144107785 0 0 0 0 0 0
-5.41245307063444 9.77908243689605 12.2147514473173 0.402834470962039 0.339874775800916 -0.849829053598529 -0.91523813586034 0.157660760122932 -0.370785818415758 0 0 0 0 0 0
13.4301862619715 7.37794381414036 11.2983565769948 -0.955167873581964 -0.0455503225348885 0.292539539946197 0.0310337801550389 -0.9980544784731 -0.0540755215017947 0 0 0 0 0 0
16.7537903222481 7.42419839781125 5.81885622161864 -0.187852685806123 -0.968944239535141 0.160805540382747 -0.353858915911331 -0.085960899211383 -0.931340148983396 0 0 0 0 0 0
10.3221087305166 19.1247354956108 0.166951525411691 0.879459654259275 -0.192314688779761 -0.435391389682143 -0.475846911973446 -0.334166926987869 -0.813573644715294 0 0 0 0 0 0
11.3263268030914 10.3803008247792 11.8205954995871 -0.033279832717953 -0.505550101001461 0.862155124887629 -0.607001048400933 -0.675089670178145 -0.419289398362031 0 0 0 0 0 0
16.5425003375103 0.435445537799169 8.69935472027846 0.544617262578319 -0.216264953518854 -0.810321783952143 -0.461059574685818 0.72988185731363 -0.504674635038968 0 0 0 0 0 0
12.2189421131799 18.7881890031559 5.49251506889835 0.622141655315032 0.782014258445971 0.0373284610153474 -0.118541042470657 0.0469627533226944 0.991837891040644 0 0 0 0 0 0
4.89990713279714 -1.32900914528901 9.68303583741974 0.788195328840726 -0.283781110292079 -0.546091837904481 -0.0435698493613863 0.859383608331796 -0.509471736987264 0 0 0 0 0 0
10.9468050138622 14.6877680516595 2.74413078408454 -0.334378257693628 -0.695466757892018 0.636016594043023 0.296727983407165 -0.718229882693076 -0.629363394038084 0 0 0 0 0 0
24.328608486484 2.10345601453705 3.76096745356815 0.530357556508597 0.486590026042172 -0.694226848966813 -0.305528371602925 0.87355907635698 0.378875871519928 0 0 0 0 0 0
15.5919825877226 16.5762928085749 10.1285415086616 0.769377390501927 0.360709640204087 -0.527206679348318 0.095701497085844 0.750913616690412 0.653429347162998 0 0 0 0 0 0
13.3369492810636 18.3290250311016 13.2550471306493 -0.032214263398498 0.531951362808411 -0.846161865935594 -0.184321757671694 0.828918511933689 0.528128348910154 0 0 0 0 0 0
5.69794831624641 -0.024356519433307 2.24428611738033 -0.550529245210688 0.629257082234729 -0.548591836084483 0.767512412214546 0.640016857940074 -0.036097759910196 0 0 0 0 0 0
8.90517624534594 14.878896708321 3.03187661641877 -0.0131777915977277 -0.388148774709874 -0.921502454283521 0.894121706548585 0.407989642299103 -0.184636741438574 0 0 0 0 0 0
-1.19098803288767 -1.1902153474958 15.2647558125589 -0.841727669811108 -0.42405204247517 0.334177044953619 0.538901562916081 -0.697554604024761 0.47223153080488 0 0 0 0 0 0
10.3641285004431 21.3486060764208 13.7972385646337 0.620321387504021 0.202507920995861 0.757754448234017 0.675965880495944 -0.628046231928586 -0.385523004213125 0 0 0 0 0 0
16.4645104485795 17.000587365722 6.8420981754135 0.685958922427102 -0.708759006865757 -0.164684448578318 0.726037782421108 0.651675881441108 0.219516777175854 0 0 0 0 0 0
13.8700331206186 9.61235384829201 17.0842030472489 -0.44483312657296 0.867810703688096 0.221422769006183 0.334502584859456 0.390322442684912 -0.85776238575218 0 0 0 0 0 0
11.6032919318712 16.8645975410821 -1.98509655477125 -0.0085643812708398 0.542124863010373 0.840254247300003 0.488579642245027 0.735425161167577 -0.46951007525978 0 0 0 0 0 0
17.348630786691 1.5163297384666 4.26902452478631 0.795342092205675 0.562029027554116 0.227055603319152 -0.528982869926757 0.826450894584105 -0.192758928141753 0 0 0 0 0 0
21.5440354978092 17.4741102640255 15.1275908471776 -0.820610444721972 0.279576144621163 0.498433112343495 -0.481434173499889 -0.808128697692777 -0.339336268610977 0 0 0 0 0 0
9.58469018733236 4.46664510591631 10.307050659277 -0.201427217782016 -0.9665540013396 0.158746434889791 -0.491202833739844 -0.0405397483649114 -0.870101250381294 0 0 0 0 0 0
14.1472698392877 18.7687263528112 8.18336562625146 0.808699370051159 0.138418025720849 0.571704173597774 0.360998674718371 -0.884148693092029 -0.296582230307387 0 0 0 0 0 0
7.87499476220288 18.6333653728145 12.4586606233254 -0.39262625928336 0.769932199343047 0.50303974037185 -0.910653977996695 -0.401975349980416 -0.0955251297824924 0 0 0 0 0 0
17.9037516908246 14.8358805087331 -1.38111967906776 0.219006301167296 0.947743459961838 0.231988279909077 0.301249795992122 -0.291822598540815 0.907792940233736 0 0 0 0 0 0
1.44316400210495 13.3103749867886 21.8755407129443 0.353619831773948 -0.721379865107495 -0.595452808893832 -0.707228116281074 0.210437302410842 -0.674940308001628 0 0 0 0 0 0
9.23506467671993 15.0691085616285 9.59623920200431 0.876874733691901 0.201915709635875 -0.43625753089873 -0.186064851156983 0.979333587550201 0.0792817165785292 0 0 0 0 0 0
