t = 30000
b = 200 200 200
E = -0.12785256163421 -0.160990730499983 0.0331381688657725
-5.55130413473648 -4.10316065289348 7.15343964981285 0.281292550495454 -0.490259150775258 -0.824936597134379 0.902339028471492 0.427692700029573 0.0535083404933459 0.0737290173757855 0.188825359684015 -0.141996316202234 0.439174054638759 0.0249645115358967 -0.128956897821368
-5.09023035010478 -4.22283087344974 7.31056766684769 0.0808523816794009 0.111828947478338 -0.990432770208193 0.901327379486428 0.416024340350789 0.120551362287816 0.0927263517280003 0.0092026747056887 0.420513689472762 0.0627108492073244 -0.860559069490227 -0.182670962817268
-4.58572855373544 -4.28243104026842 7.22788600275597 -0.129425332276521 0.532911549528453 -0.836214224842185 0.921968618137404 0.375089117543444 0.0963427881144762 0.0250430132537108 0.238629179069906 -0.218592600796491 -0.350474418160079 0.408043549379125 -0.099324634166128
-4.0727873648074 -4.24932449988927 7.00800867568582 -0.39451753871465 0.749186541305307 -0.532048213944335 0.908460463248292 0.404990086831587 -0.10335619483698 0.052988739608189 0.000280042271084024 0.12971132154085 0.375855363684741 -0.173207110691072 0.0667961644389764
-3.67280634209021 -4.07602778676636 6.68758720845363 -0.517113232172106 0.854104274210662 0.0556746819074363 0.832653535456567 0.517055270774418 -0.198347661373588 0.296543616618383 0.311058929279679 -0.153106339038601 0.177617671062008 -0.12518147227566 0.312044420049499
-3.52568548742337 -3.82959761283527 6.26578368945779 -0.171719401555181 0.664789904205638 0.727025940703507 0.872163798835465 0.445748292904876 -0.201590531793729 0.234693476393164 -0.416559794701256 -0.366848793174203 0.222708968377472 0.212270088658465 0.135754251484484
-2.62498348624126 -3.52796343248778 6.33250784059542 -0.69106755679682 0.70475568330907 -0.160451970900781 0.113827607488035 0.325335917224542 0.938722428489114 -0.258209171031133 -0.164114171206234 -0.0781046624887964 -0.308356217913854 -0.503563032769203 0.399745209225293
-2.40285945354307 -3.1928319250805 6.55365848743461 -0.974740918573311 0.155231923176225 0.160571137175511 0.213014196509944 0.430111373817722 0.877285031066529 -0.319998426772205 0.0491934944295202 0.465533040769434 -0.0425317105723631 -0.181429941057359 0.16450577612768
-2.70529860757824 -3.77764324476783 7.58411736066565 -0.794414851717556 -0.544843597873337 -0.268422031073986 0.605942251076297 -0.741286969650639 -0.288665057035163 -0.0101533263751306 0.0854316320415229 0.280087251090873 -0.338568497432687 -0.348103795362612 -0.0271668833421226
-2.68256710949106 -3.0752493801825 7.24959944941671 0.608297582123132 0.255776964837541 0.751366808854983 0.382407222873565 -0.923980607210829 0.004945048308028 0.178393940508957 -0.558997858166802 -0.349469047590005 0.0751057653866684 -0.0398594453695179 -0.420201898013728
-3.73605607844021 -2.89143180875993 6.99975828200309 0.0573770084562863 -0.756979615725353 -0.650914436025775 -0.987687001627126 -0.138087647669644 0.0735258032060042 0.178727648643318 0.00357457493407808 0.194033180706186 0.445666827984899 -0.162728431993528 -0.161842818456341
-4.27266491079874 -3.0196686195068 6.86128534253459 0.473893019699619 -0.870396200368707 -0.133550668140346 -0.878984677913402 -0.476693119958679 -0.0122263561272254 -0.306508188085619 0.230031554309954 -0.218732874302597 0.313919063232568 0.275486002069788 -0.127548019510005
-4.61173149185205 -3.25850054988416 6.58235769489382 0.507528482290068 -0.829337288354961 0.23369721060023 -0.757896684197204 -0.558713969759265 -0.336795516629364 -0.0628658903184508 0.0157024796227465 -0.830179144236011 0.0531102414057073 0.0587416861939844 -0.234419209740315
-4.80498314705559 -3.60455541930173 6.23605008046678 0.232296272552522 -0.541938454612408 0.807676352213711 -0.769447576677273 -0.610343944476532 -0.188230163436335 0.013645779736456 -0.36923136870165 0.463034206821322 -0.0972177191625157 0.246656866570762 0.153964801762822
-4.95488550380239 -4.1590655253907 6.07666608941421 -0.128604042095801 0.0765848303033966 0.988734378751627 -0.85779359976342 -0.508904578662266 -0.0721542016536966 0.21757011848476 0.283839264221087 0.168080374222392 0.040217020455185 -0.134063194779768 -0.133175529794027
-5.15512356168782 -4.65293226561184 6.09197125366472 -0.380157761805121 0.492687838872496 0.782776297233092 -0.773268853581787 -0.633650461147185 0.0232859716496473 0.315319670287234 -0.509492052365151 0.0261907805325866 -0.0251265293193327 0.36737775681285 0.366437685379701
18.1011551421765 -1.64442379362335 5.86985162892532 0.264630533124471 0.941472334009625 0.208807355442744 0.0924245034464232 -0.240290660057243 0.966290845204361 0 0 0 0 0 0
79.9999631749599 63.1209906998517 194.101523254586 -0.402278426384667 -0.014907503849215 0.915395933359805 0.909760587898467 -0.118460192165999 0.397872766147905 0 0 0 0 0 0
72.1425690626255 182.3566105118 12.086236915357 -0.699246441707136 -0.704333758532996 -0.122345045994805 -0.672264306373676 0.589654858505575 0.447624588752257 0 0 0 0 0 0
179.538841346067 16.8212207096686 65.36119176825 0.00380795623593601 -0.646503453720597 -0.762901510296624 -0.836713190213707 -0.419852228386007 0.351617754736774 0 0 0 0 0 0
84.4221599607774 160.952067749521 116.44044431446 -0.923589050806089 0.289147086651294 0.251748124659373 0.185314564471082 0.911538926545412 -0.367090285119907 0 0 0 0 0 0
99.5808596550832 44.7216873331779 93.5548776626547 0.843749831974852 0.185532480110785 -0.503650478765315 -0.0394019434672876 0.957235759618243 0.2866132889126 0 0 0 0 0 0
125.595400217061 106.400950472156 60.7121672098612 -0.524733536447235 -0.850879514013091 0.0256658422455082 -0.850809721804188 0.523226066380209 -0.04855115003663 0 0 0 0 0 0
97.5872139504084 160.380332379088 134.815419037889 -0.755958418658581 -0.224686081486906 0.614851950354014 0.369650062419677 0.628656906799484 0.684214332493695 0 0 0 0 0 0
137.310968711711 -2.12476895673412 84.3218932489993 0.896260054704984 0.177407147764016 0.40650277096851 -0.0840200287562232 0.967835872498249 -0.237137831499223 0 0 0 0 0 0
166.901375910501 53.1932578740414 177.252192228263 -0.558385755800712 -0.828759042180882 -0.0369291265926299 0.829504597831866 -0.557175093342294 -0.0384441846490751 0 0 0 0 0 0
133.619093606544 174.014290382117 22.4734813378082 -0.224045568772854 0.974389866549819 0.0191824151381063 -0.908541057246505 -0.215945800183668 0.357659677668861 0 0 0 0 0 0
166.013693528864 48.0507543542806 49.8644182728157 -0.55233119135472 -0.721824895651224 0.417012011790129 0.504611787605379 0.108681403648782 0.856478358459446 0 0 0 0 0 0
53.4460636438405 8.1485218305595 129.997879056977 0.251895487816618 -0.301433953219662 0.919611943531821 0.222128196608791 0.942892151103654 0.248220551992904 0 0 0 0 0 0
193.187762178619 96.8899436461055 151.286018074786 0.620968820615643 -0.439768787442055 0.64884593029497 0.769926198672581 0.186960697712511 -0.610130503307314 0 0 0 0 0 0
40.7731290715729 194.917000268743 173.720810879632 0.245255775714163 0.00656095775428171 0.969436144935822 0.910532122236461 0.341756280237067 -0.232666701545661 0 0 0 0 0 0
59.6195614594357 78.8457240538206 87.5000642378522 -0.395939471607376 0.85364176944794 0.33841931377524 -0.917967956397409 -0.377500308764666 -0.121771284336465 0 0 0 0 0 0
140.188845867681 9.36097973601718 69.5410465715325 -0.190901347475628 -0.755544702611908 0.626664844018035 0.197030169502193 0.595919641151058 0.77849779493629 0 0 0 0 0 0
191.03663174291 37.068588606532 182.332115379382 -0.909603499071258 0.263129917416679 0.321533839715294 0.363748877218354 0.87830983782655 0.310255629846743 0 0 0 0 0 0
42.1994929834838 66.6584653030837 176.209815233214 0.907688092231477 0.315236615925148 0.276998367934306 -0.230052160542588 -0.178255059128748 0.956713657215812 0 0 0 0 0 0
160.839295831946 19.9143435668143 168.524349603825 0.460527473523366 0.766816499689288 0.44710944165958 0.821204543474625 -0.176853354414428 -0.542536517967449 0 0 0 0 0 0
115.382063595243 137.687690533793 109.81311531954 -0.376553964176786 0.696417685579201 0.610908714852058 -0.826865065222291 0.0446987874657327 -0.5606211406493 0 0 0 0 0 0
-8.53809621935898 158.317650530432 135.278624213854 0.434086555830303 0.254246849941695 0.864249552987266 0.385789417800404 -0.919393180565172 0.0766986714348831 0 0 0 0 0 0
137.45583850437 80.7291719832354 64.5331770285892 0.964641002200878 -0.0929227078259934 -0.246643445206272 0.221038413522128 0.794924423476501 0.565010740453507 0 0 0 0 0 0
60.9957599505779 46.6625502474544 87.2134971211374 0.200313005979275 0.77255138163863 0.60252718967931 0.330912295301085 0.525500608376432 -0.783802320183491 0 0 0 0 0 0
19.9798380023524 80.9923129742851 168.707262056951 -0.888229627255631 -0.451443786585203 0.0851266227726981 0.401446323625501 -0.852829542746837 -0.333949977930203 0 0 0 0 0 0
173.382483970786 95.7651572333007 134.181447756982 0.0254811739793854 -0.285254089036411 0.958113096117265 0.984033807182422 -0.161722006447079 -0.0743191957795275 0 0 0 0 0 0
47.1295041887506 59.252090697675 55.3935787082791 0.868784735921798 -0.472963107353686 0.146693180375817 0.463362616413973 0.880946049737018 0.0960682906463959 0 0 0 0 0 0
130.961818088044 24.7174130768467 134.232903088864 0.508441182974206 0.849837142795666 0.138796113299726 0.385115644452962 -0.0802546604781451 -0.919372074531109 0 0 0 0 0 0
156.096784826555 96.3709816359916 98.6713504032519 -0.42148716696348 -0.774823038384852 -0.471166403334606 0.623915007460268 -0.624826842051745 0.469384073279586 0 0 0 0 0 0
165.926815236815 190.637528367378 158.490966051 -0.584848978772069 -0.414438802685533 0.69727473217082 -0.143472483062104 -0.793213094579795 -0.591801139730896 0 0 0 0 0 0
20.7284317267816 20.5981150538306 57.7990553909716 -0.271313991145041 -0.925362255296023 -0.264751577051906 -0.516048167372484 -0.0923346073078667 0.851568253900919 0 0 0 0 0 0
199.855723898595 38.7201080697232 148.07002767572 -0.97180843133341 -0.207985143210395 0.111042509610105 -0.234882607230669 0.813184047201157 -0.532505235484212 0 0 0 0 0 0
204.910738846622 44.6755784943723 37.0955287193011 0.861521779688635 0.385554190608445 0.330345406715163 -0.143522911366647 0.809043919863764 -0.569955321462751 0 0 0 0 0 0
49.2195104989054 154.325408934099 111.55506228862 0.177437649605235 -0.154423964312438 -0.971940843561006 0.966746879284976 0.212165464805311 0.142780156511752 0 0 0 0 0 0
21.0947014347689 159.536032829745 92.4628456545828 0.633295283590934 -0.773898550604531 0.00425080475770317 0.689220092517352 0.566482729074009 0.45174428693291 0 0 0 0 0 0
111.900049287539 28.5455564963819 141.362429263883 0.937978879094972 0.0953278300843192 0.333328830221984 -0.0688952609120448 0.993531650841933 -0.0902679359571686 0 0 0 0 0 0
43.5999540297497 78.3422798749535 16.4335596976124 0.899845540678449 0.170516286951316 0.401499792107374 0.299667274445931 0.427204929181672 -0.853050629010918 0 0 0 0 0 0
3.69874348021993 140.738271658576 22.2658981748501 0.297021524668984 0.537158715851453 0.78945464914422 -0.551149524441111 0.771583609023859 -0.317636408106785 0 0 0 0 0 0
19.8808089811283 200.06354585651 127.649988053885 -0.512529802420277 -0.701996521020275 -0.494483594918375 -0.209790734077097 0.660793550602379 -0.720652249161082 0 0 0 0 0 0
183.716074019728 189.747937483012 19.0684987199937 -0.413044833521548 -0.536010594637753 0.736265253137527 0.902823240080481 -0.347167739681344 0.253741310892782 0 0 0 0 0 0
17.3050823754977 182.636720980582 71.0516046340814 0.0472130264788287 -0.52787441481079 0.848009107455474 0.575722072875772 0.708140885528226 0.40875484292757 0 0 0 0 0 0
140.414080299166 39.8219769795185 -2.40589930656322 0.620096882875298 0.718842996918483 0.314236446040156 0.69808027218543 -0.688353110272838 0.197113841317341 0 0 0 0 0 0
155.159963836965 124.727791449975 93.2279267533146 0.0300689616523045 0.490470131744779 0.870939043147818 -0.148368641224396 0.863870615511135 -0.481367090390448 0 0 0 0 0 0
1.86962641547451 107.933616228499 24.4209913812243 0.580437910631701 -0.718564866091122 0.383087858674298 0.201740734171296 -0.328887550159795 -0.92256899428235 0 0 0 0 0 0
176.534602606693 101.695788222655 178.957702204361 -0.730018902694545 -0.377750466995433 0.56954094163171 -0.22762933830637 0.920172241562052 0.318540283053978 0 0 0 0 0 0
8.8516024658181 147.03509637731 149.666154950215 -0.0558212698798891 -0.812503129721276 0.580278045001029 0.286537197380312 0.543700351799571 0.788851239461944 0 0 0 0 0 0
51.0354279235635 157.242579058562 44.6983883227173 0.58387829109394 -0.760122299252267 0.28513186604944 -0.196658433964812 0.208329125211657 0.958083671661087 0 0 0 0 0 0
52.3230567364298 35.1171304977925 91.8378987071421 -0.569456565248393 0.817057988884275 0.0901965823563709 0.415213421812849 0.191204136155115 0.889403551720207 0 0 0 0 0 0
151.509149080389 43.0172832443516 62.4803662349437 -0.342831570091425 -0.299359434434601 0.890421436757576 -0.757280196774921 0.64895325930997 -0.0733914286416518 0 0 0 0 0 0
154.496569551188 145.412559911816 23.780466165881 0.346719759384917 0.72529790073573 0.594750626012292 -0.57147682091153 0.666153623529932 -0.47922179281612 0 0 0 0 0 0
89.5379343290268 130.542967853175 165.945214131624 0.201299274847207 -0.977175885059101 0.0678666797873837 0.553458048220328 0.17063089486645 0.815211120409122 0 0 0 0 0 0
101.537132236126 87.5208421341788 182.907186077481 -0.103328951425522 0.504970790368656 0.856929133511232 0.0197917981330059 0.862414074423856 -0.505816388045998 0 0 0 0 0 0
155.9101376962 102.370327667039 124.739183360278 -0.645378088729525 -0.677825318430559 -0.352192980968412 -0.439424952557664 -0.0476910789393594 0.89701234836603 0 0 0 0 0 0
116.435699497133 189.590680170596 126.977121963827 0.103561426862199 -0.609585691556025 0.785926358258009 -0.107563482679945 0.77867680513438 0.61813629840939 0 0 0 0 0 0
164.595734825011 18.2659256209014 125.448152082219 -0.289430478056445 0.698960042819847 0.653976143252286 0.218771293716578 0.713438641566526 -0.665690894659752 0 0 0 0 0 0
16.9352717897199 118.62867639247 132.187709154906 0.850136563019683 0.522736651553585 0.0633571677453161 -0.114421208381099 0.300838584231146 -0.94678605021938 0 0 0 0 0 0
140.754053580885 55.1453274484285 199.171833139661 -0.644942769680803 -0.26044839376898 0.71848127804189 0.287721820618427 0.788213898951566 0.54399904254767 0 0 0 0 0 0
71.9355920617847 75.8953654012108 113.806264752588 -0.703037903117261 0.465895127973913 -0.537288882424275 0.486651037524995 -0.235734726417841 -0.841189511258806 0 0 0 0 0 0
99.8368676711532 5.71139047669461 167.109456003856 -0.95311027474429 0.123974157839502 0.276063570555354 0.29949985327778 0.517147374544767 0.801784474506864 0 0 0 0 0 0
124.602090892248 160.117671786358 139.11554876587 -0.296153765401943 0.658874778067272 0.691503367024642 0.899368375325871 0.436134810954212 -0.0303785385359687 0 0 0 0 0 0
13.6038940674793 113.640345019236 94.7249445517833 -0.22117780058871 -0.242387330320654 0.944631489217477 0.828031615760789 -0.558393765732323 0.0505960833706809 0 0 0 0 0 0
128.479199569853 189.680510475827 96.967482633746 0.626255108936821 -0.394624673473775 -0.672365826742589 0.717252620709409 0.629629581113246 0.298521685513637 0 0 0 0 0 0
97.6415612617984 43.7850134913933 165.57597975477 0.583390014026293 0.536543376778851 0.609735361839624 -0.68274150771649 0.730586594357604 0.0103540429524028 0 0 0 0 0 0
163.681434285285 179.510185310365 164.026829307242 -0.41525575525663 -0.0140098791685431 0.909596757814168 -0.66447366539196 0.687579982065527 -0.292760061163034 0 0 0 0 0 0
81.5948315724122 122.187922275113 191.123561296558 0.643337846563319 0.589143406439323 0.488903246047118 0.0113704497130542 0.631179843346735 -0.775553122944119 0 0 0 0 0 0
1.68158303592275 50.9154271048154 36.5344910299326 0.318561748454811 0.616141177399369 0.720339078476567 -0.709235697162428 -0.349248519503027 0.612380676398828 0 0 0 0 0 0
130.510121640854 109.100146196984 74.3450926244488 0.382760644015855 0.916496774596117 0.116309640485977 0.817664788133565 -0.277471446722913 -0.504414294472971 0 0 0 0 0 0
46.4565139149611 74.6187687535122 79.701849850885 0.137908583446867 0.905988873800164 0.400206648872272 0.750253670406067 0.168236645362452 -0.639387007503419 0 0 0 0 0 0
40.0361271735776 8.88953459017109 87.8328525082304 0.40204307625927 -0.515092663077987 0.756994600835821 0.840710516437631 0.535187764509357 -0.0823395361049945 0 0 0 0 0 0
27.3241303857547 10.8960807479042 187.59474058685 -0.443162875892618 -0.0563484472270342 0.894668317922851 0.765964889817314 0.494702861184241 0.410568845223537 0 0 0 0 0 0
115.826786729265 34.3156533872978 33.4448494394065 0.251771657355387 -0.024482845114158 0.967476875025859 0.434882718029578 0.895927909157053 -0.0904996112208635 0 0 0 0 0 0
121.774498120498 14.5911232352931 157.967210689189 0.883094316554058 0.357323489368874 0.304079344952173 -0.260934380828938 0.912639221901585 -0.314647230449661 0 0 0 0 0 0
96.767125396703 26.0065139855147 36.4456120118977 -0.460566200358613 0.555587027598631 -0.692243994151796 0.867185329667353 0.115240914960239 -0.484467767661303 0 0 0 0 0 0
182.32153873075 65.1859011848093 92.0503424067898 -0.643929706452561 0.583973093265712 0.494297360840218 -0.151840001256517 0.535674161733707 -0.830661014774826 0 0 0 0 0 0
11.9610574106705 41.6566646105755 94.6500350764097 0.343081105116699 -0.631368552649652 0.695463179721007 0.14119754664571 0.76665342283271 0.626343143122823 0 0 0 0 0 0
82.2184483401939 159.215807571788 52.7271215338986 -0.269200351444668 -0.312846014468613 0.910855880186987 -0.960510515172858 0.0181171662841099 -0.277653019717159 0 0 0 0 0 0
44.7499747678469 11.3100000076132 57.1787048770018 -0.72824745815233 -0.681254570043876 0.0744834653172781 -0.623891155183272 0.614076350168294 -0.483394237027497 0 0 0 0 0 0
122.976955606464 174.817313763532 120.13780297313 -0.508153861158329 0.496206143771701 0.703959534643557 0.649366264093678 -0.316194524259471 0.691624443317671 0 0 0 0 0 0
62.1460688043289 81.9866408599919 61.7801424712055 0.952720507845175 0.0960836466292876 0.288255873613885 0.135628424133349 0.714450832777546 -0.686414510154383 0 0 0 0 0 0
118.872197126269 68.2461410370494 128.425302880877 -0.341409201970311 0.705914407870204 0.620584036022326 -0.231244334719866 0.576877085308119 -0.783414836831937 0 0 0 0 0 0
57.0289737300897 50.4458981765043 60.3249407883138 0.131229818728655 0.796841239672406 0.58976497854413 0.879020083579852 -0.368596373861989 0.302424044721869 0 0 0 0 0 0
204.728014892679 59.150732481477 91.9068476669709 -0.166084595215665 -0.142968049542327 0.975692537262349 -0.890819561470363 0.446091492495207 -0.0862716276548658 0 0 0 0 0 0
90.7664451020696 46.0383884509017 67.3352153773289 -0.26687436426416 0.916735696203488 0.297277173660569 -0.808183167136152 -0.0448504733714554 -0.587220814027098 0 0 0 0 0 0
191.951421549771 22.9838933194144 124.677694577195 0.485982143160516 0.298394154508303 0.821451262394428 0.399253420070059 -0.911900716244015 0.0950461477217921 0 0 0 0 0 0
94.6683552401004 39.6646656222296 22.9103771123843 -0.81056765084397 0.00182668316494078 0.585642064255142 -0.57447174981354 -0.196882759766623 -0.794493091841875 0 0 0 0 0 0
73.3759532108971 21.9204551731099 187.362177658628 -0.314943091937935 0.929351656152155 0.19265599341557 0.425834893026751 0.319771175462197 -0.846410616784021 0 0 0 0 0 0
45.0972731658738 100.133247137882 128.243279632004 -0.939703699446882 0.318105947250659 0.125560568743791 0.12468150119405 0.660546343435826 -0.740360036899511 0 0 0 0 0 0
77.5776588119096 169.703819767386 199.149066730297 -0.189561191805348 -0.724590896554262 0.662596808452493 -0.326707118909891 -0.589832151214501 -0.738485215905593 0 0 0 0 0 0
194.483549209271 188.692645597116 50.0261381155518 0.0468378018831373 -0.581644215581148 0.812093681736383 -0.290044502110111 0.77004066962546 0.568253029376727 0 0 0 0 0 0
97.7928147084148 17.3714997705277 17.6872959370594 -0.806400594485858 0.541733642808421 -0.23715534410607 0.0842242146183464 -0.291729554272509 -0.952785411187652 0 0 0 0 0 0
135.37642895907 59.6139946659922 117.955443859358 0.235904069674153 -0.379715441451541 0.894519620474139 0.889175885018021 0.455720766188517 -0.0410455151659765 0 0 0 0 0 0
54.3938754970591 159.031112715 95.8120723958391 -0.0018072891783758 -0.865478214389641 0.500943274440792 0.578058083339164 -0.409672046472098 -0.70570359742838 0 0 0 0 0 0
179.975573923419 12.3547936816984 105.986681832184 -0.282248221090728 -0.446231444997582 0.849242806101088 0.711757542509735 0.496132848530612 0.497245721372458 0 0 0 0 0 0
121.783369552767 137.473444629458 35.8519611719316 0.86288827309582 0.119000614690645 0.491184857600279 -0.0657002819010489 0.990049213600392 -0.124442859364078 0 0 0 0 0 0
25.1910542100552 112.156867802795 133.372242786726 0.181039122879637 -0.522353657998478 0.833289508682271 -0.264775004564297 0.790119047286545 0.552816464375497 0 0 0 0 0 0
