t = 10000
b = 20 20 20
E = -0.426607618446414 -0.426607618446414 0
1154.4180653483 174.695433557426 -417.055082372997 -0.693565138757997 0.4839148669749 0.533660609866937 0.58012225117105 -0.0640289326362735 0.81200883513387 0 0 0 0 0 0
1154.63329471602 174.954013454543 -416.849090453575 -0.636260743862138 -0.462134750349837 0.617740736351382 0.722055906663766 -0.0747467655476259 0.6877849005115 0 0 0 0 0 0
1154.7299952897 175.161458195225 -416.391172285648 -0.287687754845351 -0.939637996743049 0.185245968645668 0.747111339180013 -0.099165875998637 0.657259961188058 0 0 0 0 0 0
1154.99347568503 175.142132206504 -415.941170866613 0.0150552053599596 -0.980507826554121 -0.19590207653656 0.699428920467422 -0.129685163046932 0.702837688956769 0 0 0 0 0 0
1155.0981582358 174.84754708113 -415.446992730202 0.355797232886431 -0.647392399976598 -0.674011339186567 0.724816885015864 -0.264117882047942 0.636303448409499 0 0 0 0 0 0
1155.3925821157 174.418783232754 -415.204072485893 0.459241698951159 -0.0896841760843874 -0.8837724070369 0.834674472038353 -0.296907155299893 0.463858316317459 0 0 0 0 0 0
1155.67604589001 174.030858465842 -415.078803173828 0.57817420785871 0.421373298175223 -0.698683759094025 0.806019333786157 -0.427925239550235 0.40891648570074 0 0 0 0 0 0
1156.04645608572 173.649962507712 -415.136032439485 0.521127619134536 0.820774273516758 -0.23399887889069 0.846752574541067 -0.462855993581741 0.262248515451584 0 0 0 0 0 0
-2303.36580266378 4334.44096241785 -4735.64926919828 -0.329122044336667 -0.914408897729308 0.235658438597539 -0.8594611279805 0.18670057089103 -0.475887863204811 0 0 0 0 0 0
-2303.65237874162 4334.36509864034 -4735.98147823552 -0.583760409155287 -0.271475861845594 0.765195738627889 -0.809000743609868 0.274410580451106 -0.519823531865782 0 0 0 0 0 0
-2304.07760896369 4334.30304110531 -4736.24225690239 -0.450453349831852 0.101591831339076 0.887000991764808 -0.885571677915932 0.0753239246899848 -0.458354640731648 0 0 0 0 0 0
-2304.51742076098 4334.0518821594 -4736.26094213405 -0.245516893890512 0.812074938612343 0.529391753731763 -0.93023353199712 -0.0437173270100168 -0.364354559916803 0 0 0 0 0 0
-2305.04611882288 4333.95519545748 -4736.21703506968 0.00149598393841321 0.973755767431691 0.227590275152947 -0.968044477355468 0.0584840022442296 -0.243863470058833 0 0 0 0 0 0
-2305.552568189 4334.04648804668 -4736.13672519862 0.233554540865491 0.953743619916771 -0.189275631030013 -0.948940132088065 0.181121592933263 -0.258277902069897 0 0 0 0 0 0
-2306.0439173982 4334.34522208696 -4736.08849876415 0.52053339373272 0.448368686959761 -0.726643231676943 -0.845681040646274 0.153353489225794 -0.511181141751614 0 0 0 0 0 0
-2306.36508089631 4334.75246654531 -4736.20933064805 0.468795679314549 -0.240248198663618 -0.850006638810422 -0.845693353726533 0.155745309371455 -0.510437097632834 0 0 0 0 0 0
12.5039578012746 7.28172634885344 1.42660159875383 0.352708963602946 0.177916283426271 0.918663195981044 0.364888895548981 0.877887017157465 -0.310113610915432 0 0 0 0 0 0
17.0504734100667 9.84975779810267 1.44236181982138 -0.940822756945965 0.177755908848328 0.28853987842148 0.329481178348614 0.679077174740491 0.655969724624597 0 0 0 0 0 0
8.02328688454409 0.763601553562932 3.76236556430216 -0.02917796401592 0.367985966400662 0.929373375926674 0.559541264974158 -0.764432479194484 0.320244450373768 0 0 0 0 0 0
10.1797047498051 9.14073689083591 16.1257752517682 0.341580779670097 0.657804264280292 -0.671279415167767 -0.864796639304773 -0.059706197686487 -0.49855974949917 0 0 0 0 0 0
0.457093045348559 5.59958441332234 23.5000606524935 0.271612346551831 -0.638875466218513 -0.719767185492697 0.712947377502415 0.635943987446032 -0.29543393634714 0 0 0 0 0 0
14.6679286935602 2.73097304090761 11.1845072959661 0.28102194119197 0.591855955203678 -0.755468807699947 0.959573512625611 -0.186130287933233 0.211125731974771 0 0 0 0 0 0
18.1822858517134 17.035737755905 5.98046419831304 -0.339856363285726 0.204805930396769 0.917906350887452 0.153722034897481 -0.950777752686529 0.269056108528789 0 0 0 0 0 0
6.228762496082 0.731741144960937 14.2063527566513 -0.000904206147502486 -0.150791994727086 -0.98856504097546 0.89339462141189 -0.444256582962807 0.0669480637870843 0 0 0 0 0 0
6.65131615786391 17.7922165860536 9.89923328151775 -0.675276391337722 0.500962075562263 0.541330495038011 0.664039432827212 0.0934905464916976 0.741829516263585 0 0 0 0 0 0
-4.69732474040831 3.86986503421956 17.6803024777965 -0.928448386504245 -0.213629222854447 -0.303884904151881 -0.34591203439314 0.199073620359165 0.916904817117958 0 0 0 0 0 0
6.61577937237026 5.19816419011323 20.941087005563 -0.310004217411502 0.667167710928356 0.67733637473118 -0.00633089397585656 -0.713867174312747 0.700252467871916 0 0 0 0 0 0
4.35740421099594 20.0094149836774 -0.292491835819676 0.736931204192032 0.588384721424106 0.332769803232373 0.0697279023232784 -0.555827734825968 0.828367953542137 0 0 0 0 0 0
-0.312323416194072 15.2905361132415 11.9121825934643 -0.691021279016242 0.654325735896523 -0.307160145721214 -0.147157526370486 -0.543386707888685 -0.826483795432162 0 0 0 0 0 0
4.37326088604927 12.7762338806573 5.84929388396798 0.413729937861192 0.287610512825067 0.863775215019255 0.909668220642477 -0.0925759356116564 -0.404886782089971 0 0 0 0 0 0
8.84800558858999 11.1609629053647 2.12393636972982 -0.129420922483426 -0.985966297504588 0.105454642791149 0.137868804915504 -0.123208504737075 -0.982757212943247 0 0 0 0 0 0
12.4430860657479 17.2531590918791 1.93879609073758 0.735164979811335 0.111135682867604 0.668716079300965 -0.545030725921945 0.68347105943345 0.485601436566234 0 0 0 0 0 0
14.3394219171445 3.00594183045189 3.74980792701306 0.3229423090704 0.946404746243633 0.00512921671485392 0.826209983195855 -0.279276534819345 -0.489266359823866 0 0 0 0 0 0
8.69594824058535 16.4039635812387 18.2453111235893 -0.947041565049474 0.319226286479497 0.0347382358208903 0.276309496663118 0.865244694788107 -0.418335571319693 0 0 0 0 0 0
14.986013690129 11.3567555719579 17.0391616507124 0.647701040852666 0.0824595173598114 -0.757419085629906 0.637204245268394 0.486360190288197 0.5978498340754 0 0 0 0 0 0
11.2945234617486 14.0371296666461 13.9299752746059 -0.109382618896354 -0.0452567137203582 -0.992968858314036 0.104290098771693 0.992926882889747 -0.0567430951979731 0 0 0 0 0 0
13.0354453802671 18.3522987679406 16.5137673076004 -0.0822720782287049 -0.986703374802797 -0.140170439635516 -0.807914934589927 -0.0163187716763746 0.58907303195782 0 0 0 0 0 0
12.0853291737229 17.9960991955891 7.27266848312194 -0.259097907897214 -0.630037788889918 -0.732065971620417 -0.775018674279542 0.587932566392726 -0.231692196437478 0 0 0 0 0 0
1.80312887578319 20.9597626090628 5.64132390905065 -0.55089152664637 -0.628855615547654 -0.548688498691703 -0.321228994301206 -0.447022912666846 0.834854689981025 0 0 0 0 0 0
10.1937202078228 3.70437029481341 17.4692399706347 -0.838018921545973 -0.205338596660618 -0.50552965656767 0.436714969887383 -0.807845719635548 -0.395809659977151 0 0 0 0 0 0
17.166210801954 8.19563351847935 13.7130935258981 -0.598355291653978 -0.372641743317725 -0.709301750618975 0.225467516507442 0.771181358163459 -0.595351714122049 0 0 0 0 0 0
8.80663587043617 6.51301191786084 11.4813331371855 -0.54548656653938 0.338748009200855 0.766612083427808 0.0140800595604001 -0.910848194147529 0.412501271310747 0 0 0 0 0 0
1.34571239000455 7.50691232683249 18.7811653322075 -0.771361647292276 -0.517229891251905 -0.370775351613977 -0.636008777960324 0.646885942180767 0.420750927321047 0 0 0 0 0 0
3.63249262088609 13.5127581628113 -0.437761723779717 -0.144745961978677 -0.971537712470612 0.187518193914244 0.920684573159124 -0.0628177340235335 0.385219067934181 0 0 0 0 0 0
17.3560103222039 17.879869226911 0.61294438665275 -0.975677227342696 0.0459742552622407 -0.214336643952073 -0.0321652996595215 0.937152598596527 0.347434002262953 0 0 0 0 0 0
3.54566454450576 7.41718304948109 10.3364492654614 0.195742258707387 0.785673647402956 0.586857599686035 0.157727272932549 -0.615866169645307 0.771900832014982 0 0 0 0 0 0
6.3768604370048 12.0730155536163 11.5355838847569 0.629529618319375 -0.0602472285857122 0.774637084272249 0.594686097414436 0.678996591518942 -0.430478814807634 0 0 0 0 0 0
11.3186197856269 12.4028832309878 7.57908408967715 0.888304145161676 -0.339692821024593 -0.309070263175475 0.171062488726276 -0.379820209183641 0.909106226815498 0 0 0 0 0 0
-3.1854644412388 10.4803755151644 7.91971571357103 0.583362560402451 0.273276805595385 0.764858026262103 -0.683264585756683 -0.344023968182573 0.644047288687784 0 0 0 0 0 0
-0.511458884850273 4.29969025474472 9.0909405711621 -0.0619989435900241 -0.347262424152463 0.935716214956111 -0.863981739127649 -0.450700455753306 -0.22450959588292 0 0 0 0 0 0
23.8439354435929 16.3139808673529 15.3057835309773 0.0972258857666769 -0.838453878816236 -0.536229600852388 0.988236620934599 0.0174242230653056 0.151936362735352 0 0 0 0 0 0
-0.0697423130494787 2.15122733756332 14.8009249020069 -0.962852867061885 -0.188329342317533 0.193510465432187 -0.257860500496837 0.853967603333902 -0.451937232881999 0 0 0 0 0 0
