t = 40000
b = 200 200 200
E = 0.147599402999242 -0.157892265844771 0.305491668844013
-3.11792923338831 -5.29537397388304 6.68364336608497 -0.399512525420891 0.566233839958701 0.720949999282426 0.751444700900796 0.652737987611944 -0.0962490746454772 -0.0780258526641351 -0.154492383145621 -0.27048462509015 -0.355824919624119 0.0888002679852061 0.534361790529122
-3.03726339236232 -4.83399589325498 6.58532678948157 -0.0203026622796792 0.208236747698149 0.977867653852811 0.562450227645207 0.810999829974947 -0.161024585685648 -0.272260570408116 -0.559392150042511 -0.131865631539295 0.545800268022298 0.0513295860467933 0.474588460248197
-2.96579247026992 -4.32130678786035 6.6091369161112 0.339728293358893 -0.228652064739845 0.912306301221295 0.599449057989727 0.800090946753192 -0.0226978073756172 0.147300394471857 0.0269062312483575 -0.038548747258946 0.445279675276297 0.191211965152293 0.130309024496593
-2.78537550063373 -3.86313488632712 6.82020025453454 0.540120194436993 -0.599557509170659 0.590593626980805 0.597553258445335 0.767371070997673 0.232532991850215 -0.213504214064622 0.584199866266336 0.542958091083811 0.143577079858591 0.157561999255548 -0.0368104575554976
-2.56067321132366 -3.50388421154759 7.14348936484639 0.682404876866947 -0.730078600761231 -0.0361759014338903 0.708680439376955 0.648652281490609 0.277528532511189 -0.552781722712795 -0.782168851212088 0.34810891934739 0.396188567261885 0.245019971753607 0.179953643549196
-2.19874077377614 -3.36452988943199 7.52496950651607 0.507914244735614 -0.620259439860985 -0.597746791029311 0.83093689275677 0.535718634487031 0.150164181460543 0.369686008028258 0.0501573162114846 -0.00857930464613673 0.193699833974522 -0.0621373244073916 0.401142766288114
-1.7232182348319 -2.49267615002114 6.47498877841186 -0.0167786046660204 0.671403815813126 -0.740901630505861 0.352672310608224 0.697354161397722 0.623954526535088 0.0121602309320452 -0.317542239256304 0.056550608445365 -0.447054970490869 -0.0877050009301259 -0.722402927078307
-1.30978303632156 -2.29349788797785 6.49674976554526 -0.656009406136462 0.734703945160287 -0.172805115088614 0.408322159392575 0.538031536623913 0.737424535428526 0.548058006546343 -0.0831784336367478 0.04196931787127 -0.284325991652919 -0.0940733166576829 0.213162235327802
-1.30108930875573 -3.58061865185769 7.31008378601112 0.289039034678418 -0.50344795838932 0.814245903429723 0.153865938734734 0.863922768105892 0.479544175553986 -0.263855060852035 0.284045819195672 -0.403677291342627 -0.0635795555593954 0.0976699929948903 -0.158415933079174
-0.821845389238518 -4.49791161986664 6.32210319328214 0.717270085041046 -0.694190818156787 0.0601882382439371 -0.677354955860571 -0.674391221172016 0.293915904287831 -0.223430735424133 -0.0892038997447252 -0.250039860955553 0.095236205621958 -0.0337224719092153 0.0518728190233706
-1.52708104433364 -4.09845650851315 6.77141337070209 -0.448298137193373 0.62809781161223 0.636020267568991 -0.660541874956947 -0.712164110820675 0.237711016068212 0.205405454020338 -0.0732979081647418 -0.0601026655469906 -0.111624666033828 -0.864806492068134 -0.414966149602707
-1.73563403092498 -4.3986886087834 7.06891793485432 -0.686465168842984 0.722216216619842 0.0846712825458961 -0.700493182098241 -0.688035839921994 0.189514804953892 0.616250508466614 0.262356874670901 -0.28080166130529 0.332406196472622 0.0886047308656631 0.164077062922318
-2.06560838201915 -4.55702570548951 7.47021701217288 -0.642707394338788 0.58305035686232 -0.496970190086792 -0.739478968688935 -0.641683069591389 0.203503240853482 0.518880307420982 -0.219569301399134 0.311212251874859 -0.396023471556444 0.142190446605405 -0.281587699965274
-2.5483197859331 -4.56848472499101 7.73202126743021 -0.365827221018184 0.0888617355023576 -0.926430764048413 -0.770344199909494 -0.587490055773794 0.247840970231503 -0.0105414828029599 0.434624463034509 -0.0575504960758796 0.0426306708138383 -0.0744271934812099 0.304824208281863
-3.12351363972499 -4.54915544383704 7.76169206685333 0.0876240238364254 -0.2685438670644 -0.959273751064634 -0.832457343826364 -0.548635655455843 0.0775476990795026 -0.245737011055225 -0.10295611339031 -0.109539936918841 0.189360571337976 -0.131760282951793 0.0265113803753246
-3.58008146033302 -4.45857852961785 7.5858110795854 0.329250454305301 -0.774270630473358 -0.540461908395466 -0.911321457630215 -0.41039062807616 0.0327505407933108 0.555491417473802 -0.362460709890483 -0.41144097860682 -0.140216657054131 0.295787078130786 0.0677510950655876
19.4779073867843 -7.26285721043948 7.14412160046626 0.569174579833525 0.767217790008479 -0.29566368112148 -0.253848314148765 0.505996995607171 0.824334836742731 0.229441002171531 0.230734067787034 0.226246928781582 -0.468950346654545 0.417853551251262 -0.197809653768558
58.1075973592653 60.3163859417105 186.818903465699 0.605190202099526 0.18133785596882 -0.775152422250728 -0.330742911107951 -0.82842263631171 -0.452023065332581 0.186884584949489 -0.141568799657637 0.176317338720647 -0.0103681411169769 -0.957756297508711 -0.0319394212375383
60.3566700537955 168.891096843473 19.2690007509067 -0.950274219393373 0.30924908662836 0.0366582854455722 -0.254591608357122 -0.70368964194393 -0.663327916500751 -0.383804598316926 -0.523638962145952 0.313014211266285 -0.289477727732565 -0.0109250046372093 -0.159630233500084
182.381924218843 15.4820434830926 64.4374158358133 -0.13880931816537 -0.58932363962509 -0.795882874336537 -0.921025476923421 -0.218511526640076 0.322435548930998 0.337339037259311 -0.0762107368210018 -0.0247612419352426 0.334599740171536 -0.163637610809166 -0.209454166470005
83.5184372448475 167.470010761732 111.590450086759 -0.996193633546125 0.0806266042913778 0.0331281519101163 0.0428482356911109 0.783914159764194 -0.619388786555842 0.237931870404086 0.45714516131526 0.0968671057741779 0.304490332534854 0.0785926931149789 -0.298448750262591
92.9176994905595 55.4865854147084 101.100960795414 0.490919313639661 0.634528623930744 -0.596968607367584 0.869432687283261 -0.400510832630901 0.289270942039663 -0.282685133579069 0.0271386944243914 0.19082176274205 -0.526455186780481 -0.0311131089455148 -0.184155504804293
117.902079246425 108.799924459821 48.8627755931198 0.357681476797937 0.0354192324336885 -0.933171649064815 -0.624110255305709 0.752401559345102 -0.210661341401834 -0.696896884168573 0.132852804315167 -0.638988466270136 -0.124225153340761 0.023053824723073 0.551346196945391
91.0044692079891 161.270664462411 126.86285778178 0.363753081554704 0.534680714101561 0.762758255431819 0.922781587652301 -0.31858369666839 -0.216745071430651 0.153434210706991 -0.0173766193264214 -0.219963304307226 -0.265294576481046 -0.601286174881412 -0.188438690292861
135.351474084404 -0.898437549210769 85.7787388574119 -0.950738134789018 -0.309617441300935 -0.0152940511528504 -0.307350887494627 0.935051069113114 0.176677048041724 -0.133202938446061 0.279406367264658 0.00664819662277033 -0.723134437992336 0.362682976402084 0.566784285766848
174.094606989814 55.0965748945202 177.589648047488 -0.316572164663389 -0.936905793639149 0.148288755859003 0.85693511368029 -0.215440263354998 0.468238846397057 0.0872933480064123 0.198426042717115 0.0886204290602794 -0.101174877691252 -0.0436227305778945 -0.0910780910267495
139.837352246646 170.548888431999 27.1565224884227 -0.0247818287797201 -0.999424571093671 -0.0231573325190842 0.987270884717629 -0.0208269626029323 -0.157677894721479 0.0895732177131759 -0.0115548963688105 -0.338706435474651 0.0256086372677686 0.736444628431004 -0.0786498836161384
165.630254382447 38.07233067293 47.2671937459377 -0.24716492777436 0.86682667422914 -0.433036837310204 -0.706628861349431 -0.467034736389158 -0.531558185931587 0.129736039019012 -0.284882949447796 0.0293472176477313 -0.72817985685238 -0.0995227875541286 0.0745143045329917
48.0310703918635 1.72587427674731 127.67363479007 0.00452204097360624 0.0539197402130266 0.998534971699403 -0.0852891438897929 -0.994885849583419 0.054108947296746 -0.354007797554893 0.212762916057707 -0.308308747871635 0.513822889763513 -0.0790522428288836 0.0849590304656153
195.550155321029 97.461592758782 144.706926501143 0.135090219213678 -0.902372028042709 0.409237361507008 0.0499917333944978 0.418704687528868 0.906745300593693 0.409293292485462 -0.135452248221153 -0.110978531096049 0.251376072661723 0.115575857184233 0.0128106535332192
41.1465678777158 187.759559371553 176.681668112994 -0.483971802918792 -0.288924202031782 0.826010888234294 -0.205105950615551 -0.88017563355293 -0.428044647128753 -0.384012519477651 -0.275782340744773 0.088578715628175 -0.481055534302848 -0.822254255523372 0.0323241632420573
49.3837020870441 85.8064616582523 92.3277801691346 0.919400836808052 0.208245052200296 0.333670489411968 0.336406349785434 0.0232194140825072 -0.941430566998002 -0.161587098505935 0.22254773450968 0.166954512542394 0.19534996455307 -0.257830445100651 -0.169582462762171
144.67156674062 4.62651488768414 72.2677280015529 0.235504610774062 -0.963463067983579 0.127579077583968 -0.956856171681682 -0.252846525709217 -0.143160014341104 0.165925423111491 -0.0254153219366102 0.218493260634752 -0.320927921618807 -0.140309341751399 0.0190306582555187
208.189310049285 41.9506910567145 181.136276244205 -0.86051241389034 0.433776026530777 0.267126619620867 -0.079508398462525 0.403580138457965 -0.911482984552475 0.621941331514376 0.330496074468644 -0.084328832160687 -0.224110999536254 -0.266120963594164 -0.58798279074165
44.579621081465 58.3713833644282 168.196938140597 0.84300724871691 -0.338589205336145 -0.417966470426612 -0.0145098153787709 -0.791061906083151 0.611563865303553 -0.246004652877152 -0.0352700329555885 0.260402224333353 0.267891551867644 0.106665131607138 -0.359386765199463
154.652244890233 6.79845348804715 162.945409046777 0.467651147241359 -0.727520957443393 -0.502011517557748 0.74592556730292 0.629530882274826 -0.217453056815371 -0.231880226809174 0.114369714826691 -0.438543350576861 0.0779360732423876 -0.0874420531922172 0.21015560856423
110.633935215273 144.18622877789 112.185887069369 -0.378357891340797 0.688581251607932 0.618628405900476 -0.826143964164899 0.0502547372722975 -0.561213411176336 -0.0993122439650774 0.230307477212083 -0.254214300327737 -0.160798178872049 0.111551089512228 -0.370806088838573
-12.1981623869574 149.689225751189 141.021801681672 0.695464682806792 -0.162037011689732 -0.700051900729818 0.266920545555542 0.962788787919995 0.0423203548812717 0.0306138611817634 -0.215599396295222 -0.12663153717906 0.736560432858566 0.269683712356452 -0.249819255562573
136.594624517909 84.1679539571402 65.9452427946571 0.623435308430901 0.768291379679841 0.145109277051323 -0.781109939042934 0.620212470515787 0.072136246421619 -0.0220404662178817 0.121292732462152 0.053735525537513 -0.305052619982256 -0.594683380976153 -0.00184575251673051
53.717661568643 41.5918777757735 89.5939188308198 0.514944184505475 -0.847365346583061 0.129631585863329 -0.853250006963281 -0.492118983922925 0.172578203021559 -0.222239496063757 -0.513577400642295 0.014949094257165 0.160935853394039 -0.255262761453704 -0.294903293901548
23.9716365125124 80.8103496081483 168.698670573638 -0.0740446368228125 -0.671013366496917 -0.737738699291469 0.848187578549245 0.346699017689352 -0.400471631081321 0.604794279311755 0.166494020795551 0.0959179701569686 -0.329068155628722 -0.0526873947005779 -0.567866599238624
163.028953709168 104.987341280042 153.669568772786 0.496019185756573 -0.0373005980142965 -0.867509952157404 -0.670883225116886 -0.650733901221866 -0.355613408755679 -0.338451008724157 0.314072801558965 0.656270700523112 0.259802479515554 0.446862219503735 -0.400377039458578
33.8241168459586 65.4140621609202 59.6086422318124 0.939125514305629 0.208943880357541 0.272737248967137 -0.16741177566578 0.971500163634423 -0.167811211069306 -0.379951694594299 -0.0405892587686361 -0.8292042552264 0.48642789515427 0.314278646520155 -0.137526502041228
130.994998333351 33.9812513489549 128.255296208043 -0.353485897466166 0.512260948639671 -0.782710867137647 0.741199082769516 0.663836742061685 0.0997228994622574 0.0140303062723087 0.287617566566106 -0.265878196195726 -0.216482288753672 0.237848963621937 -0.497066290820799
149.35760659304 93.352489492916 100.001685157478 0.683189415224429 0.667083618015725 -0.297071678414987 -0.592819333523525 0.269108369717196 -0.75904272113512 -0.580585163644471 -0.0101033962028024 0.0658774797857846 0.279140623539892 0.654556084929049 0.128794173764272
165.799809105633 180.697610816081 158.94571957136 -0.183759181227792 -0.203916777285307 0.961587445596076 -0.947683922899683 0.296510121970541 -0.118223484870667 0.278651114068052 0.0479179712577665 0.105885425442064 0.535195168006349 -0.209924559921522 -0.00960632280789169
17.5557300869526 25.3954814965932 57.5796553562309 0.381158997954215 0.916578063661825 0.120840124303158 -0.610466962072567 0.151365839093242 0.777443468520845 0.516790112863608 0.226491654440063 0.108990304594767 0.127150911955307 -0.234456988202339 0.0175183391140099
194.324858513917 30.9633966245425 147.992943503778 0.836133713205282 -0.286537840320468 -0.467735347330758 -0.0790419393330564 0.780875081559241 -0.619666390635947 -0.177695512818878 -0.251890381506624 0.00409719426468802 0.410206489790501 -0.0259427360939448 -0.202606596876375
191.505060235709 46.7244883664401 27.1237211225919 0.606001066588011 0.128048551493924 -0.78508990501445 -0.579105006846251 0.747643947020111 -0.325062853029853 0.335663541310999 0.484721501768639 -0.119192316844846 0.155775491994409 -0.445255785273324 -0.509328418224527
38.7966048508062 153.100157632204 113.287908812268 0.897011736056405 0.435511175117997 0.0754972921665122 0.3773384896898 -0.665569160102675 -0.643920182307772 -0.312027357130184 0.123274528262945 0.456019063414635 -0.032178335810489 0.348542912689345 -0.340950420458502
19.6673051117749 163.412618875954 87.8301553577725 0.231705706632851 -0.971045759660442 -0.0581596335259049 0.0634486289557924 -0.0445737076416294 0.996989136509412 -0.110642911625836 0.210675130771044 -0.133907221378515 -0.727045769590437 -0.217239285829684 0.251797345028716
97.2408310798534 38.0761543196919 149.511588280319 -0.592452507057612 -0.451420707556441 0.667247462162115 -0.724487378039192 -0.0636564422237494 -0.686342304387382 -0.316623757647081 -0.0831765254329426 -0.310375057634003 0.134839182586557 0.551172012966213 -0.0416188656551678
49.8016677044189 69.068157667173 17.4583962485652 -0.803448741218321 -0.594411829609247 -0.0338316035620321 0.163134092229117 -0.274440909011186 0.947665211817916 0.295590699231776 -0.350125201361962 -0.373020394482173 -0.0790149090614996 -0.534225930573245 -0.0143992638342604
-10.7479478162996 128.623301984939 17.6985282061134 0.977614412733785 -0.143973008536922 -0.153433147773908 -0.209598295010631 -0.730155249886924 -0.650339744186134 -0.510610653933431 -0.146246015539631 -0.232973149929408 0.538644919104244 0.285791914758471 -0.436272555694509
22.7434062088803 203.716664488282 132.589812846699 -0.998109970482767 -0.0296131874694072 0.0538464194428857 0.00304113038478967 -0.898961077435907 -0.438017874002558 -0.317546009183068 -0.252338048390631 0.204126495638901 0.120108588278266 0.43078846349428 0.639877960942404
178.64253412513 191.490335908444 23.3287877021931 0.143545606200365 -0.25830995470755 0.955337908151229 0.275797720025735 0.937532925279519 0.212055332644177 -0.271191475328417 0.304257345316818 0.452095705606625 -0.202032990672873 0.232359604005191 -0.296124235529289
18.157792960379 178.210626492051 70.6235454671021 -0.52707938944296 -0.754960016139947 -0.390157188210667 0.277656539095995 -0.586899892351296 0.760562471575855 0.564570137412474 -0.277797526899339 0.293088502193364 -0.0475501450584538 0.462266163793142 0.0712940646275059
143.165412727771 34.3814141321824 -5.63866200392374 0.758839038018722 -0.592749427849337 0.269835815724814 0.192420064861386 -0.191770713020689 -0.962392019258373 0.139614402972115 -0.0128096957364624 0.576825167903892 0.0513213796323922 -0.0280727561642295 -0.23422252881434
156.769810204443 121.033677984895 90.9004978603352 -0.449783441880055 -0.431563182151821 -0.781951392179142 0.770879638090121 -0.629725502623231 -0.0958660117142184 0.14722443345481 -0.38300423888544 0.127932340709494 -0.0291307866455123 0.428580121409989 0.189094629737134
-0.227207041794913 112.170181452842 19.283783725333 0.339462682178253 0.663467271696332 0.666765428480976 -0.316893307325726 0.748085769251266 -0.583049095316737 -0.138867734623225 0.194962505397616 -0.253868278954023 -0.331196228114606 0.102599062784546 0.384841095925997
182.441125313068 101.811648606974 190.225536933123 0.493726294971063 -0.0519541418754523 0.86806386731715 0.58468606059735 -0.719079953283613 -0.37558766730485 0.203550756877666 0.0105286794787013 0.38226115762454 0.0846152363419928 -0.0396159249646325 0.0210557642504601
13.9937900775269 156.618986657857 148.126111394329 0.372928823023946 -0.414814983146693 0.829971423197822 -0.407537675895238 0.730370684011293 0.54815290578411 0.138586625024531 0.316127547454094 0.394677107992848 -0.270451034870383 0.192716025413761 -0.201182082284809
44.4956553151204 155.159882136393 45.1878351061881 0.584259505494388 -0.737099250343364 0.339596046526137 0.0106349331507105 0.425362718753941 0.904960406584753 0.079301397505445 0.133329413041795 0.0404411514831679 -0.420933432725965 -0.0825854957769431 0.0102699918579944
58.1642019652971 38.5416693231879 102.491347783994 0.239252291744369 -0.178687026358315 0.954373705919947 0.458025353109075 0.887455535442198 0.051335424545356 -0.0237794060489378 0.57764464762879 0.000396411049154961 0.153510301156431 -0.149381528536021 -0.167550698567348
163.856393613316 45.7753830268571 61.4037321211708 0.597948876398369 0.224509929710777 0.76944933638029 -0.559508712954525 0.804301578337588 0.200122184910679 0.673002023622429 0.122793391217495 -0.298814883987738 -0.135585151015271 0.178408639794685 0.628666439522783
159.583728106354 148.686267140333 33.0436959054015 0.00538244737725066 -0.720770851658292 -0.693152468713475 -0.382227454559103 -0.642010787779782 0.664623364782219 0.365849926750353 0.213322064884579 0.675099150602181 -0.169670720933353 -0.605708344123098 0.463306463090541
106.71518886285 139.277811579858 143.770844344191 0.153547429560363 0.294978689474222 -0.943085670156862 -0.979683776409783 -0.0791574648637333 -0.184265074782192 0.596266170678308 0.304681959049105 -0.76153371047191 -0.468668844026808 -0.000641704550723635 -0.0658846273007452
107.553939045286 85.9469163692257 182.550011055686 -0.92079378901303 -0.15829218479677 0.356486011087631 0.13923330671855 -0.987128635307242 -0.0786834968395907 0.313206893523108 0.0640283835485945 -0.145044977419543 -0.430391128945942 0.272331531239337 0.152503320877884
164.554199497577 100.67976839073 113.089251579443 -0.677534234612864 -0.729910680809849 -0.0904305820056834 -0.608935518395453 0.487739381927146 0.625545914499458 0.0174645073540033 0.00678472998953368 -0.854375654539589 -0.360772509068278 0.13328997040884 -0.0985197941821232
120.823331033224 197.101030900626 116.398229993127 0.407081783785369 -0.390953882097908 0.825493430642448 0.230666458488299 0.918475776863902 0.32124005568139 -0.153011320124914 0.131070777969669 0.269758041601552 0.140511603468001 0.0794492012791837 -0.101427025728607
164.844877870697 18.4522134272579 125.705853207919 0.403686149115486 0.913792301885551 0.0449561016431975 -0.904125543848992 0.405969412263529 -0.133213107631984 0.283566538439295 -0.0738688358421706 -0.171625220182333 0.216130104503079 -0.0351254757015856 0.158178954526586
33.3035042000135 120.529753109412 127.734724218683 -0.111665219959323 0.943862706822643 -0.310892135778256 -0.410850024726817 -0.328708154648808 -0.850384087453803 -0.393300455593001 -0.0746349115057013 -0.0728198542985975 -0.014626320723027 -0.552549112248439 -0.681111117749763
144.109596658365 50.8110710210642 192.989293898746 -0.335814303446676 0.536333716938801 -0.774322124692372 0.297176297172007 -0.719747833320715 -0.627414721850611 0.0186231435100868 0.229017734203026 -0.3222739569567 -0.539677629254565 0.360054773702071 0.424984027110776
59.6673967359118 77.036912418164 117.093188160142 -0.296954856117604 -0.3315370343601 0.895489187858468 -0.776435522554925 0.629726733335168 -0.0243314691168908 -0.503647779916393 -0.356843900217261 0.106629079518948 0.337265062714478 -0.31425363595369 -0.444633726714076
90.3580973321998 -2.01741488609693 168.851360616305 0.714114208641411 -0.697779430772335 -0.0560768768160119 -0.551272443351969 -0.609928003122082 0.569285826051203 -0.407483996038216 -0.320354128669883 0.0960787350851545 0.330339358695494 0.278677793027576 -0.129787790678026
121.754264152708 160.573977764899 138.857093040622 -0.710949032405583 0.231040825167936 -0.664207396426524 0.374539881032292 0.923790963288688 -0.0795614589334302 -0.120959169862964 0.111361934600956 0.15620781266612 -0.0225740132734721 -0.276563272269099 0.500963481507867
11.2003890848913 115.924417078847 91.8348181276173 0.830239845767828 -0.138176141872793 0.540008369449468 0.264530524305682 -0.75507043961284 -0.599910073698278 -0.146108118656316 0.0868645479025788 0.344514896247722 -0.316123276705396 -0.31267191118206 -0.174034971206787
128.246203651097 185.832881000391 104.45172274876 0.52465965995826 -0.331579632403344 0.784083562227546 -0.805263344169634 0.10551525091208 0.583452980565684 -0.377155265574915 -0.42864140344474 0.37371505340026 -0.295820987129219 0.409959899859646 0.221827884596306
98.8329465479753 50.6339733434744 172.746347062092 -0.327681038696713 -0.625234428566747 -0.708312756987654 0.701000542047386 -0.663526098147582 0.261402558332725 0.113538511391274 0.0401979426769441 0.591222477484407 -0.0465412083624445 -0.527463931203466 0.0431212419292437
166.872274566688 177.965802374065 174.717379689862 0.800466298611722 -0.364084017714566 -0.476126492002606 -0.167145616571464 0.627262287740464 -0.760660422270894 0.463134823430807 -0.179048815271177 0.707139977406879 0.205042325408836 -0.0775770038831301 0.13261631596489
69.7688538128194 127.838070800581 165.480493087757 0.700887499300865 0.519049013373682 0.489228736653368 0.0267554055834481 0.66627921771662 -0.745222168588212 -0.387532591986349 0.195004950846772 -0.848102273626137 -0.0888033954363598 -0.200067757981139 -0.353500604047673
3.42164022238247 50.2122615056542 34.3528633884547 -0.0241864319913726 0.555714526814043 -0.831021205895912 -0.85248569879934 0.422740702551766 0.307503314703931 0.276945221137609 0.0614957520288486 0.434427169755979 -0.0573167121862043 0.129109652869148 0.233306527467836
126.264596760122 104.527811590117 78.3745770457312 0.714678524808609 -0.683742520879917 0.147413035812645 -0.0458453369593996 0.164510486357338 0.985309245841054 -0.0169489681558478 0.399437613669749 -0.609030043431808 -0.287287125138267 -0.361647616801242 -0.222639034181298
43.4909202036947 71.6201250554129 66.627530488559 0.185355121778179 0.482149226538807 0.856256641380841 0.978829127432966 -0.0136084123820607 -0.20422585242907 -0.246072801340256 -0.0758155845135855 -0.556257137409449 -0.273305797788806 0.113111625451366 0.333747085148014
32.1994138589871 14.532664769256 89.6820473526015 -0.442881763564284 0.73263747186869 -0.516815230272179 -0.0534779706708897 0.553817144253287 0.830919079395786 -0.0523779341223661 -0.00586864599734076 -0.344489726667591 0.0938549398223536 -0.466144787567102 0.566963743829397
26.1744836466356 21.2395860253726 182.865317424288 0.670737278106355 -0.723973645901824 0.16116284283782 -0.0210535161824948 -0.23578680188311 -0.97157666849976 -0.228155803651949 0.159400481975607 -0.262882304340843 -0.299271261951013 -0.295477306158245 0.206329761440659
113.014907385373 30.2830190941069 33.1450768903835 0.9543582490983 0.286009857484029 -0.0860144760099078 -0.292104228326204 0.95387852285875 -0.0692148072677444 -0.121427592558952 -0.162537647735013 0.05347176454478 0.391623160462482 -0.486398197792972 0.56537836464864
112.564179200415 15.6360637753853 164.672534965774 -0.226024900657273 0.973956267684301 -0.0179384277568896 -0.735583360520979 -0.182720593731711 -0.652326745419483 0.255386963019628 0.255945512260582 -0.275614042277562 -0.238403827712684 0.0639633005205751 -0.863764146462765
100.685944003322 22.062000074391 36.0388814686048 0.572271655959221 0.314313397641293 -0.757437871234426 0.788003961639119 0.0449677433430424 0.614025683129964 0.201505203295278 -0.353909175456078 -0.12496465059724 0.710831429308385 -0.00343308741347372 -0.34786062315838
181.099216191313 79.3072436000143 84.0196514110021 0.023109290376425 -0.227098089607685 0.973597623670419 0.0928575982934085 -0.969160199859126 -0.228267092538014 0.304593225850148 -0.049892405336349 0.192627330892083 -0.13238385109769 -0.326937527011163 -0.0106624975260192
18.253141504935 39.7876438268221 86.7300615094377 0.684720519561243 0.694946952473081 0.219559706706248 -0.722367190295261 0.60718609174314 0.330923862551508 -0.102621264164619 -0.042612089629856 -0.236849502152032 0.420505338722148 0.262773796665068 0.297041673158747
85.7490418303171 139.388477473444 45.5317330206947 -0.636828249787467 -0.216053459768498 0.740115242956463 -0.728803585392391 0.481919962117848 -0.486413767004026 0.259130103701802 -0.778976653168864 -0.295395441609547 -0.152195826089003 -0.17012743327754 -0.00509123090686148
32.5700683774215 6.34968255830592 64.0208796100279 0.595668787158621 0.775239869337478 0.210194598758018 -0.553170929196686 0.206192535488802 0.807147094034415 -0.660881024607579 0.0992173554280314 0.398599177489517 0.0345648922966865 0.206097597622496 0.223758544595999
134.085130012987 180.919184113165 121.445119988657 0.153659933650726 -0.00981225673415515 0.98807501895178 0.988078984542316 -0.00798963342304496 -0.153739895255804 0.346843723351625 0.245257677775805 -0.0582032296790631 0.357693295925637 0.165539699905082 -0.165883084699161
64.0022853760886 79.811988710919 63.1878465882257 -0.548801595097336 0.499619003736955 0.670221972339424 -0.236561715600558 0.676155867315158 -0.69774761275474 0.157023316172105 0.0953203178952091 -0.0973792235285152 0.439147275765686 -0.763027683122757 0.363936975135481
113.155324501674 58.8114913936066 124.15832019037 -0.96463216643056 -0.0763071749190779 0.252313047756083 0.0182046344184689 -0.974183169034175 -0.225023708681383 -0.220361099186777 -0.366359111784474 0.0982048459781448 0.0491527221538299 0.755014475865626 -0.433835685868743
57.0495072675943 55.5910484303708 65.0857467947068 0.0554575716694799 0.89409568105801 0.444429212098856 0.959337189814021 0.0756651193664072 -0.271931651119836 -0.285492539474764 -0.0765170524369207 -0.0598418575704354 0.254492453269801 -0.24705897212103 -0.0747880346366922
206.142944556915 73.7181697637269 95.2721416915664 0.435312471838612 -0.895760741206708 -0.0900866537624461 0.862735418257654 0.443660911255541 -0.242595209573202 0.352270342838727 0.692378265457987 0.188657216181874 -0.314416857225196 0.56355878210632 -0.341932676708096
99.6870470917687 31.1362980483001 65.1792237513291 0.979635309426587 0.10751913232183 0.169570492765646 -0.0591459775637934 -0.652534690063311 0.755446893040187 0.458692651846444 0.285674738348606 0.0649268210715898 0.323883901355726 0.286454237984226 -0.264839041308144
184.804751785807 24.0189011786362 119.675816954694 0.0495083765139154 -0.107907580376248 -0.992927349534028 -0.500847758106346 -0.862797141464342 0.0687926866145984 -0.608795863229216 -0.208577730129116 -0.346213121672121 0.0648605082331609 -0.227602246465361 -0.446541992395292
100.504739829697 38.7509343317915 27.8587003225479 -0.362891684469076 -0.602247531599163 -0.711060756067549 0.0198981618160539 -0.767913083039324 0.640244763446148 0.0760605404837973 0.0251189151374551 0.33164065560629 -0.342887013248635 0.307183132482662 -0.282061006272091
65.7410014378991 17.7925462672894 186.535389082086 0.846055667606777 0.49550575164669 -0.196630824434512 0.392439662173289 -0.828553129894088 -0.399362853358743 -0.514472757827956 -0.495254500249079 -0.233617873424106 0.054378242884628 -0.106996452840522 0.145834630196339
45.2424943312312 105.851978085648 124.883201353676 -0.389745135022755 -0.880762225048281 -0.268991595447131 -0.854890974149525 0.237412645995509 0.46129876604915 -0.268336585062115 -0.302575122254259 0.191674903699376 0.179195885102609 -0.336689876077513 0.165024016125623
78.1675978989395 168.128213290422 201.739556680787 -0.416131555666664 -0.186656005431725 -0.88994044003898 -0.802852999085865 0.534925138657646 0.263214793077852 -0.305325426097911 0.108562921662521 -0.0097796400419212 -0.227709277514049 -0.356170047240643 -0.264911570083519
205.713791286197 199.597111297216 51.0421660816607 -0.421053405135323 -0.1898425546639 0.886946310181022 -0.343057301828484 -0.871882235379117 -0.349475287824238 0.381008069232961 0.370148856667759 0.0405342655369088 -0.805451265196178 0.0580182199662058 0.373476795967656
99.9425389669119 26.1548329505429 17.3080504968968 -0.649223255099545 -0.707921522501397 0.278129630576647 -0.410989524369556 0.0188211582019601 -0.91144570506963 0.0572270609745072 0.420596394949035 0.125920019963985 0.142912326968676 -0.193381211927792 0.52385466472246
128.088884780137 55.5634711451358 125.57035244701 0.940146864362366 -0.337266039057306 -0.0487375879719526 -0.307312717273872 -0.777325633656284 -0.548929504335655 -0.124437433037589 -0.16056687396014 0.170637338846893 0.409244226729761 0.210988051581991 -0.343101405060022
55.2436265677238 156.144608409204 97.9096907864618 0.285331366998428 0.840389170239019 0.460794918108418 0.351915476778015 -0.539063696596074 0.765222693760089 -0.527532064131929 0.104912346571195 0.119332063843959 -0.144351913513152 0.574013788913097 -0.374899846498949
173.846807220184 6.36967801949125 100.636359502934 -0.421638316025462 -0.2326063815306 0.876421873575124 0.616701037334009 0.635015943559748 0.465225203183885 -0.439650412811951 -0.132231716029103 -0.342333772326235 -0.222144637652885 0.0558968766488855 0.338412968265683
123.476282245867 140.841639543005 33.6335899499294 -0.783149860654314 0.161681406658991 -0.600445916873882 -0.62163140980126 -0.178980158481277 0.762587873290266 0.284170398017019 0.181748756243943 -0.0282107789841727 -0.301374398379531 0.188361045333881 0.382721813531319
28.8349977792932 115.891011279269 138.646116626873 0.385424904823228 -0.535674950789572 -0.751332109316654 0.908308647826164 0.0768122922859211 0.411187488293529 0.177760400491498 0.218883014933766 0.183740097356856 0.167866960262372 -0.432007026044112 -0.318193559523611
