t = 63956
b = 20 20 20
E = -0.141545149209572 -0.469257476812079 0.327712327602507
-0.393259342704695 -2.71215958585822 -3.59530823949241 0.719426165701656 -0.382105759013944 0.580018069303542 0.440921714225252 0.896481575970328 0.0436885572553713 0.312751474254558 0.0983249590877406 0.0640136658823555 -0.100427371495139 0.233499747180578 0.126673959844763
-0.217934142301814 -2.40722734012741 -3.23750913159392 0.865478992694733 -0.500744098032442 -0.0141920962462644 0.47924114612158 0.819399960546846 0.314502062151914 -0.24641293513622 0.198772378535604 0.0743335806025847 0.132912891055304 -0.379728879779462 0.100711852155439
0.156712916557971 -2.13068394504092 -2.95671067455956 0.458872108355016 -0.0530328881982151 -0.886918170453337 0.378858645328778 0.914600132211893 0.141324993679925 -0.523688688918612 -0.328512574643361 -0.253561097583108 0.093550958400983 0.129395567177451 -0.381270700642509
-0.644878894140771 -2.20101074507364 -1.62732561082696 -0.707624683534204 -0.163656777723376 0.687374428888474 -0.154003328203147 -0.913698434368017 -0.376082438450408 0.461189781596051 -0.33773968219433 0.277321917335938 -0.322893208041468 0.307547548127182 -0.491286809591933
-0.895389120179019 -2.38904375184408 -1.47576956947837 0.9216515925699 0.38180718045385 -0.06914809343499 -0.383716242721729 0.92330712313317 -0.0163022763562599 -0.471481171550574 -0.164356302012494 0.243896991394387 -0.281341374531131 -0.0744958425673767 0.164876082116164
-1.47962496745009 -1.94449150623128 -1.8546923491413 0.752862331975835 -0.195961871832959 -0.62832879615167 -0.151507398985483 -0.980610104030041 0.124294712901287 0.304191533245132 0.334953086696353 -0.413704600449757 -0.420305498334876 0.395362432480614 -0.169973878300014
-1.84627412043965 -1.18941428159644 -1.15886322973159 0.623441948509972 0.194293780297224 0.75734389658081 -0.0821269183435599 0.979546811514346 -0.183692627062705 -0.125492107374591 0.104743124277323 0.0468342840492879 -0.162431385840039 0.0926216121018867 0.174918122006072
-1.90663223357674 -0.746165743309824 -1.02240592649805 0.946562898288358 0.271699403652732 -0.17377579138968 -0.216928230151104 0.93506198461126 0.28035895119828 -0.0186011177174297 -0.670967823462369 0.608716422993758 0.720472315451527 0.104207759977703 -0.0192946874876035
-1.69954826071459 -0.331730344503779 -0.838605743093675 0.0517752838718902 0.208693730005047 -0.976609535008608 -0.450349443614049 0.877719894686756 0.163686384720452 0.157182476360424 -0.0209795543245453 -0.312663310564972 -0.330173411202381 0.10789755452825 0.248118090153394
-1.68405842346565 0.179581331578287 -0.845340228626282 -0.251433175563419 -0.141987028586141 -0.957403259415519 -0.27751004582458 0.958225165106707 -0.0692291891921211 -0.217292892189239 -0.186598748220488 -0.683067358486952 -0.195262556906005 0.134248016315176 0.326510427732867
-3.00574102281776 0.191814766293305 0.0327800183041977 -0.639686396391821 0.292418950876977 0.710839181460867 0.334117735567787 0.938648893032325 -0.0854598298299191 -0.276769848522662 0.188416558508342 -0.456764225755233 -0.221178348945539 -0.279817876718877 0.0242336236014275
-1.99408793760008 -0.0880292434606638 1.15014721155163 0.529060663867822 0.817769904448044 0.226598772042709 -0.731777136964233 0.304468001524584 0.60975514909687 0.150639113810265 0.193716034815083 0.288537100167395 0.502750370201657 0.0499172754381541 -0.38115947342849
-3.16369378952312 -0.438455416731731 0.520693410710678 0.121342439394382 -0.893899296247426 -0.431532062420545 -0.838224918420893 -0.325133069437106 0.437798310667376 -0.373344865330056 -0.371437363441338 -0.13872844512825 -0.17489156595584 -0.709211845981375 -0.654022060441163
-3.63668919160249 -0.560973008456791 0.506613497531142 0.442056626140664 -0.881570911701254 0.165585409351531 -0.863368044531908 -0.368109788778857 0.345095066966588 0.952199438999305 -0.100898127771152 0.431617899435312 0.555313934079478 0.437169160114105 0.129506133404002
-4.08982601639791 -0.836554167330615 0.622602656974201 0.722810496907185 -0.429265958225244 0.54154931794053 -0.689782066519373 -0.495556662656311 0.527848793434309 0.329353729099862 -0.334938782763875 0.0954317207717846 -0.0318102991045391 0.385077464116025 -0.0611940400664133
-4.23851637637285 -1.28080113787208 0.744324549993477 0.501899493775617 0.247881253727826 0.828644493778461 -0.666424463436051 -0.499873287004321 0.55317735886835 -0.53513300371788 0.182042554383812 0.0884466868569565 0.414214086522401 0.0467294559375454 0.425498445745591
