t = 10000
b = 20 20 20
E = -0.302616028410038 -0.302616028410038 0
1154.06547988045 177.590066606884 -414.820348231678 0.516524025019825 0.409815889151923 0.751833581771156 0.585344665651249 0.471847494378145 -0.659341659025864 0 0 0 0 0 0
1153.86668056283 176.154421455814 -415.454401881037 -0.482486650561618 -0.236773942504345 -0.843293896354393 0.580970520718005 -0.807017385366793 -0.10581102387099 0 0 0 0 0 0
1153.98700940533 175.652853175327 -415.497242342288 -0.25708618358296 0.340559456790365 -0.904392514595738 0.516194665160064 -0.742764193529631 -0.426431938479544 0 0 0 0 0 0
1154.46947685148 175.320521121728 -415.491161697381 -0.443403663295488 0.276436955496669 -0.85262866955003 0.291801281194975 -0.854911715007652 -0.428926375231495 0 0 0 0 0 0
1155.35980723819 175.880102172899 -414.719487511809 0.383788349739253 -0.619741340807455 0.684563344981103 0.886741308438363 0.454207456110998 -0.0859376927219227 0 0 0 0 0 0
1155.67620221901 176.158240765714 -414.44857384444 0.518673613822307 -0.843556641771063 -0.139246978217335 0.852776842083078 0.522098280719407 0.0135969493978722 0 0 0 0 0 0
1156.15811997941 176.183582587739 -414.272157425733 0.191452394637439 -0.426742330250175 -0.883876015147433 0.784832829011833 0.607332409999293 -0.123225839568505 0 0 0 0 0 0
1156.66271859736 176.29183525395 -414.381226580476 -0.245737132550746 -0.0981784227504598 -0.964351627272315 0.838100685242059 0.478335388771238 -0.262263943456268 0 0 0 0 0 0
-2303.0556321665 4334.42578957172 -4737.11609740511 0.914466824488579 0.173238507458405 -0.365702943962535 -0.139574214361712 -0.713236915676008 -0.686885724340839 0 0 0 0 0 0
-2304.18157838643 4334.52277710256 -4736.88555730817 -0.161845585937388 0.804478176003407 -0.571507380446748 0.562200416955562 -0.400797245623786 -0.723389321938946 0 0 0 0 0 0
-2304.0438016846 4335.2721319935 -4735.8479622356 -0.429572508741431 0.897356661036011 0.101085455793847 -0.754942075587892 -0.295445433219124 -0.58546933248951 0 0 0 0 0 0
-2304.49309184631 4335.12489987837 -4735.74187541095 0.00715635660206185 0.76819874807112 -0.64017126389979 -0.789611663976667 -0.388465779524071 -0.474981721136711 0 0 0 0 0 0
-2304.06996020735 4334.9862675238 -4735.46891000905 0.923496044862924 -0.313247249558404 -0.221429611264337 -0.263404368094759 -0.937448752687043 0.22761338532806 0 0 0 0 0 0
-2304.36364665228 4334.81001211946 -4734.18606756642 0.581949957340304 0.71226020687642 0.392453187941813 -0.78369455505242 0.620057233348733 0.0367659109390561 0 0 0 0 0 0
-2304.64810031046 4335.10742834317 -4733.94062513448 0.598431697618118 0.679900049622176 -0.423810450320443 -0.737274324385992 0.674360558105139 0.0407952861288568 0 0 0 0 0 0
-2305.98912813847 4335.48440946387 -4733.8857517252 -0.889830476578466 -0.138549717132846 -0.434747711204325 -0.350719293959256 -0.401813256243022 0.845897127109863 0 0 0 0 0 0
7.86988500488001 -3.75666765420636 5.89612639971382 0.512705244579446 -0.856577577228311 -0.0583794024289915 0.485101621003644 0.232912926284127 0.842868835185546 0 0 0 0 0 0
17.314190262611 -1.16842801632191 13.8738875346506 0.820025939122413 -0.126353795746841 -0.558204317576186 0.532875362069504 -0.187280337653068 0.825208948448634 0 0 0 0 0 0
6.70982796343502 2.15629806374806 7.51466423113577 -0.452211917422449 0.509877457289003 -0.731798655418122 0.352046470255871 -0.651826844899897 -0.671703043381806 0 0 0 0 0 0
4.47980733668566 10.1879077854048 8.91123096313542 -0.752479661900684 0.413219119324155 -0.512858868497459 -0.627172344994391 -0.211842616912463 0.749518139523263 0 0 0 0 0 0
10.0098110397304 15.124992006474 -3.79474885766959 -0.099263688407422 -0.256967025899519 -0.961308772677364 0.666035528628591 -0.734912062573221 0.127674899897959 0 0 0 0 0 0
1.55734654883329 14.5863548089302 12.6204190522104 0.738554824249318 -0.657834835813016 -0.147614473365788 0.292725283052526 0.510124502318011 -0.808755100514873 0 0 0 0 0 0
8.36706801207315 8.45431594531608 16.5113305478672 0.116280423046648 -0.985099012930094 -0.126723298623683 -0.325833407557328 -0.158362758825318 0.932069584804247 0 0 0 0 0 0
