#t = 892000000; extr. Ts: 0.0993833 0.103383 0.10505 0.105717 0.106383 0.10705 0.107717 0.108383 0.10905 0.109717 0.110383 0.11105 
0 2.3307e+10 2.91337e+09 3.00228e+13 3.07521e+11 5.7399e+10 3.0406e+10 1.64327e+10 9.05692e+09 5.08866e+09 2.91337e+09 1.69894e+09 1.0087e+09 6.09474e+08 3.74604e+08 
1 1.88455e+09 177897 5.67848e+09 3.4659e+07 5.24336e+06 2.55726e+06 1.27363e+06 647567 336025 177897 96058.8 52885.2 29676.5 16967.8 
2 2.3356e+09 1.23977e+06 1.61992e+11 5.3312e+08 6.21351e+07 2.72799e+07 1.22246e+07 5.58953e+06 2.6069e+06 1.23977e+06 601006 296888 149394 76550.6 
3 2.48914e+09 7.47484e+06 3.45515e+12 6.46446e+09 5.9673e+08 2.38691e+08 9.74528e+07 4.05982e+07 1.72514e+07 7.47484e+06 3.30132e+06 1.48571e+06 681058 317898 
4 2.49488e+09 4.36991e+07 6.97714e+13 7.51814e+10 5.51816e+09 2.01391e+09 7.50209e+08 2.85148e+08 1.10548e+08 4.36991e+07 1.76068e+07 7.22813e+06 3.0224e+06 1.28679e+06 
5 2.49221e+09 2.31945e+08 1.17974e+15 7.63451e+11 4.52013e+10 1.51321e+10 5.16952e+09 1.80156e+09 6.40243e+08 2.31945e+08 8.5629e+07 3.22031e+07 1.23329e+07 4.80812e+06 
6 2.62061e+09 9.49065e+08 1.34916e+16 5.59645e+12 2.73747e+11 8.4822e+10 2.68059e+10 8.6371e+09 2.83643e+09 9.49065e+08 3.23441e+08 1.12234e+08 3.96409e+07 1.42465e+07 
7 2.6629e+09 2.37299e+09 8.08768e+16 2.31008e+13 9.60401e+11 2.78499e+11 8.23079e+10 2.47832e+10 7.6002e+09 2.37299e+09 7.54102e+08 2.43829e+08 8.0191e+07 2.68172e+07 
8 2.52908e+09 2.52908e+09 1.87082e+17 3.84268e+13 1.38324e+12 3.78201e+11 1.05316e+11 2.98577e+10 8.61512e+09 2.52908e+09 7.55123e+08 2.29239e+08 7.07356e+07 2.21787e+07 
