#t = 886000000; extr. Ts: 0.0993833 0.103383 0.10505 0.105717 0.106383 0.10705 0.107717 0.108383 0.10905 0.109717 0.110383 0.11105 
0 2.31629e+10 2.89537e+09 2.97233e+13 3.0438e+11 5.6866e+10 3.0139e+10 1.62978e+10 8.98827e+09 5.05353e+09 2.89537e+09 1.68972e+09 1.00401e+09 6.07123e+08 3.73456e+08 
1 1.94728e+09 183818 5.77809e+09 3.55079e+07 5.38815e+06 2.63105e+06 1.31192e+06 667786 346881 183818 99336.5 54724.4 30721.3 17567.6 
2 2.35536e+09 1.25026e+06 1.60808e+11 5.33395e+08 6.23435e+07 2.74006e+07 1.22914e+07 5.62573e+06 2.62638e+06 1.25026e+06 606687 299991 151107 77507.6 
3 2.46176e+09 7.39262e+06 3.38431e+12 6.35528e+09 5.8776e+08 2.35288e+08 9.61405e+07 4.00842e+07 1.70472e+07 7.39262e+06 3.26787e+06 1.47199e+06 675422 315592 
4 2.42538e+09 4.24818e+07 6.82181e+13 7.3196e+10 5.3668e+09 1.95814e+09 7.29304e+08 2.77178e+08 1.07459e+08 4.24818e+07 1.71195e+07 7.0299e+06 2.94052e+06 1.25245e+06 
5 2.43305e+09 2.2644e+08 1.16453e+15 7.50122e+11 4.43184e+10 1.48238e+10 5.0598e+09 1.7618e+09 6.25575e+08 2.2644e+08 8.35269e+07 3.13872e+07 1.20111e+07 4.67913e+06 
6 2.57022e+09 9.30817e+08 1.33544e+16 5.52033e+12 2.69548e+11 8.34581e+10 2.63545e+10 8.48493e+09 2.7842e+09 9.30817e+08 3.16955e+08 1.09889e+08 3.87789e+07 1.39244e+07 
7 2.63521e+09 2.34831e+09 8.0729e+16 2.29854e+13 9.54031e+11 2.76455e+11 8.1644e+10 2.45646e+10 7.52724e+09 2.34831e+09 7.4564e+08 2.40888e+08 7.91547e+07 2.64471e+07 
8 2.53677e+09 2.53677e+09 1.87348e+17 3.85105e+13 1.38666e+12 3.79179e+11 1.056e+11 2.99418e+10 8.64034e+09 2.53677e+09 7.57503e+08 2.29987e+08 7.09744e+07 2.22561e+07 
