#t = 890000000; extr. Ts: 0.0993833 0.103383 0.10505 0.105717 0.106383 0.10705 0.107717 0.108383 0.10905 0.109717 0.110383 0.11105 
0 2.31824e+10 2.8978e+09 3.00865e+13 3.06379e+11 5.71195e+10 3.02494e+10 1.6345e+10 9.00781e+09 5.06105e+09 2.8978e+09 1.69013e+09 1.00371e+09 6.0665e+08 3.73012e+08 
1 1.96277e+09 185280 5.736e+09 3.542e+07 5.39021e+06 2.63543e+06 1.31592e+06 670822 349022 185280 100322 55385.9 31167 17869.9 
2 2.36184e+09 1.2537e+06 1.60909e+11 5.34831e+08 6.25449e+07 2.74917e+07 1.23324e+07 5.644e+06 2.63441e+06 1.2537e+06 608095 300520 151268 77525.6 
3 2.48582e+09 7.46489e+06 3.41206e+12 6.41193e+09 5.93158e+08 2.37478e+08 9.70479e+07 4.04676e+07 1.72122e+07 7.46489e+06 3.3e+06 1.48646e+06 682005 318609 
4 2.47632e+09 4.33739e+07 6.91519e+13 7.43976e+10 5.46253e+09 1.99424e+09 7.43201e+08 2.82635e+08 1.09644e+08 4.33739e+07 1.74906e+07 7.18719e+06 3.0084e+06 1.28227e+06 
5 2.46562e+09 2.29471e+08 1.16931e+15 7.55505e+11 4.47137e+10 1.49677e+10 5.11316e+09 1.78195e+09 6.33323e+08 2.29471e+08 8.47334e+07 3.18755e+07 1.22119e+07 4.76309e+06 
6 2.59737e+09 9.40651e+08 1.34143e+16 5.55857e+12 2.71722e+11 8.41709e+10 2.65925e+10 8.56577e+09 2.81215e+09 9.40651e+08 3.20474e+08 1.1117e+08 3.92531e+07 1.41028e+07 
7 2.65675e+09 2.36752e+09 8.08925e+16 2.30891e+13 9.59453e+11 2.78161e+11 8.21881e+10 2.47406e+10 7.58497e+09 2.36752e+09 7.52116e+08 2.43102e+08 7.99222e+07 2.67168e+07 
8 2.53106e+09 2.53106e+09 1.87224e+17 3.84557e+13 1.38429e+12 3.7849e+11 1.05397e+11 2.98808e+10 8.62182e+09 2.53106e+09 7.55717e+08 2.2942e+08 7.0792e+07 2.21965e+07 
