#t = 888000000; extr. Ts: 0.0993833 0.103383 0.10505 0.105717 0.106383 0.10705 0.107717 0.108383 0.10905 0.109717 0.110383 0.11105 
0 2.39518e+10 2.99398e+09 3.07319e+13 3.14757e+11 5.87934e+10 3.11589e+10 1.68489e+10 9.29241e+09 5.22493e+09 2.99398e+09 1.74764e+09 1.03873e+09 6.28364e+08 3.86711e+08 
1 1.87344e+09 176848 5.47971e+09 3.40401e+07 5.1785e+06 2.53028e+06 1.26219e+06 642601 333795 176848 95534 52602.4 29511.5 16864.1 
2 2.24555e+09 1.19197e+06 1.51916e+11 5.04398e+08 5.9078e+07 2.59928e+07 1.16733e+07 5.34943e+06 2.50061e+06 1.19197e+06 579176 286769 144636 74282.1 
3 2.34493e+09 7.04178e+06 3.25407e+12 6.07664e+09 5.60961e+08 2.24429e+08 9.16584e+07 3.82005e+07 1.62413e+07 7.04178e+06 3.11244e+06 1.40193e+06 643283 300589 
4 2.35909e+09 4.13207e+07 6.64503e+13 7.13271e+10 5.22795e+09 1.90705e+09 7.10084e+08 2.6979e+08 1.04559e+08 4.13207e+07 1.66454e+07 6.83272e+06 2.85703e+06 1.21649e+06 
5 2.36489e+09 2.20096e+08 1.13153e+15 7.28853e+11 4.30659e+10 1.44055e+10 4.91729e+09 1.71227e+09 6.08019e+08 2.20096e+08 8.11908e+07 3.05106e+07 1.1676e+07 4.54873e+06 
6 2.51388e+09 9.10414e+08 1.29584e+16 5.37355e+12 2.6278e+11 8.14144e+10 2.57258e+10 8.28791e+09 2.72135e+09 9.10414e+08 3.10216e+08 1.07626e+08 3.8006e+07 1.36562e+07 
7 2.54784e+09 2.27046e+09 7.75056e+16 2.21257e+13 9.19599e+11 2.66632e+11 7.87898e+10 2.37204e+10 7.27306e+09 2.27046e+09 7.21382e+08 2.33203e+08 7.66793e+07 2.56368e+07 
8 2.42251e+09 2.42251e+09 1.78962e+17 3.67774e+13 1.3242e+12 3.62097e+11 1.00843e+11 2.85928e+10 8.25111e+09 2.42251e+09 7.23396e+08 2.19636e+08 6.77815e+07 2.12554e+07 
