#t = 892000000; extr. Ts: 0.0993833 0.103383 0.10505 0.105717 0.106383 0.10705 0.107717 0.108383 0.10905 0.109717 0.110383 0.11105 
0 2.3232e+10 2.904e+09 3.0006e+13 3.06262e+11 5.71508e+10 3.02766e+10 1.63652e+10 9.0218e+09 5.07043e+09 2.904e+09 1.69419e+09 1.00636e+09 6.08381e+08 3.74145e+08 
1 1.91968e+09 181213 5.73559e+09 3.5309e+07 5.34845e+06 2.60883e+06 1.2992e+06 660382 342512 181213 97769.2 53774.2 30141.2 17211.3 
2 2.38409e+09 1.26551e+06 1.62745e+11 5.39865e+08 6.31101e+07 2.77389e+07 1.24434e+07 5.69527e+06 2.6587e+06 1.26551e+06 613978 303519 152831 78357.3 
3 2.50915e+09 7.53494e+06 3.42355e+12 6.45642e+09 5.97872e+08 2.39446e+08 9.78823e+07 4.0827e+07 1.73696e+07 7.53494e+06 3.3317e+06 1.50104e+06 688822 321847 
4 2.51406e+09 4.40351e+07 6.9766e+13 7.53353e+10 5.53795e+09 2.02257e+09 7.54015e+08 2.86829e+08 1.11296e+08 4.40351e+07 1.77592e+07 7.29795e+06 3.05476e+06 1.30196e+06 
5 2.48733e+09 2.31491e+08 1.17381e+15 7.59823e+11 4.50143e+10 1.50746e+10 5.15184e+09 1.79618e+09 6.38644e+08 2.31491e+08 8.55118e+07 3.21797e+07 1.23324e+07 4.81146e+06 
6 2.60938e+09 9.45001e+08 1.34069e+16 5.56651e+12 2.72388e+11 8.44131e+10 2.66805e+10 8.59788e+09 2.82392e+09 9.45001e+08 3.22096e+08 1.1178e+08 3.94851e+07 1.4192e+07 
7 2.6519e+09 2.36319e+09 8.04074e+16 2.29859e+13 9.55921e+11 2.77232e+11 8.19427e+10 2.46759e+10 7.56805e+09 2.36319e+09 7.51054e+08 2.42865e+08 7.988e+07 2.67151e+07 
8 2.50839e+09 2.50839e+09 1.85284e+17 3.80839e+13 1.37125e+12 3.74962e+11 1.04424e+11 2.96078e+10 8.54384e+09 2.50839e+09 7.49015e+08 2.27405e+08 7.01763e+07 2.20053e+07 
