       44000   0.058011   0.660  0.988  0.000  
       44100  -0.009003   0.747  0.994  0.000  
       44200  -0.013980   0.779  0.995  0.000  
       44300  -0.013331   0.788  0.995  0.000  
       44400  -0.018745   0.794  0.995  0.000  
       44500  -0.016344   0.801  0.996  0.000  
       44600  -0.015537   0.804  0.996  0.000  
       44700  -0.018186   0.808  0.996  0.000  
       44800  -0.018278   0.809  0.996  0.000  
       44900  -0.017576   0.809  0.996  0.000  
       45000  -0.014268   0.809  0.996  0.000  
       45100  -0.015362   0.810  0.996  0.000  
       45200  -0.016707   0.810  0.996  0.000  
       45300  -0.018450   0.810  0.996  0.000  
       45400  -0.010256   0.810  0.996  0.000  
       45500  -0.011702   0.810  0.996  0.000  
       45600  -0.010267   0.811  0.996  0.000  
       45700  -0.013999   0.811  0.996  0.000  
       45800  -0.012104   0.812  0.996  0.000  
       45900  -0.013021   0.812  0.996  0.000  
       46000  -0.011866   0.813  0.996  0.000  
       46100  -0.013431   0.813  0.996  0.000  
       46200  -0.011499   0.813  0.996  0.000  
       46300  -0.011629   0.814  0.996  0.000  
       46400  -0.015123   0.814  0.996  0.000  
       46500  -0.012996   0.814  0.996  0.000  
       46600  -0.012024   0.814  0.996  0.000  
       46700  -0.013308   0.814  0.996  0.000  
       46800  -0.013027   0.814  0.996  0.000  
       46900  -0.016273   0.814  0.996  0.000  
       47000  -0.011943   0.814  0.996  0.000  
       47100  -0.012434   0.814  0.996  0.000  
       47200  -0.010954   0.815  0.996  0.000  
       47300  -0.013011   0.815  0.996  0.000  
       47400  -0.010414   0.815  0.996  0.000  
       47500  -0.012870   0.815  0.996  0.000  
       47600  -0.012860   0.815  0.996  0.000  
       47700  -0.011412   0.816  0.996  0.000  
       47800  -0.010378   0.816  0.996  0.000  
       47900  -0.009241   0.816  0.996  0.000  
       48000  -0.012766   0.816  0.996  0.000  
       48100  -0.012374   0.817  0.996  0.000  
       48200  -0.012312   0.817  0.996  0.000  
       48300  -0.012160   0.817  0.996  0.000  
       48400  -0.013613   0.817  0.996  0.000  
       48500  -0.009626   0.817  0.996  0.000  
       48600  -0.009133   0.817  0.996  0.000  
       48700  -0.010553   0.817  0.996  0.000  
       48800  -0.012784   0.817  0.996  0.000  
       48900  -0.011625   0.817  0.996  0.000  
       49000  -0.012730   0.817  0.996  0.000  
       49100  -0.011262   0.817  0.996  0.000  
       49200  -0.010359   0.817  0.996  0.000  
       49300  -0.011007   0.817  0.996  0.000  
       49400  -0.011935   0.817  0.996  0.000  
       49500  -0.014403   0.817  0.996  0.000  
       49600  -0.010192   0.817  0.996  0.000  
       49700  -0.012813   0.817  0.996  0.000  
       49800  -0.012845   0.817  0.996  0.000  
       49900  -0.013794   0.817  0.996  0.000  
       50000  -0.013853   0.817  0.996  0.000  
       50100  -0.013210   0.818  0.996  0.000  
       50200  -0.013568   0.818  0.996  0.000  
       50300  -0.012137   0.818  0.996  0.000  
       50400  -0.013402   0.818  0.996  0.000  
       50500  -0.011659   0.818  0.996  0.000  
       50600  -0.013542   0.818  0.996  0.000  
       50700  -0.012804   0.818  0.996  0.000  
       50800  -0.012312   0.818  0.996  0.000  
       50900  -0.012856   0.818  0.996  0.000  
       51000  -0.010394   0.818  0.996  0.000  
       51100  -0.010451   0.818  0.996  0.000  
       51200  -0.013033   0.818  0.996  0.000  
       51300  -0.016101   0.818  0.996  0.000  
       51400  -0.011240   0.818  0.996  0.000  
       51500  -0.011337   0.818  0.996  0.000  
       51600  -0.009325   0.818  0.996  0.000  
       51700  -0.012901   0.818  0.996  0.000  
       51800  -0.012972   0.818  0.996  0.000  
       51900  -0.012845   0.818  0.996  0.000  
       52000  -0.012616   0.818  0.996  0.000  
       52100  -0.007735   0.818  0.996  0.000  
       52200  -0.013722   0.818  0.996  0.000  
       52300  -0.012022   0.818  0.996  0.000  
       52400  -0.010055   0.818  0.996  0.000  
       52500  -0.009825   0.818  0.996  0.000  
       52600  -0.010769   0.818  0.996  0.000  
       52700  -0.010790   0.818  0.996  0.000  
       52800  -0.012724   0.818  0.996  0.000  
       52900  -0.014123   0.818  0.996  0.000  
       53000  -0.012854   0.818  0.996  0.000  
       53100  -0.014704   0.818  0.996  0.000  
       53200  -0.009895   0.818  0.996  0.000  
       53300  -0.012201   0.818  0.996  0.000  
       53400  -0.013104   0.818  0.996  0.000  
       53500  -0.015151   0.818  0.996  0.000  
       53600  -0.016300   0.818  0.996  0.000  
       53700  -0.011799   0.818  0.996  0.000  
       53800  -0.010934   0.818  0.996  0.000  
       53900  -0.012401   0.818  0.996  0.000  
      162.0000  -0.010996   0.314204   0.303207 
      162.3000  -0.011988   0.312243   0.300255 
      162.6000  -0.011179   0.310387   0.299208 
      162.9000  -0.011664   0.312672   0.301008 
      163.2000  -0.014229   0.317294   0.303065 
      163.5000  -0.012254   0.316510   0.304256 
      163.8000  -0.010503   0.317772   0.307269 
      164.1000  -0.011028   0.319610   0.308582 
      164.4000  -0.013191   0.319803   0.306612 
      164.7000  -0.011443   0.315211   0.303768 
      165.0000  -0.010997   0.317926   0.306929 
      165.3000  -0.013120   0.322017   0.308897 
      165.6000  -0.009848   0.317801   0.307953 
      165.9000  -0.013061   0.321641   0.308580 
      166.2000  -0.013584   0.325409   0.311825 
      166.5000  -0.014389   0.326734   0.312345 
      166.8000  -0.013522   0.325898   0.312375 
      167.1000  -0.013396   0.325873   0.312477 
      167.4000  -0.012860   0.328172   0.315313 
      167.7000  -0.009417   0.325049   0.315632 
      168.0000  -0.012165   0.325968   0.313802 
      168.3000  -0.012716   0.325829   0.313113 
      168.6000  -0.010265   0.323056   0.312790 
      168.9000  -0.008577   0.320716   0.312140 
      169.2000  -0.008425   0.320941   0.312517 
      169.5000  -0.010020   0.322976   0.312956 
      169.8000  -0.012052   0.325835   0.313783 
      170.1000  -0.011565   0.326991   0.315426 
      170.4000  -0.010108   0.324496   0.314388 
      170.7000  -0.010805   0.326024   0.315219 
      171.0000  -0.008114   0.321674   0.313560 
      171.3000  -0.010150   0.325610   0.315460 
      171.6000  -0.009563   0.326158   0.316595 
      171.9000  -0.011479   0.327947   0.316468 
      172.2000  -0.011763   0.328161   0.316399 
      172.5000  -0.008672   0.325462   0.316790 
      172.8000  -0.009203   0.325552   0.316348 
      173.1000  -0.010278   0.328603   0.318325 
      173.4000  -0.009706   0.327568   0.317862 
      173.7000  -0.012086   0.326817   0.314731 
      174.0000  -0.011615   0.324796   0.313180 
      174.3000  -0.010928   0.324080   0.313152 
      174.6000  -0.011780   0.324510   0.312730 
      174.9000  -0.008790   0.321674   0.312884 
      175.2000  -0.009232   0.323426   0.314194 
      175.5000  -0.011254   0.325510   0.314256 
      175.8000  -0.009037   0.322384   0.313347 
      176.1000  -0.009971   0.324002   0.314031 
      176.4000  -0.009231   0.321506   0.312274 
      176.7000  -0.011000   0.322799   0.311799 
      177.0000  -0.011812   0.322598   0.310786 
      177.3000  -0.010497   0.319446   0.308949 
      177.6000  -0.012228   0.321016   0.308787 
      177.9000  -0.011932   0.321419   0.309487 
      178.2000  -0.008803   0.321293   0.312491 
      178.5000  -0.011456   0.322902   0.311446 
      178.8000  -0.010111   0.321341   0.311231 
      179.1000  -0.011248   0.320894   0.309646 
      179.4000  -0.012994   0.321911   0.308917 
      179.7000  -0.010427   0.319599   0.309172 
      180.0000  -0.011093   0.321003   0.309910 
      180.3000  -0.008582   0.320399   0.311817 
      180.6000  -0.008848   0.318718   0.309871 
      180.9000  -0.011228   0.322101   0.310873 
      181.2000  -0.014850   0.326055   0.311205 
      181.5000  -0.011532   0.325173   0.313641 
      181.8000  -0.012810   0.326429   0.313619 
      182.1000  -0.013674   0.322131   0.308458 
      182.4000  -0.015088   0.320964   0.305876 
      182.7000  -0.013687   0.320873   0.307186 
      183.0000  -0.011520   0.321175   0.309655 
      183.3000  -0.011400   0.320881   0.309481 
      183.6000  -0.011150   0.318975   0.307825 
      183.9000  -0.012489   0.318595   0.306106 
      184.2000  -0.014199   0.318695   0.304496 
      184.5000  -0.015239   0.318066   0.302826 
      184.8000  -0.015944   0.316246   0.300301 
      185.1000  -0.015024   0.314634   0.299610 
      185.4000  -0.012365   0.313019   0.300654 
      185.7000  -0.010793   0.312814   0.302021 
      186.0000  -0.010501   0.314026   0.303525 
      186.3000  -0.011913   0.315823   0.303910 
      186.6000  -0.011470   0.313396   0.301926 
      186.9000  -0.010531   0.312575   0.302044 
      187.2000  -0.012081   0.314733   0.302652 
      187.5000  -0.010892   0.313822   0.302930 
      187.8000  -0.010626   0.311521   0.300896 
      188.1000  -0.014863   0.316011   0.301148 
      188.4000  -0.011238   0.314569   0.303331 
      188.7000  -0.012867   0.316846   0.303979 
      189.0000  -0.012993   0.316235   0.303242 
      189.3000  -0.012294   0.317960   0.305667 
      189.6000  -0.009424   0.315416   0.305992 
      189.9000  -0.012052   0.320267   0.308215 
      190.2000  -0.012049   0.318816   0.306767 
      190.5000  -0.009288   0.314186   0.304898 
      190.8000  -0.012663   0.316274   0.303611 
      191.1000  -0.012185   0.316053   0.303869 
      191.4000  -0.010078   0.315251   0.305173 
      191.7000  -0.012580   0.318316   0.305737 
