t = 43956
b = 20 20 20
E = -0.463768973569629 -0.463768973569629 0
-0.0957499764907368 0.265360937225182 0.277714386638025 -0.992948992989576 -0.0695892469651141 -0.0959656046945666 0.102163238568636 -0.912965044482353 -0.395040984943318 0 0 0 0 0 0
-0.132726542082565 -0.248153894753813 0.315857712559986 -0.699226131573338 0.246285981992319 -0.671137731398179 -0.0168161895232495 -0.944191307169805 -0.328967888998164 0 0 0 0 0 0
-0.423648248765005 -0.601404721252152 0.403957003791482 0.0323967347240155 0.174236927452961 -0.984170628172052 -0.0962003650161949 -0.979572107219177 -0.176589513325154 0 0 0 0 0 0
-0.501008271384592 -1.85124574701916 0.931276491112779 -0.7409164233873 -0.22504939106045 0.632768077962354 -0.62759997967191 -0.103397248013714 -0.771639234652656 0 0 0 0 0 0
-1.49679826354472 -0.916779858562478 1.16569597008175 -0.445114413097271 0.609788505900464 0.655767485086673 -0.310692523724887 0.5816562606421 -0.751761943330966 0 0 0 0 0 0
-1.31405412225368 -1.44941968437865 0.449567749959185 0.752117732804437 -0.204868257269556 -0.626376665051239 0.651393239590108 0.375357837623601 0.659388482883565 0 0 0 0 0 0
-2.36492977601517 -1.67344049510825 1.16814933116397 -0.2515765122737 -0.492292664237333 0.833280903691042 0.224306609199239 0.807872927514657 0.545002525545807 0 0 0 0 0 0
-2.59165213475268 -1.31918805416188 1.45772040416406 0.501213259281819 -0.587981892693054 0.634871966170193 0.105184964875282 0.769639243779705 0.629755061170778 0 0 0 0 0 0
-2.76809305924112 -1.33584341763984 1.83051622298153 0.90664948126252 0.326571628514643 0.267090756812711 -0.412549701888513 0.553849243911547 0.723224459619528 0 0 0 0 0 0
-3.4347701907667 -1.36035046925406 1.22904495424984 0.36682720049061 0.429324556059748 -0.825298791525815 0.356763978138223 0.754390809989313 0.551011647176669 0 0 0 0 0 0
-4.40616867981916 -1.25257094602887 2.1328939776034 0.303008858717968 0.334328597203625 0.892418002102082 -0.950043626091925 0.0324232969761269 0.310428110083032 0 0 0 0 0 0
-5.18718343633603 -1.19899577255373 0.765037766534046 -0.150042305257939 -0.720609524419172 -0.676911440334869 -0.383781296029991 -0.588523743802047 0.711583855235192 0 0 0 0 0 0
-5.4882729758942 -0.327178346486477 1.14334101450091 -0.623695500982184 0.749254857560283 0.222757524891226 0.317279631263876 0.503106997914723 -0.803876142838343 0 0 0 0 0 0
-5.60995278497913 -0.151602730898162 0.729601438764501 -0.0818613148988764 0.825155069704395 0.558943392532746 0.206895355438192 0.562678067287015 -0.800367153361582 0 0 0 0 0 0
-5.78145879179385 0.161792661569848 0.384072479418108 0.398562709799976 0.64154854443955 0.65541062955864 -0.0810734034721244 0.736471201772541 -0.671592995955368 0 0 0 0 0 0
-5.98213313710113 0.525473326597705 0.244645439153981 0.940855887293529 0.239312558478875 0.239832178751897 -0.107222003152795 0.881804569490569 -0.45926465429604 0 0 0 0 0 0
5.0445280077 1.49861483068 12.9961638115 0.0 0.0 1.0 0.0 0.1 0.0 0.0 0.0 0.0 0.0 0.0 0.0
13.2348065814 5.5880839308 10.169796789 0.0 0.0 1.0 0.0 0.1 0.0 0.0 0.0 0.0 0.0 0.0 0.0
15.3306042841 10.5014714552 1.05344754276 0.0 0.0 1.0 0.0 0.1 0.0 0.0 0.0 0.0 0.0 0.0 0.0
10.7539614974 0.372282477192 9.62657253463 0.0 0.0 1.0 0.0 0.1 0.0 0.0 0.0 0.0 0.0 0.0 0.0
4.78077573496 12.2517184942 13.4732276484 0.0 0.0 1.0 0.0 0.1 0.0 0.0 0.0 0.0 0.0 0.0 0.0
9.41456119716 2.1851620674 2.15365663961 0.0 0.0 1.0 0.0 0.1 0.0 0.0 0.0 0.0 0.0 0.0 0.0
9.13889313116 2.28257539002 19.9684555592 0.0 0.0 1.0 0.0 0.1 0.0 0.0 0.0 0.0 0.0 0.0 0.0
0.783626792345 8.22774465074 10.4554365421 0.0 0.0 1.0 0.0 0.1 0.0 0.0 0.0 0.0 0.0 0.0 0.0
7.52436518536 15.1957684947 12.7464506987 0.0 0.0 1.0 0.0 0.1 0.0 0.0 0.0 0.0 0.0 0.0 0.0
7.76495934908 17.7920924098 1.82708099278 0.0 0.0 1.0 0.0 0.1 0.0 0.0 0.0 0.0 0.0 0.0 0.0
6.83930076406 6.83292955621 12.6115204973 0.0 0.0 1.0 0.0 0.1 0.0 0.0 0.0 0.0 0.0 0.0 0.0
17.7155840108 7.68252741609 9.35778603063 0.0 0.0 1.0 0.0 0.1 0.0 0.0 0.0 0.0 0.0 0.0 0.0
12.9806976416 17.1970361377 13.860371238 0.0 0.0 1.0 0.0 0.1 0.0 0.0 0.0 0.0 0.0 0.0 0.0
4.60651641672 2.48191382551 0.415515518142 0.0 0.0 1.0 0.0 0.1 0.0 0.0 0.0 0.0 0.0 0.0 0.0
5.10213276782 0.981903577678 7.34112489696 0.0 0.0 1.0 0.0 0.1 0.0 0.0 0.0 0.0 0.0 0.0 0.0
13.8402634644 3.48341423876 1.35692520141 0.0 0.0 1.0 0.0 0.1 0.0 0.0 0.0 0.0 0.0 0.0 0.0
18.6752612534 4.72580082629 13.7768645949 0.0 0.0 1.0 0.0 0.1 0.0 0.0 0.0 0.0 0.0 0.0 0.0
4.56635461025 0.06427022331 0.959317923758 0.0 0.0 1.0 0.0 0.1 0.0 0.0 0.0 0.0 0.0 0.0 0.0
0.857058770049 8.90433796204 7.58177705982 0.0 0.0 1.0 0.0 0.1 0.0 0.0 0.0 0.0 0.0 0.0 0.0
18.9066657638 1.16201081245 10.2543721966 0.0 0.0 1.0 0.0 0.1 0.0 0.0 0.0 0.0 0.0 0.0 0.0
5.29930475273 2.32861173315 4.47034306129 0.0 0.0 1.0 0.0 0.1 0.0 0.0 0.0 0.0 0.0 0.0 0.0
0.52292968497 17.1813997189 16.3254007203 0.0 0.0 1.0 0.0 0.1 0.0 0.0 0.0 0.0 0.0 0.0 0.0
10.7578790705 6.45817395221 5.19930816676 0.0 0.0 1.0 0.0 0.1 0.0 0.0 0.0 0.0 0.0 0.0 0.0
3.36892125791 15.9899096653 11.6023936709 0.0 0.0 1.0 0.0 0.1 0.0 0.0 0.0 0.0 0.0 0.0 0.0
13.9380083256 14.5096283329 6.57135492356 0.0 0.0 1.0 0.0 0.1 0.0 0.0 0.0 0.0 0.0 0.0 0.0
7.74052516646 5.66353691241 17.0478091967 0.0 0.0 1.0 0.0 0.1 0.0 0.0 0.0 0.0 0.0 0.0 0.0
0.107734395432 5.85016965828 19.6809144002 0.0 0.0 1.0 0.0 0.1 0.0 0.0 0.0 0.0 0.0 0.0 0.0
2.53706455171 4.98749018795 9.83259988184 0.0 0.0 1.0 0.0 0.1 0.0 0.0 0.0 0.0 0.0 0.0 0.0
15.2133475294 13.7070727688 13.1920183245 0.0 0.0 1.0 0.0 0.1 0.0 0.0 0.0 0.0 0.0 0.0 0.0
10.7574225213 9.79307922987 9.27713744295 0.0 0.0 1.0 0.0 0.1 0.0 0.0 0.0 0.0 0.0 0.0 0.0
10.2292328553 3.96005591981 6.7165831358 0.0 0.0 1.0 0.0 0.1 0.0 0.0 0.0 0.0 0.0 0.0 0.0
3.34537936517 7.39547914466 18.2051449629 0.0 0.0 1.0 0.0 0.1 0.0 0.0 0.0 0.0 0.0 0.0 0.0
5.6176880958 16.4798319448 17.6124344079 0.0 0.0 1.0 0.0 0.1 0.0 0.0 0.0 0.0 0.0 0.0 0.0
7.42920155022 14.9618649814 8.8010956932 0.0 0.0 1.0 0.0 0.1 0.0 0.0 0.0 0.0 0.0 0.0 0.0
2.61705884477 19.6598169406 16.3953832945 0.0 0.0 1.0 0.0 0.1 0.0 0.0 0.0 0.0 0.0 0.0 0.0
5.63213052847 15.747015051 14.8653605158 0.0 0.0 1.0 0.0 0.1 0.0 0.0 0.0 0.0 0.0 0.0 0.0
15.7737731139 9.96207952361 7.87319782144 0.0 0.0 1.0 0.0 0.1 0.0 0.0 0.0 0.0 0.0 0.0 0.0
10.9507638903 1.00607470787 3.75965772651 0.0 0.0 1.0 0.0 0.1 0.0 0.0 0.0 0.0 0.0 0.0 0.0
19.6641378655 11.4989466924 7.97552265991 0.0 0.0 1.0 0.0 0.1 0.0 0.0 0.0 0.0 0.0 0.0 0.0
1.12793584644 17.2051607495 19.6534444779 0.0 0.0 1.0 0.0 0.1 0.0 0.0 0.0 0.0 0.0 0.0 0.0
12.577276836 16.6038277331 15.2363818363 0.0 0.0 1.0 0.0 0.1 0.0 0.0 0.0 0.0 0.0 0.0 0.0
10.9030949871 11.3459284007 6.09483654778 0.0 0.0 1.0 0.0 0.1 0.0 0.0 0.0 0.0 0.0 0.0 0.0
10.6079276861 6.98006667266 6.81327286262 0.0 0.0 1.0 0.0 0.1 0.0 0.0 0.0 0.0 0.0 0.0 0.0
0.345032749299 7.28699778263 6.31551851278 0.0 0.0 1.0 0.0 0.1 0.0 0.0 0.0 0.0 0.0 0.0 0.0
15.9446658123 5.05786654383 1.66590734892 0.0 0.0 1.0 0.0 0.1 0.0 0.0 0.0 0.0 0.0 0.0 0.0
14.6406059355 12.6737916283 15.8510809454 0.0 0.0 1.0 0.0 0.1 0.0 0.0 0.0 0.0 0.0 0.0 0.0
11.1682420788 4.53020513171 11.90795439 0.0 0.0 1.0 0.0 0.1 0.0 0.0 0.0 0.0 0.0 0.0 0.0
14.3920020637 19.0607081489 2.0967816404 0.0 0.0 1.0 0.0 0.1 0.0 0.0 0.0 0.0 0.0 0.0 0.0
14.0643496644 3.36781811928 7.41337282638 0.0 0.0 1.0 0.0 0.1 0.0 0.0 0.0 0.0 0.0 0.0 0.0
2.96806696223 18.45447104 11.9282213788 0.0 0.0 1.0 0.0 0.1 0.0 0.0 0.0 0.0 0.0 0.0 0.0
4.29461142213 5.55689503557 18.1981309069 0.0 0.0 1.0 0.0 0.1 0.0 0.0 0.0 0.0 0.0 0.0 0.0
10.5524662504 3.54876062 4.07332925787 0.0 0.0 1.0 0.0 0.1 0.0 0.0 0.0 0.0 0.0 0.0 0.0
0.652348717443 13.3466484907 2.27490065894 0.0 0.0 1.0 0.0 0.1 0.0 0.0 0.0 0.0 0.0 0.0 0.0
5.75168825212 11.3773867858 6.18394487408 0.0 0.0 1.0 0.0 0.1 0.0 0.0 0.0 0.0 0.0 0.0 0.0
18.5752936043 17.0016026424 12.773442426 0.0 0.0 1.0 0.0 0.1 0.0 0.0 0.0 0.0 0.0 0.0 0.0
11.7322503719 6.72974868736 2.81872757197 0.0 0.0 1.0 0.0 0.1 0.0 0.0 0.0 0.0 0.0 0.0 0.0
17.25288229 11.106171656 16.7571772528 0.0 0.0 1.0 0.0 0.1 0.0 0.0 0.0 0.0 0.0 0.0 0.0
17.7686767529 16.6096334712 0.63242640346 0.0 0.0 1.0 0.0 0.1 0.0 0.0 0.0 0.0 0.0 0.0 0.0
3.16759920048 7.90517496463 6.81125513793 0.0 0.0 1.0 0.0 0.1 0.0 0.0 0.0 0.0 0.0 0.0 0.0
9.42235474038 8.48239184466 14.2741731947 0.0 0.0 1.0 0.0 0.1 0.0 0.0 0.0 0.0 0.0 0.0 0.0
4.22772947844 19.2034061064 9.52790345933 0.0 0.0 1.0 0.0 0.1 0.0 0.0 0.0 0.0 0.0 0.0 0.0
3.08421037299 10.6001678295 5.17982296063 0.0 0.0 1.0 0.0 0.1 0.0 0.0 0.0 0.0 0.0 0.0 0.0
9.65319511214 13.7300073577 1.91037935027 0.0 0.0 1.0 0.0 0.1 0.0 0.0 0.0 0.0 0.0 0.0 0.0
15.2823962164 0.222398306428 19.789721121 0.0 0.0 1.0 0.0 0.1 0.0 0.0 0.0 0.0 0.0 0.0 0.0
13.6343314013 10.1364321089 12.0219999623 0.0 0.0 1.0 0.0 0.1 0.0 0.0 0.0 0.0 0.0 0.0 0.0
0.140503689438 4.77598188857 10.4780212775 0.0 0.0 1.0 0.0 0.1 0.0 0.0 0.0 0.0 0.0 0.0 0.0
19.9160342573 4.96025722322 14.9915168215 0.0 0.0 1.0 0.0 0.1 0.0 0.0 0.0 0.0 0.0 0.0 0.0
3.07992909467 18.9100664582 8.28423830694 0.0 0.0 1.0 0.0 0.1 0.0 0.0 0.0 0.0 0.0 0.0 0.0
3.54904898175 19.1790275151 17.6368630984 0.0 0.0 1.0 0.0 0.1 0.0 0.0 0.0 0.0 0.0 0.0 0.0
19.0968676842 19.5890514768 19.9767145342 0.0 0.0 1.0 0.0 0.1 0.0 0.0 0.0 0.0 0.0 0.0 0.0
12.1264854746 6.90977547176 12.021928405 0.0 0.0 1.0 0.0 0.1 0.0 0.0 0.0 0.0 0.0 0.0 0.0
11.9351152485 12.9580971699 8.05587182792 0.0 0.0 1.0 0.0 0.1 0.0 0.0 0.0 0.0 0.0 0.0 0.0
9.7266069294 1.30660746645 18.7596342694 0.0 0.0 1.0 0.0 0.1 0.0 0.0 0.0 0.0 0.0 0.0 0.0
3.1769942486 4.18806120127 11.6936117262 0.0 0.0 1.0 0.0 0.1 0.0 0.0 0.0 0.0 0.0 0.0 0.0
7.53183257849 13.766530021 2.8087626943 0.0 0.0 1.0 0.0 0.1 0.0 0.0 0.0 0.0 0.0 0.0 0.0
8.42894467292 8.6207783452 8.02621730766 0.0 0.0 1.0 0.0 0.1 0.0 0.0 0.0 0.0 0.0 0.0 0.0
4.87709130179 11.8922084693 8.97267396127 0.0 0.0 1.0 0.0 0.1 0.0 0.0 0.0 0.0 0.0 0.0 0.0
13.4401169072 18.8541404256 15.0109018283 0.0 0.0 1.0 0.0 0.1 0.0 0.0 0.0 0.0 0.0 0.0 0.0
19.4526311724 16.2825910129 5.53371928548 0.0 0.0 1.0 0.0 0.1 0.0 0.0 0.0 0.0 0.0 0.0 0.0
9.08886183249 9.39399780308 10.6760252275 0.0 0.0 1.0 0.0 0.1 0.0 0.0 0.0 0.0 0.0 0.0 0.0
19.5260136042 14.5400198778 12.6410084737 0.0 0.0 1.0 0.0 0.1 0.0 0.0 0.0 0.0 0.0 0.0 0.0
12.4797660182 7.23534595543 0.964681811495 0.0 0.0 1.0 0.0 0.1 0.0 0.0 0.0 0.0 0.0 0.0 0.0
19.4263933862 11.8612291274 14.7032461824 0.0 0.0 1.0 0.0 0.1 0.0 0.0 0.0 0.0 0.0 0.0 0.0
4.76384567975 6.71970997699 3.41348249952 0.0 0.0 1.0 0.0 0.1 0.0 0.0 0.0 0.0 0.0 0.0 0.0
6.32631021004 8.92172738749 8.2060371646 0.0 0.0 1.0 0.0 0.1 0.0 0.0 0.0 0.0 0.0 0.0 0.0
11.1338296067 1.73297632476 15.3302512664 0.0 0.0 1.0 0.0 0.1 0.0 0.0 0.0 0.0 0.0 0.0 0.0
0.408750313492 10.0431506788 12.8560477055 0.0 0.0 1.0 0.0 0.1 0.0 0.0 0.0 0.0 0.0 0.0 0.0
16.2811418364 4.26746010939 15.9178664632 0.0 0.0 1.0 0.0 0.1 0.0 0.0 0.0 0.0 0.0 0.0 0.0
17.1263386307 10.7278716474 11.9405948665 0.0 0.0 1.0 0.0 0.1 0.0 0.0 0.0 0.0 0.0 0.0 0.0
8.28427504844 3.78968139315 11.25717605 0.0 0.0 1.0 0.0 0.1 0.0 0.0 0.0 0.0 0.0 0.0 0.0
5.38857848543 5.30032072877 14.0221504623 0.0 0.0 1.0 0.0 0.1 0.0 0.0 0.0 0.0 0.0 0.0 0.0
6.70114183495 12.3888462924 11.5155569026 0.0 0.0 1.0 0.0 0.1 0.0 0.0 0.0 0.0 0.0 0.0 0.0
2.56848838167 19.4688079644 5.96499726614 0.0 0.0 1.0 0.0 0.1 0.0 0.0 0.0 0.0 0.0 0.0 0.0
10.0294604574 6.47439579416 2.59864409297 0.0 0.0 1.0 0.0 0.1 0.0 0.0 0.0 0.0 0.0 0.0 0.0
6.06485709108 17.2858832425 6.07348597345 0.0 0.0 1.0 0.0 0.1 0.0 0.0 0.0 0.0 0.0 0.0 0.0
7.62914315637 15.8046582244 15.208899719 0.0 0.0 1.0 0.0 0.1 0.0 0.0 0.0 0.0 0.0 0.0 0.0
14.1925273159 15.3945471413 19.6077203606 0.0 0.0 1.0 0.0 0.1 0.0 0.0 0.0 0.0 0.0 0.0 0.0
17.798100908 0.345779057405 1.98381723182 0.0 0.0 1.0 0.0 0.1 0.0 0.0 0.0 0.0 0.0 0.0 0.0
6.83612886145 2.21559808555 0.644679977759 0.0 0.0 1.0 0.0 0.1 0.0 0.0 0.0 0.0 0.0 0.0 0.0
5.64082630848 2.57873801347 7.32201575757 0.0 0.0 1.0 0.0 0.1 0.0 0.0 0.0 0.0 0.0 0.0 0.0
3.27961696821 12.262220582 12.592588279 0.0 0.0 1.0 0.0 0.1 0.0 0.0 0.0 0.0 0.0 0.0 0.0
15.9905616867 2.71057464327 16.2366647541 0.0 0.0 1.0 0.0 0.1 0.0 0.0 0.0 0.0 0.0 0.0 0.0
16.1935971877 0.394989437899 3.91807070108 0.0 0.0 1.0 0.0 0.1 0.0 0.0 0.0 0.0 0.0 0.0 0.0
0.835801252684 14.1801360251 6.11981461525 0.0 0.0 1.0 0.0 0.1 0.0 0.0 0.0 0.0 0.0 0.0 0.0
5.7321430614 17.9317840747 3.31521657078 0.0 0.0 1.0 0.0 0.1 0.0 0.0 0.0 0.0 0.0 0.0 0.0
1.87157324353 13.2945958751 15.6237416084 0.0 0.0 1.0 0.0 0.1 0.0 0.0 0.0 0.0 0.0 0.0 0.0
4.58901499768 3.85164648942 4.30172190415 0.0 0.0 1.0 0.0 0.1 0.0 0.0 0.0 0.0 0.0 0.0 0.0
15.8394965546 15.0497531384 18.4328724929 0.0 0.0 1.0 0.0 0.1 0.0 0.0 0.0 0.0 0.0 0.0 0.0
2.65048278075 4.46859915182 15.4564544105 0.0 0.0 1.0 0.0 0.1 0.0 0.0 0.0 0.0 0.0 0.0 0.0
8.92313269137 5.92419812776 12.3119219009 0.0 0.0 1.0 0.0 0.1 0.0 0.0 0.0 0.0 0.0 0.0 0.0
6.50339429258 9.09995224357 3.36440020472 0.0 0.0 1.0 0.0 0.1 0.0 0.0 0.0 0.0 0.0 0.0 0.0
12.1694917475 14.7121229629 1.86423151752 0.0 0.0 1.0 0.0 0.1 0.0 0.0 0.0 0.0 0.0 0.0 0.0
15.2574712643 19.4032104362 0.180318788722 0.0 0.0 1.0 0.0 0.1 0.0 0.0 0.0 0.0 0.0 0.0 0.0
9.5772795275 4.167376101 0.224229920354 0.0 0.0 1.0 0.0 0.1 0.0 0.0 0.0 0.0 0.0 0.0 0.0
2.56971719274 14.7155170838 6.45514138575 0.0 0.0 1.0 0.0 0.1 0.0 0.0 0.0 0.0 0.0 0.0 0.0
5.55399285861 17.9359703389 8.30650897495 0.0 0.0 1.0 0.0 0.1 0.0 0.0 0.0 0.0 0.0 0.0 0.0
6.62677934334 9.94856673837 12.8886928517 0.0 0.0 1.0 0.0 0.1 0.0 0.0 0.0 0.0 0.0 0.0 0.0
10.4605463764 0.6587233346 5.80250869135 0.0 0.0 1.0 0.0 0.1 0.0 0.0 0.0 0.0 0.0 0.0 0.0
2.44534487156 12.5035967735 5.85689057364 0.0 0.0 1.0 0.0 0.1 0.0 0.0 0.0 0.0 0.0 0.0 0.0
17.8493322591 11.9104521455 1.12687419015 0.0 0.0 1.0 0.0 0.1 0.0 0.0 0.0 0.0 0.0 0.0 0.0
4.81407354594 7.34669697395 8.26061154482 0.0 0.0 1.0 0.0 0.1 0.0 0.0 0.0 0.0 0.0 0.0 0.0
1.19962899539 4.99448746691 5.4993292531 0.0 0.0 1.0 0.0 0.1 0.0 0.0 0.0 0.0 0.0 0.0 0.0
17.9586434094 8.40616553749 17.2089823107 0.0 0.0 1.0 0.0 0.1 0.0 0.0 0.0 0.0 0.0 0.0 0.0
9.34690151917 11.1995424594 14.9826132786 0.0 0.0 1.0 0.0 0.1 0.0 0.0 0.0 0.0 0.0 0.0 0.0
10.1322520506 10.1534401022 2.98624761946 0.0 0.0 1.0 0.0 0.1 0.0 0.0 0.0 0.0 0.0 0.0 0.0
13.2285045143 15.2916656599 10.8550381201 0.0 0.0 1.0 0.0 0.1 0.0 0.0 0.0 0.0 0.0 0.0 0.0
5.35929552518 5.48918015151 19.9691513229 0.0 0.0 1.0 0.0 0.1 0.0 0.0 0.0 0.0 0.0 0.0 0.0
0.0769341976085 19.3339788427 16.4296084606 0.0 0.0 1.0 0.0 0.1 0.0 0.0 0.0 0.0 0.0 0.0 0.0
7.11877646724 17.650479696 14.0682766909 0.0 0.0 1.0 0.0 0.1 0.0 0.0 0.0 0.0 0.0 0.0 0.0
0.824476404689 12.9805417941 11.2462137664 0.0 0.0 1.0 0.0 0.1 0.0 0.0 0.0 0.0 0.0 0.0 0.0
4.13491920627 13.3897990169 7.17264071758 0.0 0.0 1.0 0.0 0.1 0.0 0.0 0.0 0.0 0.0 0.0 0.0
15.2929868003 13.0968534871 17.9516078669 0.0 0.0 1.0 0.0 0.1 0.0 0.0 0.0 0.0 0.0 0.0 0.0
12.4910860674 4.12014652947 10.3526652686 0.0 0.0 1.0 0.0 0.1 0.0 0.0 0.0 0.0 0.0 0.0 0.0
0.752509857141 0.95282251967 7.74922893823 0.0 0.0 1.0 0.0 0.1 0.0 0.0 0.0 0.0 0.0 0.0 0.0
10.9974409748 9.4664496832 12.6248422417 0.0 0.0 1.0 0.0 0.1 0.0 0.0 0.0 0.0 0.0 0.0 0.0
12.3516181892 17.0375801134 3.799272964 0.0 0.0 1.0 0.0 0.1 0.0 0.0 0.0 0.0 0.0 0.0 0.0
13.7987870381 1.87105641373 10.7894695151 0.0 0.0 1.0 0.0 0.1 0.0 0.0 0.0 0.0 0.0 0.0 0.0
10.3953754273 18.9020462821 11.7696832466 0.0 0.0 1.0 0.0 0.1 0.0 0.0 0.0 0.0 0.0 0.0 0.0
1.57954858044 15.2087665542 2.42198404621 0.0 0.0 1.0 0.0 0.1 0.0 0.0 0.0 0.0 0.0 0.0 0.0
8.86011015063 18.9996778179 16.5365278345 0.0 0.0 1.0 0.0 0.1 0.0 0.0 0.0 0.0 0.0 0.0 0.0
12.3119183881 9.71103392961 3.78046504227 0.0 0.0 1.0 0.0 0.1 0.0 0.0 0.0 0.0 0.0 0.0 0.0
1.47882552047 14.4401255717 0.814841731095 0.0 0.0 1.0 0.0 0.1 0.0 0.0 0.0 0.0 0.0 0.0 0.0
14.4609820007 3.69822382667 16.3827819446 0.0 0.0 1.0 0.0 0.1 0.0 0.0 0.0 0.0 0.0 0.0 0.0
2.82340472133 17.7274335848 16.4873781418 0.0 0.0 1.0 0.0 0.1 0.0 0.0 0.0 0.0 0.0 0.0 0.0
2.49777505681 2.74457693476 6.71852572972 0.0 0.0 1.0 0.0 0.1 0.0 0.0 0.0 0.0 0.0 0.0 0.0
17.5457239814 5.90608183817 11.5098995916 0.0 0.0 1.0 0.0 0.1 0.0 0.0 0.0 0.0 0.0 0.0 0.0
7.53702195137 15.9029624398 4.85878978987 0.0 0.0 1.0 0.0 0.1 0.0 0.0 0.0 0.0 0.0 0.0 0.0
14.2944202235 5.34936251065 3.91824412406 0.0 0.0 1.0 0.0 0.1 0.0 0.0 0.0 0.0 0.0 0.0 0.0
7.54683449344 3.97443414009 13.2884971919 0.0 0.0 1.0 0.0 0.1 0.0 0.0 0.0 0.0 0.0 0.0 0.0
10.3968295125 2.68263964271 9.11989000979 0.0 0.0 1.0 0.0 0.1 0.0 0.0 0.0 0.0 0.0 0.0 0.0
1.02727921274 3.43792086007 5.15877876733 0.0 0.0 1.0 0.0 0.1 0.0 0.0 0.0 0.0 0.0 0.0 0.0
0.126631587958 12.7101388398 0.972149011875 0.0 0.0 1.0 0.0 0.1 0.0 0.0 0.0 0.0 0.0 0.0 0.0
7.72581053531 18.8568094121 18.1001685027 0.0 0.0 1.0 0.0 0.1 0.0 0.0 0.0 0.0 0.0 0.0 0.0
14.7488722391 11.5390172439 8.29320649709 0.0 0.0 1.0 0.0 0.1 0.0 0.0 0.0 0.0 0.0 0.0 0.0
14.5599969283 6.6021881954 5.96010099072 0.0 0.0 1.0 0.0 0.1 0.0 0.0 0.0 0.0 0.0 0.0 0.0
0.901426244835 0.429781938993 16.8593996059 0.0 0.0 1.0 0.0 0.1 0.0 0.0 0.0 0.0 0.0 0.0 0.0
10.7439777353 15.9673730712 14.6853582228 0.0 0.0 1.0 0.0 0.1 0.0 0.0 0.0 0.0 0.0 0.0 0.0
0.0660647933215 12.9032957226 13.5355534243 0.0 0.0 1.0 0.0 0.1 0.0 0.0 0.0 0.0 0.0 0.0 0.0
9.15190409362 15.6234548165 8.60808501904 0.0 0.0 1.0 0.0 0.1 0.0 0.0 0.0 0.0 0.0 0.0 0.0
19.9342520321 5.93996952466 18.1049873821 0.0 0.0 1.0 0.0 0.1 0.0 0.0 0.0 0.0 0.0 0.0 0.0
3.48846257815 13.4352731365 4.29840652871 0.0 0.0 1.0 0.0 0.1 0.0 0.0 0.0 0.0 0.0 0.0 0.0
13.1969636672 17.7814303611 10.8169238998 0.0 0.0 1.0 0.0 0.1 0.0 0.0 0.0 0.0 0.0 0.0 0.0
13.2568964629 1.39226938616 3.87035933472 0.0 0.0 1.0 0.0 0.1 0.0 0.0 0.0 0.0 0.0 0.0 0.0
1.06683776675 10.8310752641 5.91834872834 0.0 0.0 1.0 0.0 0.1 0.0 0.0 0.0 0.0 0.0 0.0 0.0
17.3005853917 1.18951797346 16.4518448952 0.0 0.0 1.0 0.0 0.1 0.0 0.0 0.0 0.0 0.0 0.0 0.0
2.67870770345 4.8909454902 13.0898604651 0.0 0.0 1.0 0.0 0.1 0.0 0.0 0.0 0.0 0.0 0.0 0.0
5.02341932191 15.0699332417 7.90474176251 0.0 0.0 1.0 0.0 0.1 0.0 0.0 0.0 0.0 0.0 0.0 0.0
16.740951311 18.8750219343 11.788318916 0.0 0.0 1.0 0.0 0.1 0.0 0.0 0.0 0.0 0.0 0.0 0.0
7.39181269167 18.7335919287 4.31614338778 0.0 0.0 1.0 0.0 0.1 0.0 0.0 0.0 0.0 0.0 0.0 0.0
18.8574787637 10.4372649808 10.0850746997 0.0 0.0 1.0 0.0 0.1 0.0 0.0 0.0 0.0 0.0 0.0 0.0
16.4788409024 8.57422669321 4.33460628336 0.0 0.0 1.0 0.0 0.1 0.0 0.0 0.0 0.0 0.0 0.0 0.0
14.9652360399 17.1908988033 2.74541775396 0.0 0.0 1.0 0.0 0.1 0.0 0.0 0.0 0.0 0.0 0.0 0.0
8.89683895184 9.57969817217 17.5649068872 0.0 0.0 1.0 0.0 0.1 0.0 0.0 0.0 0.0 0.0 0.0 0.0
17.3692783917 5.04779954953 18.3882320824 0.0 0.0 1.0 0.0 0.1 0.0 0.0 0.0 0.0 0.0 0.0 0.0
4.26468599218 3.99356503379 8.87828570449 0.0 0.0 1.0 0.0 0.1 0.0 0.0 0.0 0.0 0.0 0.0 0.0
18.0347786058 13.4981717402 10.3594252762 0.0 0.0 1.0 0.0 0.1 0.0 0.0 0.0 0.0 0.0 0.0 0.0
7.99721039221 1.87430875491 8.379237843 0.0 0.0 1.0 0.0 0.1 0.0 0.0 0.0 0.0 0.0 0.0 0.0
12.1043632053 4.42857540132 14.0776335489 0.0 0.0 1.0 0.0 0.1 0.0 0.0 0.0 0.0 0.0 0.0 0.0
13.0248105541 10.191390165 14.3373511308 0.0 0.0 1.0 0.0 0.1 0.0 0.0 0.0 0.0 0.0 0.0 0.0
13.5960281131 12.2438771393 16.8446009574 0.0 0.0 1.0 0.0 0.1 0.0 0.0 0.0 0.0 0.0 0.0 0.0
8.93940477112 17.1222542078 15.3340114134 0.0 0.0 1.0 0.0 0.1 0.0 0.0 0.0 0.0 0.0 0.0 0.0
18.0771215063 2.74949604526 12.3972903573 0.0 0.0 1.0 0.0 0.1 0.0 0.0 0.0 0.0 0.0 0.0 0.0
7.94245343175 11.8513873235 7.44166020274 0.0 0.0 1.0 0.0 0.1 0.0 0.0 0.0 0.0 0.0 0.0 0.0
11.6726202804 7.73767548265 15.2847379032 0.0 0.0 1.0 0.0 0.1 0.0 0.0 0.0 0.0 0.0 0.0 0.0
18.6115934884 11.2959233568 13.1532221287 0.0 0.0 1.0 0.0 0.1 0.0 0.0 0.0 0.0 0.0 0.0 0.0
12.7338031868 13.7694927715 0.143156595815 0.0 0.0 1.0 0.0 0.1 0.0 0.0 0.0 0.0 0.0 0.0 0.0
16.610464883 16.3347290969 1.92992832259 0.0 0.0 1.0 0.0 0.1 0.0 0.0 0.0 0.0 0.0 0.0 0.0
17.1431165083 10.8610447655 19.6905539254 0.0 0.0 1.0 0.0 0.1 0.0 0.0 0.0 0.0 0.0 0.0 0.0
5.25517523676 2.17001844163 11.5217315518 0.0 0.0 1.0 0.0 0.1 0.0 0.0 0.0 0.0 0.0 0.0 0.0
16.8861664492 11.7144305971 4.74827745582 0.0 0.0 1.0 0.0 0.1 0.0 0.0 0.0 0.0 0.0 0.0 0.0
7.69607224642 6.70129218288 18.5998742494 0.0 0.0 1.0 0.0 0.1 0.0 0.0 0.0 0.0 0.0 0.0 0.0
6.35965970118 16.0544244082 10.2632216458 0.0 0.0 1.0 0.0 0.1 0.0 0.0 0.0 0.0 0.0 0.0 0.0
16.89831454 13.0505172586 12.674480389 0.0 0.0 1.0 0.0 0.1 0.0 0.0 0.0 0.0 0.0 0.0 0.0
1.06417565643 9.25280913165 3.35350534 0.0 0.0 1.0 0.0 0.1 0.0 0.0 0.0 0.0 0.0 0.0 0.0
0.365705197194 1.71852191701 5.10948322415 0.0 0.0 1.0 0.0 0.1 0.0 0.0 0.0 0.0 0.0 0.0 0.0
14.6464535381 17.4345539289 14.0236102313 0.0 0.0 1.0 0.0 0.1 0.0 0.0 0.0 0.0 0.0 0.0 0.0
12.5516973117 15.0787579497 14.690540979 0.0 0.0 1.0 0.0 0.1 0.0 0.0 0.0 0.0 0.0 0.0 0.0
16.9627547059 7.83502994103 13.7607137314 0.0 0.0 1.0 0.0 0.1 0.0 0.0 0.0 0.0 0.0 0.0 0.0
5.80961845206 18.2722716797 17.1102913043 0.0 0.0 1.0 0.0 0.1 0.0 0.0 0.0 0.0 0.0 0.0 0.0
18.0457933285 5.44895487661 3.51611990884 0.0 0.0 1.0 0.0 0.1 0.0 0.0 0.0 0.0 0.0 0.0 0.0
7.07832290107 13.019263089 1.55846263185 0.0 0.0 1.0 0.0 0.1 0.0 0.0 0.0 0.0 0.0 0.0 0.0
19.1910338693 3.62782542347 3.58879961083 0.0 0.0 1.0 0.0 0.1 0.0 0.0 0.0 0.0 0.0 0.0 0.0
11.786433519 4.49348352774 2.82254737011 0.0 0.0 1.0 0.0 0.1 0.0 0.0 0.0 0.0 0.0 0.0 0.0
19.3218905368 2.9865560439 19.5730193957 0.0 0.0 1.0 0.0 0.1 0.0 0.0 0.0 0.0 0.0 0.0 0.0
7.07301908383 16.642057697 8.47335152581 0.0 0.0 1.0 0.0 0.1 0.0 0.0 0.0 0.0 0.0 0.0 0.0
5.60202690844 12.0575133367 16.8543327071 0.0 0.0 1.0 0.0 0.1 0.0 0.0 0.0 0.0 0.0 0.0 0.0
13.4876372111 2.73846188371 8.67828246893 0.0 0.0 1.0 0.0 0.1 0.0 0.0 0.0 0.0 0.0 0.0 0.0
12.5675460461 15.7835828382 6.01827183824 0.0 0.0 1.0 0.0 0.1 0.0 0.0 0.0 0.0 0.0 0.0 0.0
13.1235299987 7.83763289845 7.90324467414 0.0 0.0 1.0 0.0 0.1 0.0 0.0 0.0 0.0 0.0 0.0 0.0
9.26026856273 0.0531265821068 9.97583956967 0.0 0.0 1.0 0.0 0.1 0.0 0.0 0.0 0.0 0.0 0.0 0.0
15.7371022063 18.2256690215 4.25833893904 0.0 0.0 1.0 0.0 0.1 0.0 0.0 0.0 0.0 0.0 0.0 0.0
9.46503086904 0.845253929234 8.52537091491 0.0 0.0 1.0 0.0 0.1 0.0 0.0 0.0 0.0 0.0 0.0 0.0
1.3095813679 11.5763524346 3.98031505249 0.0 0.0 1.0 0.0 0.1 0.0 0.0 0.0 0.0 0.0 0.0 0.0
3.53219913108 18.2066019928 14.1451352124 0.0 0.0 1.0 0.0 0.1 0.0 0.0 0.0 0.0 0.0 0.0 0.0
12.3543747693 19.3075311788 12.9448269324 0.0 0.0 1.0 0.0 0.1 0.0 0.0 0.0 0.0 0.0 0.0 0.0
18.090878143 4.0861405963 11.2398153356 0.0 0.0 1.0 0.0 0.1 0.0 0.0 0.0 0.0 0.0 0.0 0.0
7.14707442152 10.6878843107 8.07959406847 0.0 0.0 1.0 0.0 0.1 0.0 0.0 0.0 0.0 0.0 0.0 0.0
6.4071587488 4.84368717118 16.7200631698 0.0 0.0 1.0 0.0 0.1 0.0 0.0 0.0 0.0 0.0 0.0 0.0
13.6502939527 15.2347281504 4.05444002512 0.0 0.0 1.0 0.0 0.1 0.0 0.0 0.0 0.0 0.0 0.0 0.0
13.8823567232 1.30806129141 16.921449962 0.0 0.0 1.0 0.0 0.1 0.0 0.0 0.0 0.0 0.0 0.0 0.0
0.370261582966 11.7698621197 15.1576055339 0.0 0.0 1.0 0.0 0.1 0.0 0.0 0.0 0.0 0.0 0.0 0.0
19.4475779657 19.844957677 13.818605287 0.0 0.0 1.0 0.0 0.1 0.0 0.0 0.0 0.0 0.0 0.0 0.0
4.30473772734 7.55222807876 10.2991326082 0.0 0.0 1.0 0.0 0.1 0.0 0.0 0.0 0.0 0.0 0.0 0.0
3.19552046286 4.07919530305 17.5417555564 0.0 0.0 1.0 0.0 0.1 0.0 0.0 0.0 0.0 0.0 0.0 0.0
12.7690384973 6.01915494548 17.7594841567 0.0 0.0 1.0 0.0 0.1 0.0 0.0 0.0 0.0 0.0 0.0 0.0
10.5943993138 4.7716224767 8.27388369269 0.0 0.0 1.0 0.0 0.1 0.0 0.0 0.0 0.0 0.0 0.0 0.0
5.46832390396 8.29438186934 13.3544602935 0.0 0.0 1.0 0.0 0.1 0.0 0.0 0.0 0.0 0.0 0.0 0.0
10.3323463805 15.2228589655 3.31757293359 0.0 0.0 1.0 0.0 0.1 0.0 0.0 0.0 0.0 0.0 0.0 0.0
13.3643367857 19.4057440541 18.0582154899 0.0 0.0 1.0 0.0 0.1 0.0 0.0 0.0 0.0 0.0 0.0 0.0
9.85575698437 3.78231672397 17.2243128004 0.0 0.0 1.0 0.0 0.1 0.0 0.0 0.0 0.0 0.0 0.0 0.0
1.70490117994 10.5941568844 18.1096489137 0.0 0.0 1.0 0.0 0.1 0.0 0.0 0.0 0.0 0.0 0.0 0.0
8.09169166455 12.7611861622 17.4977210917 0.0 0.0 1.0 0.0 0.1 0.0 0.0 0.0 0.0 0.0 0.0 0.0
10.1803855477 13.4543791359 12.2659584845 0.0 0.0 1.0 0.0 0.1 0.0 0.0 0.0 0.0 0.0 0.0 0.0
0.625890426754 19.5611607998 4.11968010335 0.0 0.0 1.0 0.0 0.1 0.0 0.0 0.0 0.0 0.0 0.0 0.0
19.8016977145 9.16519360019 17.4666990802 0.0 0.0 1.0 0.0 0.1 0.0 0.0 0.0 0.0 0.0 0.0 0.0
17.8246180907 12.7631720107 15.1378003128 0.0 0.0 1.0 0.0 0.1 0.0 0.0 0.0 0.0 0.0 0.0 0.0
15.4431994068 9.79623735824 4.89470056829 0.0 0.0 1.0 0.0 0.1 0.0 0.0 0.0 0.0 0.0 0.0 0.0
16.9906939309 6.05493401061 4.84738930405 0.0 0.0 1.0 0.0 0.1 0.0 0.0 0.0 0.0 0.0 0.0 0.0
15.9702377269 0.0656543683246 1.05483097625 0.0 0.0 1.0 0.0 0.1 0.0 0.0 0.0 0.0 0.0 0.0 0.0
5.15620154454 11.8913133437 1.06140738183 0.0 0.0 1.0 0.0 0.1 0.0 0.0 0.0 0.0 0.0 0.0 0.0
4.59799604583 10.1568720946 16.3692721235 0.0 0.0 1.0 0.0 0.1 0.0 0.0 0.0 0.0 0.0 0.0 0.0
11.6387689422 1.61740476822 11.0396445235 0.0 0.0 1.0 0.0 0.1 0.0 0.0 0.0 0.0 0.0 0.0 0.0
19.865866594 15.1782941339 3.71770241104 0.0 0.0 1.0 0.0 0.1 0.0 0.0 0.0 0.0 0.0 0.0 0.0
15.4810086151 1.79087571029 12.8871645076 0.0 0.0 1.0 0.0 0.1 0.0 0.0 0.0 0.0 0.0 0.0 0.0
9.95853657596 12.8589464715 9.07213969273 0.0 0.0 1.0 0.0 0.1 0.0 0.0 0.0 0.0 0.0 0.0 0.0
5.28396681373 4.89128702564 8.22405623469 0.0 0.0 1.0 0.0 0.1 0.0 0.0 0.0 0.0 0.0 0.0 0.0
15.8763151281 6.98305263177 1.94847185641 0.0 0.0 1.0 0.0 0.1 0.0 0.0 0.0 0.0 0.0 0.0 0.0
19.3169717845 4.76162490064 7.22128694123 0.0 0.0 1.0 0.0 0.1 0.0 0.0 0.0 0.0 0.0 0.0 0.0
1.27176230602 8.12374593258 0.0396362859908 0.0 0.0 1.0 0.0 0.1 0.0 0.0 0.0 0.0 0.0 0.0 0.0
15.7565034713 5.2758870243 6.54189175849 0.0 0.0 1.0 0.0 0.1 0.0 0.0 0.0 0.0 0.0 0.0 0.0
18.2028263542 10.467891763 3.73369112922 0.0 0.0 1.0 0.0 0.1 0.0 0.0 0.0 0.0 0.0 0.0 0.0
12.4143903005 16.4077534002 19.7827149327 0.0 0.0 1.0 0.0 0.1 0.0 0.0 0.0 0.0 0.0 0.0 0.0
19.4277161144 0.779594545799 19.2202363867 0.0 0.0 1.0 0.0 0.1 0.0 0.0 0.0 0.0 0.0 0.0 0.0
13.9864790456 8.33457254267 4.07310209976 0.0 0.0 1.0 0.0 0.1 0.0 0.0 0.0 0.0 0.0 0.0 0.0
8.07209862892 12.135023708 15.0778911752 0.0 0.0 1.0 0.0 0.1 0.0 0.0 0.0 0.0 0.0 0.0 0.0
16.9189402482 0.604301917331 10.0678231099 0.0 0.0 1.0 0.0 0.1 0.0 0.0 0.0 0.0 0.0 0.0 0.0
19.4013018263 9.14434599412 12.2294723029 0.0 0.0 1.0 0.0 0.1 0.0 0.0 0.0 0.0 0.0 0.0 0.0
17.792287428 17.5610657256 15.6727817702 0.0 0.0 1.0 0.0 0.1 0.0 0.0 0.0 0.0 0.0 0.0 0.0
2.5680841017 18.1953075648 18.6311124504 0.0 0.0 1.0 0.0 0.1 0.0 0.0 0.0 0.0 0.0 0.0 0.0
14.5144997575 9.40966181178 14.0493166833 0.0 0.0 1.0 0.0 0.1 0.0 0.0 0.0 0.0 0.0 0.0 0.0
15.2009290479 10.2780269708 15.2729354541 0.0 0.0 1.0 0.0 0.1 0.0 0.0 0.0 0.0 0.0 0.0 0.0
3.83780574692 15.7616097468 14.0624816058 0.0 0.0 1.0 0.0 0.1 0.0 0.0 0.0 0.0 0.0 0.0 0.0
3.03092319412 8.40848139604 16.4312765725 0.0 0.0 1.0 0.0 0.1 0.0 0.0 0.0 0.0 0.0 0.0 0.0
18.9565312061 17.4783146087 7.74972782092 0.0 0.0 1.0 0.0 0.1 0.0 0.0 0.0 0.0 0.0 0.0 0.0
0.351083760664 15.7469357103 6.11849504798 0.0 0.0 1.0 0.0 0.1 0.0 0.0 0.0 0.0 0.0 0.0 0.0
2.92712260572 13.9557804954 16.6444838665 0.0 0.0 1.0 0.0 0.1 0.0 0.0 0.0 0.0 0.0 0.0 0.0
3.58502200267 12.6268639336 0.651690934209 0.0 0.0 1.0 0.0 0.1 0.0 0.0 0.0 0.0 0.0 0.0 0.0
8.87445279769 10.2564894703 5.7696141825 0.0 0.0 1.0 0.0 0.1 0.0 0.0 0.0 0.0 0.0 0.0 0.0
3.50223612825 3.65503971743 7.55212751832 0.0 0.0 1.0 0.0 0.1 0.0 0.0 0.0 0.0 0.0 0.0 0.0
8.68909664848 17.4525810482 13.0136660142 0.0 0.0 1.0 0.0 0.1 0.0 0.0 0.0 0.0 0.0 0.0 0.0
18.1992847715 3.98473843217 8.65319946772 0.0 0.0 1.0 0.0 0.1 0.0 0.0 0.0 0.0 0.0 0.0 0.0
11.9979198828 6.16354312108 7.66061092814 0.0 0.0 1.0 0.0 0.1 0.0 0.0 0.0 0.0 0.0 0.0 0.0
12.7889345635 6.1044521093 19.8981328737 0.0 0.0 1.0 0.0 0.1 0.0 0.0 0.0 0.0 0.0 0.0 0.0
10.9766882856 16.7117673367 12.5132687775 0.0 0.0 1.0 0.0 0.1 0.0 0.0 0.0 0.0 0.0 0.0 0.0
18.198491826 6.83325658547 14.4172563365 0.0 0.0 1.0 0.0 0.1 0.0 0.0 0.0 0.0 0.0 0.0 0.0
10.2514137798 15.3508332216 1.40129919951 0.0 0.0 1.0 0.0 0.1 0.0 0.0 0.0 0.0 0.0 0.0 0.0
6.80333668216 4.82555755135 11.5589986782 0.0 0.0 1.0 0.0 0.1 0.0 0.0 0.0 0.0 0.0 0.0 0.0
14.8592516349 8.35863549348 16.6084108029 0.0 0.0 1.0 0.0 0.1 0.0 0.0 0.0 0.0 0.0 0.0 0.0
13.2642271669 16.8880478063 5.27861009368 0.0 0.0 1.0 0.0 0.1 0.0 0.0 0.0 0.0 0.0 0.0 0.0
8.25155795025 17.6799366904 7.46091145806 0.0 0.0 1.0 0.0 0.1 0.0 0.0 0.0 0.0 0.0 0.0 0.0
14.2120897074 9.70805817243 6.18860300889 0.0 0.0 1.0 0.0 0.1 0.0 0.0 0.0 0.0 0.0 0.0 0.0
8.85430421752 2.38637095911 15.6328827423 0.0 0.0 1.0 0.0 0.1 0.0 0.0 0.0 0.0 0.0 0.0 0.0
7.3971168152 5.64406855946 0.390407963291 0.0 0.0 1.0 0.0 0.1 0.0 0.0 0.0 0.0 0.0 0.0 0.0
4.3508359111 2.7652874362 16.1154191474 0.0 0.0 1.0 0.0 0.1 0.0 0.0 0.0 0.0 0.0 0.0 0.0
3.57254568049 11.1353499575 19.4559482467 0.0 0.0 1.0 0.0 0.1 0.0 0.0 0.0 0.0 0.0 0.0 0.0
0.88009030564 3.67674259727 3.36745814731 0.0 0.0 1.0 0.0 0.1 0.0 0.0 0.0 0.0 0.0 0.0 0.0
8.54744706764 5.94369953221 1.70848415624 0.0 0.0 1.0 0.0 0.1 0.0 0.0 0.0 0.0 0.0 0.0 0.0
14.9932507562 4.89139345614 14.356328387 0.0 0.0 1.0 0.0 0.1 0.0 0.0 0.0 0.0 0.0 0.0 0.0
9.52211142024 0.00281871180397 3.84135924982 0.0 0.0 1.0 0.0 0.1 0.0 0.0 0.0 0.0 0.0 0.0 0.0
5.91834994635 3.16613108277 19.535855055 0.0 0.0 1.0 0.0 0.1 0.0 0.0 0.0 0.0 0.0 0.0 0.0
18.9136345812 1.41207460085 6.28620799176 0.0 0.0 1.0 0.0 0.1 0.0 0.0 0.0 0.0 0.0 0.0 0.0
0.690494531131 2.67301690581 8.41850298659 0.0 0.0 1.0 0.0 0.1 0.0 0.0 0.0 0.0 0.0 0.0 0.0
0.0854364948719 2.03846445252 10.7528018926 0.0 0.0 1.0 0.0 0.1 0.0 0.0 0.0 0.0 0.0 0.0 0.0
8.53280250947 7.99598795456 18.4308418022 0.0 0.0 1.0 0.0 0.1 0.0 0.0 0.0 0.0 0.0 0.0 0.0
11.493364996 13.6695969368 18.206637709 0.0 0.0 1.0 0.0 0.1 0.0 0.0 0.0 0.0 0.0 0.0 0.0
10.0609477233 14.4116925243 6.36245879782 0.0 0.0 1.0 0.0 0.1 0.0 0.0 0.0 0.0 0.0 0.0 0.0
8.67524419546 6.9084721955 4.85097329245 0.0 0.0 1.0 0.0 0.1 0.0 0.0 0.0 0.0 0.0 0.0 0.0
13.2380428658 11.1345868859 3.82888648693 0.0 0.0 1.0 0.0 0.1 0.0 0.0 0.0 0.0 0.0 0.0 0.0
19.5221807025 19.1570483221 17.6323816421 0.0 0.0 1.0 0.0 0.1 0.0 0.0 0.0 0.0 0.0 0.0 0.0
2.07609329459 18.3679734141 14.5220551345 0.0 0.0 1.0 0.0 0.1 0.0 0.0 0.0 0.0 0.0 0.0 0.0
17.7913423779 16.8670761123 10.1272453803 0.0 0.0 1.0 0.0 0.1 0.0 0.0 0.0 0.0 0.0 0.0 0.0
2.40136175367 9.92125261276 14.2802229303 0.0 0.0 1.0 0.0 0.1 0.0 0.0 0.0 0.0 0.0 0.0 0.0
18.7404074791 14.0966795994 1.58485480724 0.0 0.0 1.0 0.0 0.1 0.0 0.0 0.0 0.0 0.0 0.0 0.0
17.4339471251 3.45597724719 4.33243417073 0.0 0.0 1.0 0.0 0.1 0.0 0.0 0.0 0.0 0.0 0.0 0.0
14.5757216202 6.52199848183 1.30777290217 0.0 0.0 1.0 0.0 0.1 0.0 0.0 0.0 0.0 0.0 0.0 0.0
1.74755240383 13.4439221209 4.66669342176 0.0 0.0 1.0 0.0 0.1 0.0 0.0 0.0 0.0 0.0 0.0 0.0
10.713352391 6.92266996136 19.9191118137 0.0 0.0 1.0 0.0 0.1 0.0 0.0 0.0 0.0 0.0 0.0 0.0
6.01702253814 13.3667471305 15.9753613151 0.0 0.0 1.0 0.0 0.1 0.0 0.0 0.0 0.0 0.0 0.0 0.0
14.2200354483 19.1271587393 10.170959732 0.0 0.0 1.0 0.0 0.1 0.0 0.0 0.0 0.0 0.0 0.0 0.0
16.218467209 7.56046960285 16.6451981351 0.0 0.0 1.0 0.0 0.1 0.0 0.0 0.0 0.0 0.0 0.0 0.0
17.7907628593 9.05600764179 2.42360903326 0.0 0.0 1.0 0.0 0.1 0.0 0.0 0.0 0.0 0.0 0.0 0.0
8.58237822306 12.3116259708 11.6977115662 0.0 0.0 1.0 0.0 0.1 0.0 0.0 0.0 0.0 0.0 0.0 0.0
18.3521623719 12.8213874172 17.6059960022 0.0 0.0 1.0 0.0 0.1 0.0 0.0 0.0 0.0 0.0 0.0 0.0
8.00364262409 14.1595651815 6.35575902407 0.0 0.0 1.0 0.0 0.1 0.0 0.0 0.0 0.0 0.0 0.0 0.0
5.88650120702 8.49923135649 16.9444386625 0.0 0.0 1.0 0.0 0.1 0.0 0.0 0.0 0.0 0.0 0.0 0.0
10.1587543597 10.342070403 17.2157266232 0.0 0.0 1.0 0.0 0.1 0.0 0.0 0.0 0.0 0.0 0.0 0.0
12.9932401245 9.78267073304 10.6784860866 0.0 0.0 1.0 0.0 0.1 0.0 0.0 0.0 0.0 0.0 0.0 0.0
16.5813472741 17.231895989 11.8843033234 0.0 0.0 1.0 0.0 0.1 0.0 0.0 0.0 0.0 0.0 0.0 0.0
0.46069662558 1.49335428423 19.0387989579 0.0 0.0 1.0 0.0 0.1 0.0 0.0 0.0 0.0 0.0 0.0 0.0
19.2788213963 3.95917479171 16.9072525758 0.0 0.0 1.0 0.0 0.1 0.0 0.0 0.0 0.0 0.0 0.0 0.0
0.00336031197128 8.7012601688 19.3673190533 0.0 0.0 1.0 0.0 0.1 0.0 0.0 0.0 0.0 0.0 0.0 0.0
17.8606801889 8.01646370752 5.69620502133 0.0 0.0 1.0 0.0 0.1 0.0 0.0 0.0 0.0 0.0 0.0 0.0
6.44481154138 5.57861150835 18.4873989848 0.0 0.0 1.0 0.0 0.1 0.0 0.0 0.0 0.0 0.0 0.0 0.0
10.3429317841 12.6316820507 0.618674698512 0.0 0.0 1.0 0.0 0.1 0.0 0.0 0.0 0.0 0.0 0.0 0.0
13.7289626962 7.36038767094 16.9817260936 0.0 0.0 1.0 0.0 0.1 0.0 0.0 0.0 0.0 0.0 0.0 0.0
16.5351205035 2.97682018255 12.7983138715 0.0 0.0 1.0 0.0 0.1 0.0 0.0 0.0 0.0 0.0 0.0 0.0
8.16354015128 13.717837009 18.9806002319 0.0 0.0 1.0 0.0 0.1 0.0 0.0 0.0 0.0 0.0 0.0 0.0
16.6646843797 15.6032684436 9.81959307039 0.0 0.0 1.0 0.0 0.1 0.0 0.0 0.0 0.0 0.0 0.0 0.0
9.63690647229 0.576711084015 16.2944427157 0.0 0.0 1.0 0.0 0.1 0.0 0.0 0.0 0.0 0.0 0.0 0.0
12.5696116881 9.0154891647 11.9318804773 0.0 0.0 1.0 0.0 0.1 0.0 0.0 0.0 0.0 0.0 0.0 0.0
6.34115308415 19.4429356498 6.39751688492 0.0 0.0 1.0 0.0 0.1 0.0 0.0 0.0 0.0 0.0 0.0 0.0
4.53315321015 13.8829899884 17.3306213669 0.0 0.0 1.0 0.0 0.1 0.0 0.0 0.0 0.0 0.0 0.0 0.0
11.0973419172 13.9552909796 15.2037953798 0.0 0.0 1.0 0.0 0.1 0.0 0.0 0.0 0.0 0.0 0.0 0.0
19.9382039901 16.9444420878 8.82436058984 0.0 0.0 1.0 0.0 0.1 0.0 0.0 0.0 0.0 0.0 0.0 0.0
6.0593830115 14.9255432523 4.63468576488 0.0 0.0 1.0 0.0 0.1 0.0 0.0 0.0 0.0 0.0 0.0 0.0
6.31742509759 6.83121678309 15.897112338 0.0 0.0 1.0 0.0 0.1 0.0 0.0 0.0 0.0 0.0 0.0 0.0
12.5901648054 13.0493235498 19.4482401155 0.0 0.0 1.0 0.0 0.1 0.0 0.0 0.0 0.0 0.0 0.0 0.0
3.57630306229 17.4667953074 5.55629454299 0.0 0.0 1.0 0.0 0.1 0.0 0.0 0.0 0.0 0.0 0.0 0.0
7.27026851131 5.59917855878 8.39198649619 0.0 0.0 1.0 0.0 0.1 0.0 0.0 0.0 0.0 0.0 0.0 0.0
7.28628155221 18.2023894597 9.80455765669 0.0 0.0 1.0 0.0 0.1 0.0 0.0 0.0 0.0 0.0 0.0 0.0
6.41828605362 0.54974763317 19.9370231652 0.0 0.0 1.0 0.0 0.1 0.0 0.0 0.0 0.0 0.0 0.0 0.0
18.7524855997 17.9386617623 0.211316781975 0.0 0.0 1.0 0.0 0.1 0.0 0.0 0.0 0.0 0.0 0.0 0.0
19.7326424915 16.2991349133 17.4338161704 0.0 0.0 1.0 0.0 0.1 0.0 0.0 0.0 0.0 0.0 0.0 0.0
19.2248745511 13.8039827103 7.51874105406 0.0 0.0 1.0 0.0 0.1 0.0 0.0 0.0 0.0 0.0 0.0 0.0
17.7716836023 10.7501203518 8.87142047831 0.0 0.0 1.0 0.0 0.1 0.0 0.0 0.0 0.0 0.0 0.0 0.0
2.79207580585 0.112112893058 13.6747765219 0.0 0.0 1.0 0.0 0.1 0.0 0.0 0.0 0.0 0.0 0.0 0.0
1.26441776425 16.22051828 9.51921692534 0.0 0.0 1.0 0.0 0.1 0.0 0.0 0.0 0.0 0.0 0.0 0.0
4.12146835754 5.48035643025 12.9422831024 0.0 0.0 1.0 0.0 0.1 0.0 0.0 0.0 0.0 0.0 0.0 0.0
18.1173628346 0.0124998441976 3.5800777851 0.0 0.0 1.0 0.0 0.1 0.0 0.0 0.0 0.0 0.0 0.0 0.0
19.7807794409 14.5027434854 15.4729744845 0.0 0.0 1.0 0.0 0.1 0.0 0.0 0.0 0.0 0.0 0.0 0.0
3.64819413793 1.96479062412 17.4458835346 0.0 0.0 1.0 0.0 0.1 0.0 0.0 0.0 0.0 0.0 0.0 0.0
8.46830883525 19.4262532504 10.6790599838 0.0 0.0 1.0 0.0 0.1 0.0 0.0 0.0 0.0 0.0 0.0 0.0
13.6070631382 14.7170478563 13.5967839517 0.0 0.0 1.0 0.0 0.1 0.0 0.0 0.0 0.0 0.0 0.0 0.0
8.20192794866 3.09412387801 0.325822615999 0.0 0.0 1.0 0.0 0.1 0.0 0.0 0.0 0.0 0.0 0.0 0.0
9.44381924618 17.0111976189 1.95006397942 0.0 0.0 1.0 0.0 0.1 0.0 0.0 0.0 0.0 0.0 0.0 0.0
19.820779191 17.4057152648 19.4745275735 0.0 0.0 1.0 0.0 0.1 0.0 0.0 0.0 0.0 0.0 0.0 0.0
17.2268280289 13.7998152776 0.110081705245 0.0 0.0 1.0 0.0 0.1 0.0 0.0 0.0 0.0 0.0 0.0 0.0
19.6818527335 12.453316873 11.5553546991 0.0 0.0 1.0 0.0 0.1 0.0 0.0 0.0 0.0 0.0 0.0 0.0
3.5706345552 16.7599338735 0.786163274923 0.0 0.0 1.0 0.0 0.1 0.0 0.0 0.0 0.0 0.0 0.0 0.0
10.9535396281 9.86331831319 6.70264966058 0.0 0.0 1.0 0.0 0.1 0.0 0.0 0.0 0.0 0.0 0.0 0.0
19.6441079088 9.49843011387 3.38427919878 0.0 0.0 1.0 0.0 0.1 0.0 0.0 0.0 0.0 0.0 0.0 0.0
16.3077328528 0.508184162253 18.6345850815 0.0 0.0 1.0 0.0 0.1 0.0 0.0 0.0 0.0 0.0 0.0 0.0
12.4077656926 3.86795587231 7.12379919383 0.0 0.0 1.0 0.0 0.1 0.0 0.0 0.0 0.0 0.0 0.0 0.0
10.007889702 15.2738291203 19.3923682875 0.0 0.0 1.0 0.0 0.1 0.0 0.0 0.0 0.0 0.0 0.0 0.0
18.0429674138 5.36365842586 15.2855676014 0.0 0.0 1.0 0.0 0.1 0.0 0.0 0.0 0.0 0.0 0.0 0.0
6.31390029882 6.36163836819 6.20932220705 0.0 0.0 1.0 0.0 0.1 0.0 0.0 0.0 0.0 0.0 0.0 0.0
16.6143318922 19.136394321 14.382393538 0.0 0.0 1.0 0.0 0.1 0.0 0.0 0.0 0.0 0.0 0.0 0.0
1.82024047195 5.9805522404 0.355962971881 0.0 0.0 1.0 0.0 0.1 0.0 0.0 0.0 0.0 0.0 0.0 0.0
12.0215388978 1.09750033366 19.3352612993 0.0 0.0 1.0 0.0 0.1 0.0 0.0 0.0 0.0 0.0 0.0 0.0
14.1195690355 3.62659834291 14.2053038161 0.0 0.0 1.0 0.0 0.1 0.0 0.0 0.0 0.0 0.0 0.0 0.0
0.608592968818 2.21946107777 1.88245234525 0.0 0.0 1.0 0.0 0.1 0.0 0.0 0.0 0.0 0.0 0.0 0.0
6.75817225291 2.68285059285 17.8404839401 0.0 0.0 1.0 0.0 0.1 0.0 0.0 0.0 0.0 0.0 0.0 0.0
15.1026017373 1.80405984013 4.40023871024 0.0 0.0 1.0 0.0 0.1 0.0 0.0 0.0 0.0 0.0 0.0 0.0
14.5155707992 1.65850698426 6.91114580754 0.0 0.0 1.0 0.0 0.1 0.0 0.0 0.0 0.0 0.0 0.0 0.0
2.31638284897 16.3012052479 18.8252804915 0.0 0.0 1.0 0.0 0.1 0.0 0.0 0.0 0.0 0.0 0.0 0.0
15.3506773976 8.06166622949 7.21011565874 0.0 0.0 1.0 0.0 0.1 0.0 0.0 0.0 0.0 0.0 0.0 0.0
2.86954040807 14.6472214869 1.48210073768 0.0 0.0 1.0 0.0 0.1 0.0 0.0 0.0 0.0 0.0 0.0 0.0
3.2776522461 19.856165539 3.97003706216 0.0 0.0 1.0 0.0 0.1 0.0 0.0 0.0 0.0 0.0 0.0 0.0
10.2039042638 11.4919616258 12.1537330761 0.0 0.0 1.0 0.0 0.1 0.0 0.0 0.0 0.0 0.0 0.0 0.0
11.2969889364 8.49132669497 17.1511881173 0.0 0.0 1.0 0.0 0.1 0.0 0.0 0.0 0.0 0.0 0.0 0.0
2.42502977359 12.2855147552 9.23968423021 0.0 0.0 1.0 0.0 0.1 0.0 0.0 0.0 0.0 0.0 0.0 0.0
14.6966594872 4.6157124151 12.7914046449 0.0 0.0 1.0 0.0 0.1 0.0 0.0 0.0 0.0 0.0 0.0 0.0
