t = 53956
b = 20 20 20
E = -0.0117993314492148 -0.0117993314492148 0
-0.592324754186638 0.0775193771092937 -1.54291701720564 -0.901293182323425 -0.112287772078946 -0.418404025401261 -0.0225331173689995 -0.952364950720596 0.304126761876455 0 0 0 0 0 0
-0.819959068850572 -0.22065024625747 -1.26229137905065 -0.315034330246774 -0.382604674063679 -0.868542920283746 0.197079063685896 -0.921566030309632 0.334478235202227 0 0 0 0 0 0
-1.0548006738005 -0.733073629657714 -1.27828998921138 0.302960178817123 -0.163144812077965 -0.938934912453862 0.0952415236908909 -0.975122291387561 0.200163543766524 0 0 0 0 0 0
-1.44504933180224 -1.06658667724189 -0.211867216584741 0.460782331161253 -0.865748368027603 0.195344366077479 -0.250467445562368 0.0843066467441292 0.964447217041225 0 0 0 0 0 0
-1.78493518540311 -0.396873569040164 0.534538076239197 -0.685939851138409 0.412504783082444 0.599438211137035 0.453691691125392 -0.401612447367528 0.795531994216343 0 0 0 0 0 0
-1.8615239011001 -1.40435377605956 0.768502314145243 -0.37367416699952 -0.111841283981115 -0.920792697658582 0.90938453721127 0.151381838220917 -0.387431618656336 0 0 0 0 0 0
-2.80638974329163 -1.33144942300749 1.38175919366336 -0.478972986207753 -0.849651663603326 0.220628193920596 -0.678631349844136 0.517821412371872 0.520884130689327 0 0 0 0 0 0
-3.21379581802288 -1.1250476290229 1.36305618343376 0.133870047016088 -0.480260903436781 0.866849464187081 -0.425628039017262 0.762071752741213 0.487941836225723 0 0 0 0 0 0
-3.6773931050564 -0.972251898875886 1.71986977539111 0.627731406720458 0.0761181580883757 0.774699406594159 -0.512633496322277 0.789355324369352 0.337823789707512 0 0 0 0 0 0
-4.18480129517706 -1.30742666281029 0.850114087479998 0.914758409058577 -0.323386134617048 -0.24215328378459 -0.239741768017656 -0.916960420034333 0.318915861344342 0 0 0 0 0 0
-4.04755564362399 -0.887611587608042 2.34391707734628 0.221025369689411 0.316548804554494 0.922466536630669 -0.454106688737875 -0.803666454152772 0.384587133124689 0 0 0 0 0 0
-5.10344817098999 -1.11448525174546 2.4423302125795 -0.34135912622876 -0.50035974783629 0.795684568844648 -0.625232607098893 -0.511209128963913 -0.589702686181583 0 0 0 0 0 0
-5.44375367441186 -1.07732483847638 1.76265707717336 0.169810357227057 -0.962733779084541 -0.210494220553348 0.10771155892104 0.230448493733912 -0.967104721534506 0 0 0 0 0 0
-6.16763833558589 -0.880438801618592 1.19012801233452 -0.322301357124007 0.927968299555107 -0.187073591439118 -0.378297843800219 -0.307412389274344 -0.873148444890645 0 0 0 0 0 0
-6.5668512764931 -0.943740456941519 0.978803985844079 0.440122099565838 0.657677278055338 -0.611353403443704 -0.533680231925483 -0.355951498136059 -0.76712697900229 0 0 0 0 0 0
-6.83606063315585 -0.958169790781678 0.525461646092928 0.927463362683287 0.0924672185442616 -0.362300123224948 -0.298533104019621 -0.400305335507127 -0.866391043281261 0 0 0 0 0 0
3.53712766367055 -1.23659858185505 12.655248487877 -0.268477407351739 -0.246572802885222 0.931193654755773 0.384478100303522 0.858917593217044 0.338285570465754 0 0 0 0 0 0
9.94752807901181 6.87074606695281 8.45674844048697 -0.270002970900901 0.893824475062234 0.358017010090403 0.308665323280192 0.432552892881339 -0.84712668247395 0 0 0 0 0 0
12.7826054075814 8.28139837986724 7.73991301369464 0.0248949691013584 0.853621122467128 0.520299132659502 -0.320129773052044 0.499860355541464 -0.8047710630608 0 0 0 0 0 0
3.73162428754015 -6.39761123594171 13.0777563403939 -0.279154982529339 -0.576110051254842 -0.768224983275598 -0.0226756274526125 0.803761244362334 -0.59451966812249 0 0 0 0 0 0
8.17291692011563 11.0699447630503 9.51831013902819 0.682476675745514 0.200223920376741 0.702947974136118 0.730046654544424 -0.140078690232457 -0.668886930550367 0 0 0 0 0 0
0.806946041417568 -3.9525219276191 5.15864179454816 0.115401161344751 -0.0278396308077227 0.992928702274174 0.347937452639124 0.937410871340398 -0.0141553130808533 0 0 0 0 0 0
11.6889741609337 4.20961012786795 20.6457232245727 -0.243939843961292 -0.041039440910143 0.968921564322629 -0.389152371530781 0.919279579146743 -0.059037857576698 0 0 0 0 0 0
1.86912630133132 7.18877127919778 18.3169692256662 -0.911552770263139 0.408808260137812 0.0441277031145102 0.240771515999188 0.617680419574696 -0.748665414340741 0 0 0 0 0 0
11.0720049190375 5.52472938052279 16.0403648484735 0.658485829698651 -0.116489802817954 0.743522979022092 0.160120803275789 0.987014034035156 0.0128305066138639 0 0 0 0 0 0
-0.874514199291325 18.566012387032 -2.89913684444928 0.103108106504106 -0.935451238084284 0.338082363702655 0.417984888121687 0.34917556854922 0.838668558463564 0 0 0 0 0 0
5.98629162278354 11.9441177250768 6.41304337422653 -0.945548114403585 -0.323626410229336 -0.0347073943978495 0.157277053690671 -0.547653818760394 0.821790204203028 0 0 0 0 0 0
8.73285076902773 5.07206955923281 5.54561623240822 0.178778915680374 0.861752411382839 -0.474785056737879 -0.141010211092661 -0.455136012800473 -0.879185552488473 0 0 0 0 0 0
10.5421764556892 8.20493356158209 13.9590934051893 0.884537569191906 0.0379072108962759 -0.464926029613466 -0.303825178337674 -0.70946648114456 -0.635883254956654 0 0 0 0 0 0
-0.299508002024711 15.0983281896676 3.62927483723374 0.581145564912485 0.635888098741852 -0.507854395722296 0.410377188206364 -0.767886390484684 -0.491874990003199 0 0 0 0 0 0
10.9021023985721 -1.66444366884559 13.1507270833968 -0.0652365753913831 -0.020590865173726 0.997657299048056 -0.30814090576305 0.951340583772109 -0.000514339012914736 0 0 0 0 0 0
10.548067426613 3.47753814164364 -4.71879641715851 0.213205373933704 0.42783805740799 0.878349570370805 -0.190996077119207 0.899926123941665 -0.39198653970105 0 0 0 0 0 0
21.4850735201025 -1.14046636687623 13.2612942617167 -0.504567049679662 0.659941013424326 0.556677540311301 0.863320697070845 0.378596660314649 0.333679248209027 0 0 0 0 0 0
4.26803341049261 1.8981166578774 -2.17046449307195 -0.929287505340495 0.00643872627929409 0.369300901728661 -0.154623764225908 0.901237472597207 -0.404799317117929 0 0 0 0 0 0
-3.99635783492408 1.25588749692487 9.59034657193458 -0.762187426472669 0.624926926645476 0.168927767481717 0.430538314377915 0.684218281808782 -0.588627249870706 0 0 0 0 0 0
18.2890688670528 -2.83584413857291 1.42888005404779 -0.690187934309416 0.0634402139336728 0.720843835972986 -0.528824800489959 0.635750235205198 -0.562286313007721 0 0 0 0 0 0
-6.95180007263963 9.25832065838063 2.35821089236873 0.623818434008676 -0.395862557661276 0.673901547931532 -0.780098723956854 -0.262500422395171 0.567925521638409 0 0 0 0 0 0
-0.206717573149258 21.8218767447637 18.9449503223501 -0.679086725228469 -0.0515205356101917 0.732247727982845 -0.170377856656166 0.981354848788684 -0.0889609033018041 0 0 0 0 0 0
7.6808214404321 7.94453141845203 1.12773950146096 -0.99267824963531 -0.113903956799748 -0.040195318927539 -0.0464721825212636 0.0529971560880135 0.997512665996691 0 0 0 0 0 0
10.6714638416241 15.561734829951 -0.47709475494101 -0.509552225504173 -0.0339255679625434 -0.859770589314426 0.795932091709243 -0.398184318884688 -0.456005760131508 0 0 0 0 0 0
7.49313474078985 22.5309275044539 10.6321894432305 -0.975476571631676 0.219591821130538 -0.0149925591325285 0.03657056553649 0.0945316951204199 -0.994849855108806 0 0 0 0 0 0
8.10630178303378 0.176669182501113 15.9274420975467 0.11763749214806 0.101443966704332 0.987861540944826 -0.709015787457214 0.705090019721593 0.0120256925489638 0 0 0 0 0 0
-2.74827706347992 5.45504428703485 22.5853754890439 -0.580291841221481 -0.713564058411148 -0.392540004387507 -0.24841739327124 0.61411127457857 -0.749103508805192 0 0 0 0 0 0
2.5087052957361 5.7679409819267 11.3220496435292 -0.0340253799785616 -0.999341231677502 -0.0126244219511379 0.784500270339106 -0.0345322874851348 0.619166155318401 0 0 0 0 0 0
18.312520008552 20.1537509012734 15.3530712248339 -0.486611662816995 -0.644434835343618 0.589841303151958 0.0436964324200618 0.656371274404612 0.753171497123373 0 0 0 0 0 0
8.57814524333637 8.35894915704792 7.5084854832949 0.305000321489952 0.893065697787204 0.330769465330328 -0.069523506313785 0.36727122084747 -0.927511848591533 0 0 0 0 0 0
3.64923398769097 9.34875936491228 1.39665707218076 -0.99672305413928 0.0599812913174753 -0.0542704271104623 0.0343028361879404 0.921038499222517 0.387957962022641 0 0 0 0 0 0
4.79794507933498 6.21392088676126 15.9708138782665 -0.344470841101133 0.659826662003503 0.6678087663631 -0.188797034925196 0.648122847493125 -0.737761740013006 0 0 0 0 0 0
6.15575971040155 13.7430789778405 18.6868106604839 -0.225547297685087 0.275967224571476 0.934328848606703 0.310514179480538 0.929387405363304 -0.199549439619934 0 0 0 0 0 0
0.251112093741486 17.6460884021879 8.04931863336173 0.965803737331471 -0.145895388873559 -0.214330491974752 0.255591426686263 0.67457789695324 0.692544308029567 0 0 0 0 0 0
3.89368852099107 16.9854175688563 17.6154724641288 0.999141033461054 -0.017632994899343 -0.0374987142852078 0.0347401428672194 0.849730323018517 0.526071732258255 0 0 0 0 0 0
10.2262458261683 14.5478194763538 14.7881478317252 0.00198899300630594 0.942818943153221 -0.333299371579099 0.0581247885937459 0.332627546910592 0.941265275024706 0 0 0 0 0 0
13.9244093221429 21.1461856916393 2.4780460785461 -0.6784798037147 0.703122331041104 0.212800571587811 0.726923666125597 0.600769217198405 0.332653355776694 0 0 0 0 0 0
7.70368471821856 5.70153143289767 8.48361061571671 -0.984252838164197 0.139466582413203 -0.108606197176552 -0.0713791691543914 0.248504819811973 0.965997027373014 0 0 0 0 0 0
22.7977040699668 15.0078580339401 3.00077149989984 0.82168573192409 -0.0604527972181851 0.56672559364055 0.565990070819547 -0.0303248246287022 -0.82385406817303 0 0 0 0 0 0
-3.33097580114751 13.3137727788943 20.4790743803584 -0.18099446652779 0.855939756115252 0.484363608371877 -0.830473334489997 0.130807524373134 -0.541482515967865 0 0 0 0 0 0
19.3991785373784 11.2999416220417 10.710994673212 -0.659609798866365 0.731780004436042 -0.171501845397048 0.0577198846015727 -0.178187494799458 -0.982302151170593 0 0 0 0 0 0
5.73743055927861 7.38456340327012 7.95337246067168 -0.978251799447636 0.138077883020802 -0.15478306807094 -0.0998478205263316 -0.967558364260289 -0.232080194925974 0 0 0 0 0 0
12.5088934099351 5.71107981102769 7.13964901209671 0.828856547057209 -0.542850827390502 -0.135313412202926 -0.0460282810787117 0.174876378922422 -0.983513870706596 0 0 0 0 0 0
-3.65057554584323 3.32753477518254 6.6320351325319 0.192376018957922 -0.970073968773742 0.148148423580235 0.980963114347242 0.186023569011193 -0.0557358500286349 0 0 0 0 0 0
23.291163013715 -0.133460612582864 3.7226227140665 -0.716917532052033 0.468099462442577 0.516635318584495 0.0345058814839466 0.763976287365828 -0.644320981230728 0 0 0 0 0 0
8.66350607863349 8.29010952351258 10.1838075986411 -0.314926723405576 0.724684189586939 0.61290613281584 0.420919058374852 -0.472147989200437 0.774534266482836 0 0 0 0 0 0
9.82042331934187 10.781645510276 13.5239478834484 -0.213305409947872 0.659201656887014 0.721078296883993 -0.914049804339031 0.125965782894921 -0.385545664493458 0 0 0 0 0 0
10.2316310100961 23.4905457578698 2.90570358896436 -0.861700722825748 -0.421138020367283 -0.283045109507401 0.183816964693119 -0.779009125827093 0.599463141904995 0 0 0 0 0 0
13.7662580360124 4.33337416644158 3.29100325383508 -0.145151836852588 -0.166799558124542 0.975248038078083 -0.989119507808235 0.0483194451574184 -0.138952191641269 0 0 0 0 0 0
5.76957349711363 19.7126163139395 9.95999104723562 -0.354899965313849 -0.5201727564214 0.776830889668737 -0.497464628198316 0.808594363437398 0.314172019507608 0 0 0 0 0 0
2.35489635203226 5.30506850264639 21.2986186857107 0.138309762098437 -0.978501474862314 0.152987804513888 0.17435843666171 0.176116997069161 0.968804326681338 0 0 0 0 0 0
-1.80974788509993 6.35903744107313 10.2243896685847 0.474056220973728 -0.223441308878077 0.851671631314159 0.270647637939808 -0.883458265107784 -0.38242819420607 0 0 0 0 0 0
-7.48177147778499 6.86367050769729 5.45400581418014 0.856370697980437 -0.137894012483125 0.497608633384962 -0.371048097616719 0.505850678224376 0.77874149233845 0 0 0 0 0 0
1.70706206780144 9.22233117520905 2.36023329709667 -0.632495362375369 0.242267495074876 0.735701002576002 0.760954524609241 0.0170850473069759 0.64858013649876 0 0 0 0 0 0
21.9437773130733 19.1203346243384 17.2452415458894 0.293679586207021 0.953629987430934 -0.065894892962915 0.673374547469338 -0.255314272480319 -0.693816423594683 0 0 0 0 0 0
11.0745497132847 9.71628923477972 1.25162774062279 0.176347423667474 -0.671584033812753 0.719636301370861 -0.967163094073378 -0.254156261077983 -0.000181406607285163 0 0 0 0 0 0
21.3491950560924 12.3280857446008 17.2757041192927 0.17826677092101 0.486059402299684 0.855550772763265 0.591173984100954 0.642156304146211 -0.488004642924534 0 0 0 0 0 0
12.1313549338954 18.0217308950002 3.3170668064397 0.0851829281673223 0.984840560605497 0.151105709184601 0.970814832008155 -0.116162897602137 0.209820460329669 0 0 0 0 0 0
2.47819649781973 18.2262374634355 15.0632779436364 0.00452149988450446 0.244043992740678 0.969753563301775 -0.769289604089489 -0.618724023673088 0.159292228297408 0 0 0 0 0 0
6.09941421419783 8.81391749582563 16.0558292820249 -0.0177386293663912 -0.880275502494794 -0.474131156854233 0.519567187108071 -0.413267414962062 0.747836802358409 0 0 0 0 0 0
8.32314553772926 15.1413156914081 13.7618143089956 0.0601702928081181 -0.67690676605133 0.733605276255593 -0.992618018997337 0.0369561952827974 0.115514453405419 0 0 0 0 0 0
1.13087163904831 6.52610389448555 6.39732880529212 0.950962831953084 0.186091198487319 -0.247062022594021 -0.103443236720493 0.944115725774933 0.312961627311905 0 0 0 0 0 0
13.0002781669708 5.72839568061053 -0.925313211018044 -0.448246115984828 0.341226082856367 -0.826220354720148 0.418612205527297 0.89679376931309 0.143264557264717 0 0 0 0 0 0
20.6215906291377 10.6079929228789 12.4308769603341 0.493675324223285 -0.77194910500101 0.400473726191044 0.83545075275176 0.548847926189914 0.0280697407209689 0 0 0 0 0 0
18.8644748724593 7.86641778536168 14.9099877176588 -0.961433501645461 -0.126493256486982 -0.244223178005689 -0.109135716010518 -0.639608432423188 0.760914172704864 0 0 0 0 0 0
1.39660514677122 7.55681888017716 3.81196098526979 0.971607057004108 -0.235747533032496 -0.0200677568478857 0.146512267118356 0.53289141239626 0.833403151434598 0 0 0 0 0 0
24.7291657675053 4.7922274939768 14.2444558627473 -0.875131990510613 -0.476160859362932 -0.086108902063743 -0.329500510629724 0.456088030943069 0.826687986554426 0 0 0 0 0 0
8.80152614417293 21.9369933149714 -0.717481137442997 -0.589212691295524 0.187596607241236 0.78589808649331 0.807914806667037 0.148948125988191 0.570164892262063 0 0 0 0 0 0
-0.741536330722421 7.61535598010293 19.75649436424 -0.11341464759747 -0.941966745342983 0.315967965059034 0.411429883988608 -0.333998431924474 -0.848039145394953 0 0 0 0 0 0
15.5965140531409 27.5338309741367 19.9930159775049 -0.226245281928925 0.973425663666674 -0.0354336488154234 -0.0401456030569654 -0.0456643469894017 -0.998149777843245 0 0 0 0 0 0
16.3784446994004 1.97234368164066 15.9416815962843 0.869060642500136 -0.373058670199503 0.32490110130257 0.284919832113091 -0.159446604713222 -0.945196991814649 0 0 0 0 0 0
5.13608841156587 0.879739233133787 3.68114832053495 0.781083372943061 0.122615291574635 -0.612269660661812 0.223001747757513 -0.970645015640134 0.0901025372229466 0 0 0 0 0 0
13.3312197788699 -0.20563326461366 14.235501044275 0.806203801634535 0.591582469843031 -0.00809531437363419 -0.559618553221805 0.758060629465972 -0.334919551890628 0 0 0 0 0 0
1.11063429192066 2.20224289997192 16.961795507563 0.996889826160961 -0.0705158032768081 -0.0351863236000127 0.0685208672707238 0.996132367984437 -0.0550017752609354 0 0 0 0 0 0
7.01421095164994 12.7529683511917 4.05935951412684 -0.280254288112275 0.0968029503786792 0.955032253225236 -0.68920036451816 0.672231607846271 -0.270383907844581 0 0 0 0 0 0
10.7025168802741 7.23690004137946 1.19034074211566 -0.119954729515953 -0.853091566468039 0.507785003357675 -0.985380344379884 0.0399794123020979 -0.165611305420311 0 0 0 0 0 0
7.81456047759381 10.0542604339692 11.886704474255 -0.0779983635938109 0.90239975326838 0.4237816872444 0.166612991859737 0.430897476322996 -0.886886339260359 0 0 0 0 0 0
10.6977335946444 17.7993102600318 15.2743087341347 -0.528723810604558 -0.458031267320302 0.714603663618298 0.786930971956038 0.0510044016286173 0.614929327233353 0 0 0 0 0 0
16.5551636538115 16.6648338827303 7.38329355207493 0.84936701226104 -0.313828940991822 0.424366547703942 0.505491751538754 0.714977378216417 -0.482996252050348 0 0 0 0 0 0
8.86423319454361 9.48972084060223 2.06332193902434 -0.345629779424668 0.0387364368451055 0.937571023978979 -0.207457099877317 0.97126951519812 -0.116606491267907 0 0 0 0 0 0
19.8576763304211 15.8730109672272 20.6857447653995 0.766325292603935 0.565613584719316 -0.304674806350087 0.154183122202454 -0.62229257795902 -0.767449958759071 0 0 0 0 0 0
17.3711860791861 15.2052447191481 5.55488050795122 -0.907151811242096 0.350049797946621 -0.233539345112793 0.400953665147873 0.550585655513744 -0.732182703480047 0 0 0 0 0 0
20.1921078040559 11.1835032700828 20.9037957730504 0.137365971463911 0.0379802827045071 0.989791881645901 0.470744227042521 0.87670086608381 -0.0989718976757202 0 0 0 0 0 0
2.24749129751144 5.17244060647975 -3.99971756073089 -0.396397166199388 -0.868935090865581 0.296346191625595 -0.774180273812492 0.489873983061496 0.400834496715568 0 0 0 0 0 0
-7.50453937419947 13.2640417395317 -0.333264843659206 0.117159995234405 -0.992982459654788 0.0161049268041977 -0.256108362744006 -0.0145416691072755 0.966538632030853 0 0 0 0 0 0
1.0226655051818 5.85216458557181 13.7542753448488 -0.556292168174058 -0.0426181375171876 0.829893125040804 -0.606818378140487 0.703127141287897 -0.370652962839348 0 0 0 0 0 0
3.80411172795995 11.9615032007455 14.467285071335 0.508660315936667 0.0611267892939676 0.85879455043565 -0.828804839748309 -0.235322644183516 0.507647198491647 0 0 0 0 0 0
12.7684272655775 7.65283596233824 17.0601729510688 -0.438148782373478 -0.894896350537881 -0.084771118648022 0.418380780497836 -0.286488795664909 0.861905785479725 0 0 0 0 0 0
16.2870590964147 8.13949902605616 13.981230472905 -0.360539743112735 -0.927341215786158 -0.100246428597669 0.453896267610303 -0.26832252115851 0.849694705327737 0 0 0 0 0 0
7.30790477274068 7.23612045158744 17.273116740904 -0.217137621113206 0.500714134623172 0.837935868407662 0.714580140599466 0.666337171874642 -0.213002182522167 0 0 0 0 0 0
9.32231459294828 -7.77195735091139 14.8710140522666 0.940210277227589 0.158626984260926 0.301400063454241 -0.0429630762174579 0.933091334217299 -0.357064028812648 0 0 0 0 0 0
5.88018187792758 11.1834495243836 12.7403894498656 0.863674979445503 0.334973485942169 0.376640661323787 0.186867640585606 0.481193123361652 -0.856465744396512 0 0 0 0 0 0
0.0875122822801656 23.5004657900534 13.0589636626726 0.680819985809668 0.288131962324407 -0.673397364040499 0.732149204008509 -0.294087549120909 0.614385829607572 0 0 0 0 0 0
11.0787084655171 11.8715916377594 -3.68827972243365 0.335228630018655 0.683631752428474 0.64828182852124 -0.724677062821048 0.626815230739811 -0.28626167882096 0 0 0 0 0 0
3.34156060047292 15.2447580248147 7.19273628746242 -0.501825011141933 -0.823292255415255 0.265257388130173 0.132514794526534 0.229870528195443 0.964157277931627 0 0 0 0 0 0
11.9227207747043 21.404676079874 18.1895547415718 0.355194143510285 -0.409583574820683 0.840284663933729 0.914246083201669 0.339638303722772 -0.220906805093754 0 0 0 0 0 0
9.46784614809149 11.5645747815215 22.2453289880314 0.397207471558362 0.8583156328453 -0.324839141059807 -0.762783197907657 0.111959936202086 -0.63688825390362 0 0 0 0 0 0
15.9391060056125 -0.12809908478153 -1.99597016807907 -0.111986480347913 0.428557853663078 0.896547319982553 -0.51586318118746 0.746054043983582 -0.421056396333214 0 0 0 0 0 0
7.67658269821855 -9.17060661699999 5.07284340140249 0.982867956934059 0.184310184202135 -0.000469118239372545 -0.175501530152735 0.935110759582918 -0.307842598185255 0 0 0 0 0 0
2.1272442410972 3.54708829775053 5.27525830206333 0.716554330894632 -0.402836239115085 0.569449519683177 0.697316250712619 0.393429422736186 -0.599135406281661 0 0 0 0 0 0
5.82075914490521 18.8886119043666 6.82914428173245 0.96511046196484 -0.076590212081136 -0.250390928568455 0.0623276001995027 -0.861581086188471 0.503778990687442 0 0 0 0 0 0
10.3561999561461 8.09216258946446 17.7347210428987 0.187986059824777 0.783200591074171 -0.592670253485607 0.818088721412907 0.209056084013208 0.535748339833853 0 0 0 0 0 0
12.7014454414499 -5.06408331880608 5.40752120788506 -0.820724056806872 -0.408179652007195 0.399751541482963 0.318851749391428 0.253346375096434 0.913317614292875 0 0 0 0 0 0
-2.88925933394172 18.5285204770783 8.54903022598579 0.0541710738724753 0.168402100130944 -0.98422868866864 0.153509683064108 0.972553858612014 0.174853546862982 0 0 0 0 0 0
1.31022080783241 22.9011937076423 2.49081271073784 -0.356194914074275 0.0724641378915585 0.931597559745588 0.750061634215109 -0.572400071960751 0.331308953012969 0 0 0 0 0 0
-2.0064457485969 15.7336249603079 13.8308079477094 -0.0114482982479371 0.276863692000082 0.960840945447175 0.359554798670321 0.89777360089104 -0.254406928304572 0 0 0 0 0 0
-0.293739789846567 3.6175732789966 -0.0485088915372125 0.679824517082679 0.715294135210973 0.161842107900642 0.733368852976136 -0.663942919215207 -0.146115908952544 0 0 0 0 0 0
11.6274408227099 11.2107736167353 22.9484118804092 0.980224420538845 -0.190576684418893 0.0532963212195264 0.0231345743621606 0.377838551942009 0.925582366915401 0 0 0 0 0 0
7.61644757540017 5.69786917276157 15.1667512608823 0.307255925353301 -0.916196181540304 0.257251499748936 0.518220512895314 0.387820145928271 0.762261722210304 0 0 0 0 0 0
10.7240692986288 11.1827169692671 8.76740618511178 -0.340052102381226 0.000351338976218515 -0.940406467979546 -0.638633542033475 -0.734128584695972 0.23065637897097 0 0 0 0 0 0
-4.7659780054312 12.2658827336265 -2.04033539753279 -0.597507065448107 -0.316450428676087 0.73677969954305 0.0673490806511668 0.895782358114524 0.439360950328504 0 0 0 0 0 0
15.2261150573082 12.8081342475982 9.7966622975633 -0.0122287717765684 -0.684387086221962 0.729016261807709 0.984822734426569 0.117991153172296 0.127287674108662 0 0 0 0 0 0
24.7423970274267 17.5389631112605 1.72948590369246 -0.632383261470505 0.117040578143875 0.765762885039075 0.76911928529835 0.21283426545286 0.602625079649025 0 0 0 0 0 0
11.1067829385178 10.5243095314624 -1.18076019261811 0.456242170642995 -0.711382598895195 0.53458191218416 -0.845884257222981 -0.160203254523607 0.508738267159642 0 0 0 0 0 0
6.79016641053651 18.8528513224619 3.5507840034081 0.494071352963757 0.174715708875761 0.851685272669582 -0.207968885085947 0.97491157512276 -0.0793495911851916 0 0 0 0 0 0
3.17954147499239 24.450116170875 -1.89612849342076 0.129144135502941 -0.00697445701689632 0.991601245466663 -0.572386816153848 0.816043763805904 0.0802861658207218 0 0 0 0 0 0
16.7273603513796 3.85923354639493 10.2584473372214 -0.637717900854473 0.748235991471565 -0.182917269625393 0.604268995995891 0.338706388494271 -0.721205142340186 0 0 0 0 0 0
10.2831810635691 7.53910037994155 5.84204908447323 0.595561394708534 0.781854975495133 -0.18441631188522 0.76187299659239 -0.476975709317122 0.438227814836395 0 0 0 0 0 0
-1.77539803868596 14.5128947935232 -0.419972198455472 -0.688393375657148 0.16014633452572 0.707437344036485 0.536397422519395 -0.544130455731201 0.645135465112767 0 0 0 0 0 0
21.0594419798897 14.4726241719419 6.50600730084949 0.00346268924025169 -0.939185720350527 0.343392164171702 0.854617554387397 -0.175527929469936 -0.488690767431171 0 0 0 0 0 0
7.27332958053978 0.802127379039751 5.29912357679438 -0.238062195409109 0.847261605014155 -0.474841163075823 0.341679073530562 -0.384588195445746 -0.857523894161449 0 0 0 0 0 0
8.01827240686735 1.90131317908709 7.72965474613848 -0.922715515776299 0.366671211289945 0.118946191931366 0.310815710389244 0.525169729375287 0.792205947460724 0 0 0 0 0 0
14.7521791132785 0.328638563578606 16.1759694246217 -0.425982424564743 0.14000720220402 -0.893832669139139 -0.814910677847589 0.369788610021668 0.446292357227918 0 0 0 0 0 0
6.87530857700225 13.2240439059087 16.7466462676892 0.86484105458957 -0.0788630780290843 0.4958129150721 0.311806335452317 -0.689649737072319 -0.653574775229676 0 0 0 0 0 0
10.7067912572564 8.76370556267957 7.56246039037108 0.166145531379632 -0.90066756730308 -0.401489194256176 0.90396715015118 -0.023567450138559 0.426951809456827 0 0 0 0 0 0
16.3648511345549 18.347985030197 11.7775519860356 -0.538751113080209 0.234333095675774 0.809218836757142 0.799528114362115 0.444952244184992 0.403450367618336 0 0 0 0 0 0
1.2906871970511 0.232918167739324 21.3319498172674 0.537563413475571 0.8412401986379 -0.0577967978481951 -0.153739048917925 0.0303858804597259 -0.987644107969703 0 0 0 0 0 0
0.353670453077445 20.6537961107914 14.2684052683654 0.818948417531495 -0.228672746575082 0.526338438099273 0.239425033909067 0.969689644149447 0.0487610505416122 0 0 0 0 0 0
5.57451024640426 19.6281220225495 17.4273340556445 0.539042340142813 0.384738624113475 0.749272610659938 -0.815687473976397 0.460212630968371 0.350511319551742 0 0 0 0 0 0
-2.37906527916691 15.9693052490546 11.2874535477494 -0.349527625680142 -0.48074458924178 0.804185915782519 -0.926685697066122 0.303940538226787 -0.221073878779772 0 0 0 0 0 0
11.9006330945128 16.166161011323 7.38013367528622 -0.405612249775704 0.838639768927015 0.363540926772401 -0.183393143146528 -0.464307791726664 0.86647858373927 0 0 0 0 0 0
14.7672937545299 17.7893791891328 15.4818825892077 0.435022315739805 0.737779696363165 0.516175018885296 -0.0863427913420572 0.604798999497118 -0.79168365966833 0 0 0 0 0 0
8.4586265868334 3.6576799729104 8.79662753381087 -0.129367427090852 0.0395445975215136 0.990807839387578 -0.733030003133719 0.669090183696021 -0.122414356780306 0 0 0 0 0 0
2.33887761524881 3.88774240425297 12.9214757730179 0.265711689276593 0.89771408103611 0.351435205623489 0.384576594880433 0.235575082994917 -0.89252737232446 0 0 0 0 0 0
15.2387192920707 10.8226929245231 23.5870318724616 -0.0730034435878954 -0.49650696151413 0.864957365753014 0.67617454055117 0.612870933317188 0.408873006411938 0 0 0 0 0 0
10.5257182824451 16.3762961142396 4.64269984264051 0.360872757669893 -0.616601294232003 0.699695378601926 -0.892995464040818 -0.012103208279025 0.449902761005156 0 0 0 0 0 0
11.6850354349746 4.28036652751015 13.432370162628 -0.609464308059426 -0.64560938553442 0.460154005730721 0.544309328286161 0.0812621105195029 0.834939342774371 0 0 0 0 0 0
12.2843225056563 20.5749386674588 20.592304841605 0.890580477371062 0.333904063548702 0.308827433614295 0.0838112997598363 0.546896309296504 -0.832994603437573 0 0 0 0 0 0
2.03907144250884 18.1597201915538 10.039141059504 -0.846038970814257 -0.184957909022599 0.50000851654981 -0.250845849264188 0.965689942524769 -0.0672256407452982 0 0 0 0 0 0
5.91415240856672 15.851449762544 19.1515269726744 -0.710066601454933 0.620225480161658 -0.333355218805091 0.6545905193131 0.406998717651618 -0.637073933223481 0 0 0 0 0 0
15.3004531149676 9.91551201293949 -7.11511902672062 0.780623168892373 -0.564693614348614 0.267859121379788 -0.464205911440085 -0.810814594560303 -0.356500384562777 0 0 0 0 0 0
-4.87860220647824 15.6885643733094 11.8714846126024 0.911690078142118 -0.317777735350486 0.260458067952446 0.00792293727706797 0.647384167431754 0.762122626337579 0 0 0 0 0 0
20.4607332381695 8.61531277169182 13.2710939842184 0.190277039529714 0.947501214263882 -0.256974872328305 0.204288808445017 -0.294241432891716 -0.933642304646465 0 0 0 0 0 0
8.35096495165327 16.3790174919089 23.4201064568887 -0.10504989501954 0.759439640580969 0.642040420390435 -0.096291769362058 0.634811255570869 -0.766643655021004 0 0 0 0 0 0
2.27954817407669 0.837655659064597 7.19585997632298 -0.0593603727490965 -0.968747750619597 0.24084047517365 0.205618389999114 0.224226247645388 0.952598317416781 0 0 0 0 0 0
17.7303181373764 9.51240229466044 12.1460658809988 -0.0122051851690213 -0.261809179412561 0.965042421861404 -0.260560345817917 0.932604631398827 0.249713620281052 0 0 0 0 0 0
4.64949949990266 13.9934671016693 0.753079071907804 -0.450920750434702 0.842335365794985 0.295197516472588 0.86165103844438 0.324520199278369 0.390184599328441 0 0 0 0 0 0
10.9400456481011 2.35690115098668 -0.207812057978626 -0.318332146192056 -0.560011748810806 0.764886530193166 -0.868545738091582 -0.151016948257637 -0.472040322103229 0 0 0 0 0 0
6.14921233640871 4.48009339582414 9.08680840464708 -0.717118711835892 0.0478016410728401 -0.695309741991791 -0.551471553078373 0.571117766545707 0.60803251767898 0 0 0 0 0 0
9.15513448583605 3.05348142552928 13.1369979208245 -0.0474520148275497 -0.737126749033926 0.67408635033745 0.725229582664641 0.43863013852814 0.530702890258759 0 0 0 0 0 0
4.34723441280077 0.534575456957983 6.84577359369401 0.216505013983812 -0.720195383630591 0.659123759956663 0.968785547253616 0.241989644903204 -0.0538095062570217 0 0 0 0 0 0
-0.783013051683049 14.0669914932152 -3.91708442217784 -0.248184164802665 -0.745356317463721 0.618747547369903 -0.424362242742836 -0.490528963814811 -0.761116240838241 0 0 0 0 0 0
8.42814336632012 23.9516869024108 16.1919476775221 0.109403591645086 0.845733781376554 0.52226927080836 0.84501062251789 0.197554670184221 -0.496919596678908 0 0 0 0 0 0
14.7251195847804 11.9163152472991 1.19825855949756 0.0426305249014193 -0.285808166382666 0.957338091221742 0.319321075636331 0.911847596256099 0.258007735863899 0 0 0 0 0 0
14.0647775226312 7.55149193132424 11.3600639119633 0.0596951359713723 0.856408375940021 0.512836379934336 0.998084425292524 -0.0595680233745918 -0.0167036461123462 0 0 0 0 0 0
1.77195012880622 2.13794094980843 20.1485650449484 0.345250862988731 -0.578449900499549 0.73905174033775 0.747487141240292 -0.306693837797525 -0.58923828417807 0 0 0 0 0 0
22.5589245505596 14.52323725254 15.2935055091457 -0.375803999138528 -0.594484133156733 0.710886694612444 0.358438676091582 -0.800658313086724 -0.480070763926638 0 0 0 0 0 0
3.736000596094 18.1902360158254 7.64903315258362 -0.0256963113926544 -0.857420083782278 0.513975162763064 0.10755835227964 0.508788969062746 0.854145712080165 0 0 0 0 0 0
6.18452611785603 7.33286044671489 11.2752586822592 -0.500488260609147 -0.480216827836025 0.720349364917392 -0.755629505981197 0.648399303323065 -0.0927487145445254 0 0 0 0 0 0
16.1186326750645 6.06526827489464 18.2114444584374 0.283795854777568 -0.90517425752791 0.316416584242305 0.130492837536082 0.363372002444095 0.922459919846148 0 0 0 0 0 0
10.9640941465193 15.6792943130419 -3.46554467161478 0.447698168361006 0.464414554197226 0.764123928690809 0.882955917131105 -0.364602746392153 -0.295725518622086 0 0 0 0 0 0
20.08639906477 25.2069831598203 9.48061196583211 0.773492849047999 -0.0132930900838038 -0.633665516687963 0.029032509935078 0.999473700123365 0.0144719039223096 0 0 0 0 0 0
7.61678884118058 2.8177856806459 4.57025288592297 -0.855441135621312 -0.407307836509946 0.319876054702444 -0.163415852229116 0.798370779154104 0.579568214283116 0 0 0 0 0 0
-1.58112239683751 18.2484721207478 4.87165366413149 -0.374177582961713 0.333555320700083 0.865292943745312 -0.0532783865990908 0.923800876249093 -0.379148172997937 0 0 0 0 0 0
17.3081284023792 3.02970113327825 22.5708673828013 0.803936788860182 0.550181230335856 -0.225801173997381 -0.594359112828436 0.730164968644745 -0.337040513748526 0 0 0 0 0 0
-2.24695787170491 -8.19474540073821 18.9414056295071 0.0735476121562712 0.315274904380715 0.946146064861949 0.976413005962887 0.170346633229323 -0.132663297802652 0 0 0 0 0 0
-4.90544026743367 15.1051176039827 8.66335108219556 0.157517379294002 -0.266989287668451 0.950739125511824 0.0795693467974109 0.963059134629534 0.257266036647156 0 0 0 0 0 0
15.7418303550131 16.422469820021 17.0286620859392 -0.407781702855012 0.610043423359811 -0.679382829917653 0.439417035987631 0.783342589581491 0.439644185418398 0 0 0 0 0 0
9.30655192535984 17.4520105514209 6.32486983994589 -0.00717612780234637 -0.937644114422685 -0.347522666131265 0.708004048527711 -0.250187544515092 0.660406199312478 0 0 0 0 0 0
19.2713303545597 10.4818453746364 15.8732291910168 0.384994667929979 0.576412450068223 0.720782708914409 0.809058236182886 -0.586566779165348 0.0369338036243929 0 0 0 0 0 0
18.4993668786443 13.496173321903 8.64928719172501 -0.994422383426829 -0.0306262426269296 0.100925901060104 -0.102238448524805 0.0448374783183266 -0.993748852181302 0 0 0 0 0 0
12.5855730394965 20.4965100093154 -3.90054042382026 0.374080603226833 -0.107962979471154 0.921090429617719 -0.899633623219538 0.198953104018998 0.388686109712431 0 0 0 0 0 0
6.48349840941667 11.4947080814537 18.9756045682832 -0.248522147262172 0.835076863752913 0.49079867345635 -0.955928870716487 -0.29322187020328 0.0148600136415922 0 0 0 0 0 0
19.320645943636 0.88596500156085 11.5153293301025 -0.76309192845581 0.169541969626465 0.623655444518923 -0.259105395734656 -0.964287925568886 -0.0548924597813926 0 0 0 0 0 0
6.41175426968707 -3.50748699506265 7.76073942769053 -0.834410597782057 0.223794759866238 0.503661341107894 -0.520619484462739 -0.0201516006222708 -0.853550904298768 0 0 0 0 0 0
20.0294437278946 17.0259047980733 10.9793019309619 -0.403983455532369 0.616465928961039 -0.675845435125647 -0.41253954357596 -0.782197897852971 -0.466880634967311 0 0 0 0 0 0
5.89966936064715 -6.52752156234889 11.3787224755093 0.795411200743147 -0.292811230235422 0.530643473710833 0.0444659319103547 0.901382748844813 0.430734139152549 0 0 0 0 0 0
18.0121805313268 -2.19637085743786 13.6293966683919 0.242276888674098 0.18692495341635 0.952029860855587 0.97018115075128 -0.0395021869348515 -0.239140111505815 0 0 0 0 0 0
3.95514738461926 10.2013955067465 13.0525937276656 0.955036175455751 0.169596297835927 0.243193099307356 -0.039224918664004 0.885306812952674 -0.463350004768038 0 0 0 0 0 0
10.655778284194 19.2241162374375 17.4887936235673 -0.783469686044059 -0.619078333355385 -0.0540110608909645 0.210219444702174 -0.182241813478502 -0.960518397137223 0 0 0 0 0 0
8.90098129008571 18.206568356528 12.4731753141025 0.845490444336554 -0.466063892040837 0.260634348764983 0.177036143547941 0.705135537667969 0.686616353911607 0 0 0 0 0 0
10.62718604137 3.50970165769636 8.66439743483392 0.259871633019845 -0.646666942058039 -0.71713912948768 0.918472231183901 -0.0637488837253138 0.390313619597145 0 0 0 0 0 0
4.01428301157307 12.1084310323909 9.11359458183012 -0.451722325218743 -0.279380894401475 -0.847285752764581 0.59521129234885 -0.801823377927066 -0.0529409624287926 0 0 0 0 0 0
15.9796750535251 5.76461330173115 14.0698244011812 0.283061729283162 -0.383973268940651 0.878885933736944 0.715358913749094 0.694912159716839 0.0732028220399996 0 0 0 0 0 0
21.5045975938188 14.0372853320945 12.1430303641164 0.833975263386362 -0.534695136402658 0.136331529880306 -0.391146007094548 -0.747108290990752 -0.537432739974701 0 0 0 0 0 0
8.56882777729343 8.31267084137535 -7.30934297150209 -0.681966605507625 0.717355390882524 0.14255782784488 0.663430241039529 0.524693025342505 0.53343927305788 0 0 0 0 0 0
19.0424496765413 14.7050991706425 7.00156793190622 -0.506988537463948 -0.224355281645502 0.832242282793338 0.807882259193686 0.21290425219443 0.549543374877622 0 0 0 0 0 0
19.7257852487379 17.6628592935967 18.9243579821906 0.806350375384606 0.147858431755744 0.572657698518684 -0.0476526664600018 0.981340395623185 -0.186280022788549 0 0 0 0 0 0
4.36608406459356 3.66033117481165 7.29880660394092 -0.70815426065888 -0.578040685678106 0.405445963642117 -0.542607470414762 0.812969837458356 0.211322350951179 0 0 0 0 0 0
18.3150995059487 11.1796183112278 7.36869288829061 -0.065822688992847 -0.988349862699551 -0.137229442008996 -0.314326855032466 0.1510637229751 -0.937218364799475 0 0 0 0 0 0
5.28099283895131 11.2728911605627 22.5449689465154 0.85886462966444 0.309075418259926 -0.408440725096436 -0.109509297645232 -0.668177505765394 -0.735898409110536 0 0 0 0 0 0
12.6603572619406 16.9285624104348 9.73389709324733 -0.651102679780605 -0.758734010690949 0.0196964671995108 -0.16301114271874 0.165138077192181 0.972705848061186 0 0 0 0 0 0
21.2744220232281 10.8301613011442 9.50787099669186 -0.380468394534541 0.788392156153548 0.483406209892423 0.920125631387239 0.375169265663697 0.112324272244471 0 0 0 0 0 0
-5.12501056266577 8.45270020365847 5.7328395817356 -0.535644171237941 -0.679954236065213 0.500746936667081 -0.47263291171246 0.732810083599502 0.489497147027912 0 0 0 0 0 0
4.20683504267354 -3.17331150240628 14.2784205762883 0.358765096133276 0.930718980049258 -0.0710617339139534 -0.899327741404232 0.324266152572833 -0.293361499112912 0 0 0 0 0 0
14.3269141872913 18.3116731382284 19.3144310291574 0.92258166357634 -0.261439641966143 -0.283711608116523 0.365553970516539 0.357274873497928 0.859491044405836 0 0 0 0 0 0
17.1357012555986 14.3507727374 22.2687952104995 0.0382060981155161 0.709819966683093 -0.703346180638265 0.385258971198481 -0.659908632687926 -0.645055078515736 0 0 0 0 0 0
18.9158646917858 6.20074160020174 13.2232195126052 0.36068595925626 0.702401263485645 0.613626957893695 0.643882788253627 -0.663503158559277 0.381022895432268 0 0 0 0 0 0
1.68076329511708 9.06681334556532 10.4772756495995 -0.0464928369474078 0.837964278191463 0.543740976095439 0.605832701084833 0.45644621775692 -0.651631409785331 0 0 0 0 0 0
19.1286036764215 7.04182935353768 7.00961600225973 0.23898973206288 0.963462460418554 0.120929677005512 0.0682519044298304 -0.140898035369886 0.987668620706304 0 0 0 0 0 0
4.47813093165418 12.6640073598673 -2.06706864353697 -0.334999831214645 -0.178645662474976 0.925127410122636 -0.760915626854687 -0.527767310996796 -0.377450643457671 0 0 0 0 0 0
18.2260233057523 0.503161751716335 3.09950371523488 -0.244383327195689 -0.43784297516351 0.865199527353451 -0.396440296098538 -0.769163518383428 -0.501221034009691 0 0 0 0 0 0
6.38383729559821 5.99040544511182 -0.675766551390383 0.271347606162625 0.949632115593893 0.156746004594264 -0.813034283295157 0.313314802326574 -0.490722917054848 0 0 0 0 0 0
17.3005697579411 9.64408364788089 24.4466226776434 -0.94917538880094 0.285592635087362 0.132298218401603 0.314122519741613 0.833069402966378 0.455326669496671 0 0 0 0 0 0
8.6937780427683 13.0083859453847 10.1001937812901 -0.0195679645897682 -0.997766351378401 0.0638701987384162 0.790800590827852 0.0236425523800234 0.611616984820254 0 0 0 0 0 0
3.18484856534468 11.7754487922059 20.8642036342428 -0.315593206717159 0.416511720054777 0.852595341532178 -0.199067532757325 0.849457850678368 -0.488664961023799 0 0 0 0 0 0
6.04450787291831 2.10402801285345 6.36015144953287 -0.118757038202892 0.168266413556895 0.97856173239706 0.778096767582221 0.627998050955997 -0.0135571412263575 0 0 0 0 0 0
15.3388953942727 7.61822502880768 2.58530908288277 -0.566061189396021 0.709896359910175 -0.419072581914415 0.587095908532891 -0.00970552759103849 -0.809459126651901 0 0 0 0 0 0
17.7588156583516 0.122951258781971 9.94996599519094 -0.842268388906776 0.537355323371254 0.0428150990358099 0.531731118818559 0.815144073083549 0.229787113209677 0 0 0 0 0 0
7.03953535076045 -0.729587878788158 13.9830510779996 -0.299474357841105 -0.766057981192927 -0.568744432231507 0.906242063462693 -0.414819564337261 0.0815472424892896 0 0 0 0 0 0
13.5707556030164 23.5292964366653 1.23874112785488 -0.151185497127556 0.781357226345939 0.605494660476485 -0.625672825119978 0.398581795832449 -0.670571374028565 0 0 0 0 0 0
4.79875273735208 10.1560739290393 9.31606641886669 0.853302921943973 0.419470131941941 0.309707658246768 -0.459231539867117 0.885906470081044 0.0653918451306393 0 0 0 0 0 0
4.11071925372543 7.05298625200457 11.1508292997004 -0.736859268376647 0.199196034398774 0.646033469727425 0.405178340942415 0.895084894566997 0.1861545590298 0 0 0 0 0 0
2.99818236372962 17.5199345713734 23.7587875375512 -0.383880607697676 -0.696011610358958 0.606797705844964 -0.659518827203721 0.666605484467225 0.347378724744264 0 0 0 0 0 0
9.09406529375641 16.9114677136951 18.8109350221925 -0.314150897449388 0.916911879916806 -0.246133701699706 0.353374249854875 -0.127695566763483 -0.92672561446364 0 0 0 0 0 0
14.001769363791 4.9884207270635 9.07880972678423 -0.08195243744254 0.792889717660786 0.60382915577133 0.290876487993922 0.598517423893504 -0.746436658747709 0 0 0 0 0 0
8.27131458185178 14.4065295461899 0.885216816765802 -0.217705608106659 -0.767817389529229 0.60254516478453 0.334391245573593 0.521312094658452 0.785121715426552 0 0 0 0 0 0
3.81762737653462 0.0342451637010791 16.3756546535358 0.866025466002227 0.40432864772482 -0.294139655850561 -0.0246773553530345 0.62212666416647 0.782527551460997 0 0 0 0 0 0
11.5756396874198 20.0206869381927 6.58601212568371 -0.42357278532525 0.219435675638576 0.87888222551131 -0.904884683243033 -0.0574391946066496 -0.421763357985369 0 0 0 0 0 0
18.8464448585806 3.26936586886316 15.4949186636667 0.450538181939982 -0.667106670523653 0.593282370039465 0.511497996550219 0.737550629349799 0.440895468687438 0 0 0 0 0 0
0.399507319883909 12.2569291206609 14.2489405291767 -0.903837430701674 -0.166998884924797 -0.393940548067569 -0.0159728930836504 0.933216034622112 -0.358960560535366 0 0 0 0 0 0
25.3641842882075 16.906345152039 4.35369565667661 -0.163269531396107 -0.675821835992509 0.71875436788321 -0.659228270542359 0.61674886080262 0.430161430339621 0 0 0 0 0 0
5.99079099193295 7.22680377070295 5.80386794758288 -0.487732568428321 -0.718251985898119 0.496216655037736 -0.747367409544843 0.637296549744225 0.187869614471105 0 0 0 0 0 0
9.09697913341422 0.470533885575357 11.1538213878182 0.648792022390036 -0.759767047752272 -0.0426953678594545 0.523766980193734 0.405153519388132 0.749345498782102 0 0 0 0 0 0
9.06241983274089 8.32257707124881 19.5320747839226 0.517856274446599 -0.0568488313881906 0.853576575687308 0.147060536752322 0.988851564903185 -0.0233619022228243 0 0 0 0 0 0
3.82785511135975 5.82866792423787 6.46358234191531 0.596314676956916 -0.596384850275006 0.537339594296471 0.555228441997854 0.789855083561507 0.26048086173578 0 0 0 0 0 0
-1.38787062598194 11.5673854284015 12.7085427346433 -0.905622454058355 -0.348412145979793 0.241778498838774 -0.424076344313783 0.740427270814182 -0.521465873258495 0 0 0 0 0 0
9.8910719117328 17.7540729393227 3.14540280525488 -0.819843575448063 0.513446461666387 0.253434715491653 0.184413819919468 -0.182253632183153 0.965802796293927 0 0 0 0 0 0
12.9720648544791 25.0542217490877 17.0143259226157 0.109455939449011 -0.0322956909749915 0.993466791885277 -0.935296534991514 0.335020079190518 0.113937844207392 0 0 0 0 0 0
10.5113011885845 1.4183047843534 22.4708379343682 -0.250444922789822 0.44854820335275 0.857952070160627 0.968116811352643 0.111271120192581 0.22442918627966 0 0 0 0 0 0
-2.36771083062925 9.89018015481936 21.2495613568451 0.290214588621071 0.0459116588046272 -0.955859557246405 -0.210294545263855 -0.971372586784028 -0.110505634015386 0 0 0 0 0 0
11.0290298655587 13.4492388728616 11.5799054079529 0.0959612531851008 0.484700616403022 0.869400172039772 -0.0908803572912083 -0.86551660874583 0.49256647341897 0 0 0 0 0 0
12.6473644916966 15.1100789744824 11.7334533165381 -0.926477232972929 -0.343250698991479 -0.154333370535191 -0.00284583839585372 -0.403677366739375 0.914896925889859 0 0 0 0 0 0
-5.93412184894988 17.867507439139 7.26800737388609 0.04383107389736 0.830856687432939 -0.554757573172786 0.447280234780598 -0.512849651155141 -0.732752031064506 0 0 0 0 0 0
12.5484978841476 7.04973246869824 14.2743888133639 0.350235042021795 0.731905335540168 -0.584508288903778 -0.614732290199939 -0.291220765101794 -0.733003798257455 0 0 0 0 0 0
17.0476882118882 8.79637227665769 19.2007493941226 0.0684906354572086 -0.987794148702394 -0.139899069874151 -0.0906465911841145 -0.145809906485364 0.98515102903189 0 0 0 0 0 0
13.135089656574 12.6775009965068 4.35820047356159 -0.550379820739788 0.256267050291428 0.794612572564073 -0.19788202244549 -0.964650828422784 0.17404446597684 0 0 0 0 0 0
11.8500333890675 2.15554463882824 7.41964289773423 -0.298973933027527 -0.154855105499691 0.941612641865055 0.953790825445563 -0.0175141991940017 0.299960322292377 0 0 0 0 0 0
20.6633012148647 -0.204728801654556 -10.0233985856078 0.393814102739492 0.603226887697717 0.693561604048931 0.316234185623684 0.619562152485869 -0.718427870840252 0 0 0 0 0 0
5.42261469503813 9.44702467122259 5.0504849095804 -0.202579429493877 0.124325142470407 -0.971341709353071 -0.354288208374719 0.915411199974109 0.191055439739434 0 0 0 0 0 0
6.71892532719572 9.26558227130311 18.9587927106811 0.0363250917116696 -0.0937687893832507 0.994931044690346 -0.518129201567597 0.849555264001693 0.0989845983942228 0 0 0 0 0 0
15.1988738070077 1.00797783942797 14.2363359040534 0.835059344530618 0.461888052758159 0.298889986540624 0.171028899844127 0.298415661800213 -0.938987273405224 0 0 0 0 0 0
26.3121759307854 25.0049159324868 6.10000298316628 -0.416709905696963 0.60631556378173 -0.677299207311172 0.668828347508701 -0.300105104179627 -0.680151056414079 0 0 0 0 0 0
17.2948297470573 7.43905947153651 21.1977138714088 0.437249752096906 0.126845829130987 0.890349747364507 -0.550151052412609 0.820886506601077 0.15322899180646 0 0 0 0 0 0
14.9402082221803 10.7668033559342 5.98952770619079 -0.979010669971363 -0.04161302862564 -0.199515274923931 0.156111401525259 0.476222397488566 -0.865356207737592 0 0 0 0 0 0
6.37436384972053 1.79318856066246 9.03042443107278 0.985598008667237 0.153505429228709 -0.0709403418954464 -0.168092716506911 0.935153696840333 -0.311821081686121 0 0 0 0 0 0
19.2053029076064 4.22265092385275 3.81193597958476 -0.222518313506713 -0.576019574828277 -0.786566570553927 -0.210221453078322 -0.759466074765029 0.615644517149242 0 0 0 0 0 0
26.2527397406284 18.0676181356132 12.2425667217934 -0.239154796105738 -0.957750135252448 0.159748715372522 -0.347241096898161 0.238003447366858 0.907071037576357 0 0 0 0 0 0
6.18653014305905 15.0451458425266 2.59754367817363 0.511541996182497 -0.652036956453904 0.559618195766324 0.483728514575428 0.75680118290703 0.439611922955651 0 0 0 0 0 0
15.7688431876908 7.65297039052707 -3.22350927881375 -0.103210435291311 -0.6636350456082 0.7409021970405 -0.877647286746472 0.411283542053282 0.246132056136798 0 0 0 0 0 0
17.1358275552463 8.41397633465786 7.76256929345552 0.419230528387217 -0.812463929667895 -0.405151930190703 -0.793717806104782 -0.544640260260956 0.270885487479894 0 0 0 0 0 0
17.3659013627181 21.6201596291087 18.0090918230227 -0.75331782294005 -0.3678461662737 -0.545161767294455 0.12387294678415 -0.893472528013872 0.431697012607414 0 0 0 0 0 0
17.5364175006655 -2.27054210443844 18.7828807467347 -0.0380675776278897 0.470708071890358 0.881467343577885 -0.0297878194844993 0.881180234040742 -0.471841132480456 0 0 0 0 0 0
10.6651529652056 12.6834692746431 5.14893516861432 0.747475495458768 -0.549517269645196 0.373243982990475 -0.663984763156942 -0.60103630824919 0.444836502904186 0 0 0 0 0 0
9.78312751785204 10.1869791474047 16.4517123472044 0.0776954673862352 0.922671007164351 0.377679241105641 -0.49391672096387 0.364691019017618 -0.789333028604329 0 0 0 0 0 0
11.9502940914056 2.18340392890334 9.6258464189584 -0.532701568325609 -0.645082517973608 0.547811568429983 -0.753140867291197 0.656592132879459 0.0408109941081766 0 0 0 0 0 0
13.5564793220457 13.9727090863932 13.4088388865394 0.806718015350863 -0.176962872121432 0.563817408495643 0.446593521440347 0.807392363572327 -0.38557976652535 0 0 0 0 0 0
8.61529400431491 17.720815735267 20.986911286431 0.250394615139653 0.929863751739773 0.269547628025372 0.150116465452475 0.237759628408549 -0.95965373621356 0 0 0 0 0 0
-3.16853562694099 16.8662197625514 24.3934883867924 -0.487345756771469 -0.255443434845532 -0.835010570903412 0.446644329020486 -0.894617158416858 0.0129984390852005 0 0 0 0 0 0
12.7460892744393 11.4380481394001 17.9651596140575 -0.273910363892254 0.0443636146441244 -0.960731420987907 0.961754175384032 0.0112033650278412 -0.273684620592927 0 0 0 0 0 0
17.9471120889809 2.4495027513118 20.3904921763555 -0.479705969858605 -0.870031881394184 0.113695553415843 -0.876808466557739 0.480198542337213 -0.0248229971827937 0 0 0 0 0 0
5.08730309262457 7.96884365155278 18.2681939678031 -0.583423333797822 0.014530142022262 0.812038157581848 -0.210169132647141 0.96308188601804 -0.168232600487553 0 0 0 0 0 0
-4.68655313995214 11.7786450383326 13.8246260265375 -0.683152785609184 0.680357177573062 0.265360732607979 0.686742342768826 0.474931855425889 0.550295007273102 0 0 0 0 0 0
13.0711597965596 23.9771736999541 11.7635225853821 -0.547217622188669 -0.51561738303309 0.659311383766531 0.456275061400182 0.476610112546962 0.751435810187529 0 0 0 0 0 0
-5.38545019203985 14.1314192681707 3.91414983437595 0.148376223950566 0.943014587697176 -0.297838832856339 -0.519071285450504 -0.18208676427553 -0.8351103493788 0 0 0 0 0 0
4.63391883709992 10.3180443419946 18.6489310562909 0.668609756813122 -0.470892113577487 0.575518477278468 -0.479257665402506 0.318887220989833 0.817693661070771 0 0 0 0 0 0
1.78842764071429 12.1097813075257 3.45792826509486 -0.92521802231134 0.378196313914643 0.0306440397659215 0.255188961288224 0.679989668509403 -0.687380957452648 0 0 0 0 0 0
1.73043472169354 2.81423698098481 8.55344367279466 0.628818276230888 0.563960243331958 0.535290891127732 0.581289140803815 0.11626708755442 -0.805347615342194 0 0 0 0 0 0
-5.71852090976081 0.0312825487124801 9.21995162916668 -0.647215596419218 -0.757773224584293 -0.0830160291626336 0.729862714411287 -0.584551770081955 -0.354400293073888 0 0 0 0 0 0
4.47169706482135 15.2237477200308 10.6411635080022 0.762750050158823 -0.448076090073528 0.466304710690068 -0.56035708592976 -0.817875022971009 0.13069178849726 0 0 0 0 0 0
12.6618642436951 6.38089800725118 2.94457186595068 0.166371333064711 0.642913903545014 -0.74765113671235 0.898846513780571 0.212890297313511 0.383082957292334 0 0 0 0 0 0
13.0530539888874 12.2257672773366 14.5075931332333 0.842622376389357 0.464342227516684 0.272715480027564 0.0078132965870111 0.495835534802092 -0.868381243995188 0 0 0 0 0 0
14.7099032836735 5.36055901513795 20.7019518083563 -0.718027704140298 0.677413942665816 -0.159832730889439 0.563176336250494 0.700400388705175 0.43848791210158 0 0 0 0 0 0
1.93478679988611 11.9761023689114 7.34133592550521 -0.571475752983145 -0.628538945498365 0.527592821814157 -0.182355298500606 -0.529578914955365 -0.82842780745631 0 0 0 0 0 0
25.3521622656792 3.15026792926274 15.4707358662586 -0.123050325994164 0.911703680909076 -0.391988514331068 0.135884270517561 -0.375791447875059 -0.916687596924515 0 0 0 0 0 0
14.1792970858753 17.0490003549387 2.66645855851116 0.117267799503126 0.552234628696745 -0.825399960754175 -0.896481379434819 0.416460588475325 0.151266704993952 0 0 0 0 0 0
8.94759871886014 10.5104024962745 7.39448467138937 0.195312681685701 0.000771976610678205 0.980740659509754 -0.516811945746269 0.849970401712069 0.10225309707193 0 0 0 0 0 0
5.97662890919628 9.19873300879899 22.1065878029802 0.207899245511309 0.237156749329196 0.948964945326685 0.281318506500483 0.914676376038139 -0.290218892464301 0 0 0 0 0 0
15.1592348407356 21.8520131856925 4.09600355121928 -0.130615171788395 0.227781297712418 0.964912039663181 -0.20278625001251 0.946535895543466 -0.250893449192105 0 0 0 0 0 0
10.6305336014499 15.6887662326239 12.4862715100634 0.890920856694253 -0.39285033180907 -0.227878351523646 -0.43808039396242 -0.875696540184177 -0.203079073616357 0 0 0 0 0 0
12.9553565712094 11.7715191441036 8.93689312256653 0.951757212444802 -0.165621222649362 -0.25831705949879 0.297906121608826 0.700516247790306 0.648481972439661 0 0 0 0 0 0
15.2000892731848 3.62814659895607 17.0423738030493 0.93566979600074 -0.112430318308026 -0.334486679368076 -0.30237650147706 -0.744085562954416 -0.595739098221554 0 0 0 0 0 0
1.22754158289461 0.881064637826953 4.0389641730287 -0.148366345741585 -0.963981441005246 0.220742384729124 -0.101357419686832 0.236860010323637 0.966242152083305 0 0 0 0 0 0
8.98734714541983 -6.34829076872382 17.0157133243147 -0.84337700705814 -0.347162716503444 0.410113603034165 0.151857208016907 0.578138504688993 0.801682716793246 0 0 0 0 0 0
-1.78348162715748 9.09598471520275 29.481593956185 0.911898003238608 -0.397495016610859 -0.102174571616474 0.410391934777096 0.88587187542341 0.216354927251921 0 0 0 0 0 0
2.05973195184211 8.77505400048178 -4.98145542213758 -0.627390676361798 0.762952176265038 -0.155836023206081 0.207121013417039 -0.0294147458277713 -0.977872966914842 0 0 0 0 0 0
11.4580616169372 4.7147230362666 4.66432301401739 0.762067683072788 -0.635248955389836 0.125345681971029 0.530704467558738 0.723698846988411 0.441149283356814 0 0 0 0 0 0
22.8289140207884 8.47161967202903 12.5422617431161 0.328351264261937 -0.277792538102909 0.902782721933621 -0.822302042132683 0.38621456204256 0.417920521322985 0 0 0 0 0 0
6.73721661707417 -6.85486803179691 7.98101787559001 -0.714676682801888 -0.418789838035119 -0.560225144308992 -0.533481408890925 -0.191637130002505 0.823815927219672 0 0 0 0 0 0
-0.843978637867951 6.44805100624137 17.3746297000277 0.630338289631309 0.165119600005468 0.758557210999677 -0.127977939268987 0.985851674321606 -0.108250265350246 0 0 0 0 0 0
14.1905898108234 -2.10323302727447 4.95052608683144 0.0555466053387724 -0.955882393787555 0.28845001923362 -0.998249423676359 -0.0590440132472704 -0.00343130234339337 0 0 0 0 0 0
-2.51955979904158 2.04155380661754 8.16969291485835 -0.542280817617639 0.819971936550624 -0.183241641159747 -0.303023157166912 -0.394285072307795 -0.867592154931625 0 0 0 0 0 0
3.96282323434863 1.41430141918114 11.9900810185215 -0.514507002346065 -0.466797211829348 0.719293274215451 -0.203686749737421 0.88136184172098 0.426278061049291 0 0 0 0 0 0
7.37612438913597 11.698460862041 22.1811502234387 -0.0565409985470526 0.234333483886957 0.970510598164422 -0.715950364866705 0.667986974058908 -0.202998550530627 0 0 0 0 0 0
4.2271615027922 9.98540485871973 16.5598178925456 0.575666412206712 0.56573636548485 0.590381627059651 -0.275092412820938 0.813925341179369 -0.511712480948257 0 0 0 0 0 0
13.209438134936 14.8282937471499 2.54951235672438 0.446983696782476 -0.195481276909887 0.872921835294774 -0.83179261316877 0.268212614584613 0.48598655477487 0 0 0 0 0 0
9.47091085103383 13.7830264118772 2.9293172047936 -0.407568246512218 0.158327087795292 0.899344506562544 0.574463569395159 0.810018387596766 0.117736053103548 0 0 0 0 0 0
12.9761741798593 21.4885012167027 5.38677914313045 0.773765034314992 -0.620871099836075 -0.12572460301581 0.625853415315193 0.779940656794582 0.000166504505082015 0 0 0 0 0 0
26.3919862141437 15.7499592679026 15.9028954911607 0.916323092756227 0.10768515661943 0.385688707247935 -0.289291440796393 0.843987703654964 0.451658260265965 0 0 0 0 0 0
3.85012320250909 20.3521506017426 9.15133719650714 0.101588641983095 0.150046387671455 0.983445836251982 -0.380852146293816 0.919115265787785 -0.100889803026475 0 0 0 0 0 0
14.633260815849 19.8195736101278 11.2591563299377 0.86736048835136 0.369513437442182 0.333384912472244 -0.489843446782387 0.752259949761533 0.440633990835664 0 0 0 0 0 0
6.07310655639672 12.4398641686319 14.8560545214293 0.816052985425376 -0.316952318279142 0.483320437889966 0.552337751798075 0.67395842151431 -0.490614909013724 0 0 0 0 0 0
20.6674574226875 18.2334206261671 5.9502203965236 -0.59567902334317 0.748168677522273 0.292250027617408 0.788815231106581 0.476294079220304 0.388477012328941 0 0 0 0 0 0
25.1331182901492 7.33105579216503 2.32605687238913 0.286066337645813 -0.951102800454483 -0.116488205671528 0.897431966359866 0.22332750120653 0.380447867252012 0 0 0 0 0 0
14.8845640739207 8.79953760846112 8.53946747634063 0.24572267417077 0.881677376789835 0.402821727460193 -0.276935566412833 0.462095433575436 -0.842481102797014 0 0 0 0 0 0
-0.649125680425419 11.283846146863 3.92324092840563 0.407397157950569 0.404534340821406 0.818767013923431 -0.796772934760831 0.595574778597756 0.102193427412025 0 0 0 0 0 0
12.5747626518351 3.11964893146439 15.2904821999099 -0.441441707524653 0.891735932386476 -0.0996805965755178 -0.43389976845735 -0.309383896500569 -0.846175211005401 0 0 0 0 0 0
12.2533860192418 6.85727784765465 12.1859690549447 0.684294231575535 0.599593514003779 0.415004754484785 0.445155340793267 -0.794253814497509 0.413518508306449 0 0 0 0 0 0
13.123325166923 11.7374484649521 11.7446325561029 0.916007578067268 0.143491569376032 0.374620033749611 0.400535486960618 -0.379257759640594 -0.834107171396441 0 0 0 0 0 0
12.8526699559581 0.52482360631751 12.1728396416824 -0.830103194290469 0.5236222043143 0.191698689232184 -0.532784683609301 -0.846239381050396 0.00439966246319048 0 0 0 0 0 0
11.3097928605768 8.81146649308116 -4.10141012618945 -0.575782273096571 -0.368381935749263 0.729910556417301 -0.609791790211178 0.788178460907086 -0.0832384598591226 0 0 0 0 0 0
10.6039389123918 4.81668426236885 11.0101505167896 0.642376836456963 -0.679411950514547 0.354614350103524 -0.0485635465592192 0.425692527727039 0.903563697907386 0 0 0 0 0 0
20.4479003043707 10.3035711578037 18.4872469069224 0.56789663080358 0.00619988140250819 0.823076459988889 -0.242080457017462 0.95700307478499 0.159819138877068 0 0 0 0 0 0
10.9515984888203 19.4099241825111 9.32753122883033 -0.254467023304749 -0.8280080274703 -0.499649079870506 -0.52513557606068 -0.315542663700819 0.790357733434715 0 0 0 0 0 0
7.60926490858538 3.98581221447474 12.101919743192 -0.74038022082363 0.0279986777663111 -0.671604856698222 0.0914602308044318 -0.985644264684335 -0.141916899197937 0 0 0 0 0 0
10.0733636051189 11.6986951277574 20.2210891066862 0.835147533316063 -0.292198878259981 0.465991742532558 0.358550242668495 0.931683003251407 -0.0583822678827049 0 0 0 0 0 0
10.8429886612702 9.57447278143408 10.3390957048977 0.652585993820971 0.160011194786724 0.740626641469592 -0.671391062236901 -0.330980006715733 0.66308835802833 0 0 0 0 0 0
18.6907936526467 15.9681240409943 17.6439235496215 0.892120518989422 -0.355272994948864 0.279109251898414 0.260914974898824 -0.0992113269858081 -0.960250160341219 0 0 0 0 0 0
2.38915150446549 7.38089655172432 20.5046714058703 -0.731768546151193 0.403260129143921 0.549450601312786 0.0335074720073526 0.826485755594556 -0.561959524644808 0 0 0 0 0 0
28.2134216175643 10.4636025096419 19.952896003775 -0.974569462799796 0.170967687187861 0.144859574729966 0.0282081346138999 0.734905598408822 -0.67758247301932 0 0 0 0 0 0
-9.71421461590163 6.35833534388816 19.2824106624724 0.146515288858479 0.823632501393585 0.547871092902013 0.964329134788421 -0.242356293029717 0.10645484873781 0 0 0 0 0 0
10.862760224199 14.2443150874206 9.46628689876424 -0.31017205930414 0.947179274001306 -0.0815150554716086 0.677154941017072 0.280300001925535 0.680362392356797 0 0 0 0 0 0
-3.03080120888611 4.13886675750466 12.9377255515576 0.218311852308794 0.961168519262728 0.168804631575666 0.94693543407999 -0.250459182298751 0.20145314580487 0 0 0 0 0 0
15.0730805211844 15.9527820878766 0.389542805715617 0.289368833907294 -0.940037953438692 -0.180538943694905 -0.544443125977418 -0.316760953711762 0.776687886819042 0 0 0 0 0 0
7.02266572831027 2.17170202240197 12.9995428828316 0.175193739237706 -0.0972260216404827 0.979721458561292 -0.905487657766263 0.374762802186225 0.19911012345891 0 0 0 0 0 0
11.8242464323844 -2.96904902735922 20.8084634273484 0.0405415966247759 0.99589631970146 -0.0809129060892064 0.283906476476452 -0.0891233993439193 -0.954701007667681 0 0 0 0 0 0
6.71630073875705 17.8761981036726 16.7598065366058 -0.185751772256033 -0.806232965296674 0.561680196420339 -0.627499388192267 -0.342551800518733 -0.699215758231058 0 0 0 0 0 0
10.4364219777139 16.3798918570843 10.5404345577076 -0.0882220614560744 0.942077561973812 0.323584180219128 -0.875274883786956 -0.228391302878678 0.426299399002734 0 0 0 0 0 0
4.04105576925825 -4.82588081545303 16.6654072196737 0.777122288166608 0.18221478157875 -0.602394063182587 -0.355241693319435 0.917109109631291 -0.180870675940529 0 0 0 0 0 0
9.7126953079929 5.43194221250966 12.9136574804817 0.404832732908622 -0.784500571976727 0.469754473199503 -0.871983449004196 -0.485854750212706 -0.0599160687056472 0 0 0 0 0 0
3.89002987945895 22.6490022039431 2.74239640756756 -0.42654259642076 0.59072467925674 0.68491290624803 0.556114372702049 0.768490913514594 -0.316478232289111 0 0 0 0 0 0
2.81358608648912 9.36219321973448 18.7651646497288 -0.0537239294951487 -0.536706903085344 -0.84205662203298 0.446058689598898 0.741563540643373 -0.501113866269578 0 0 0 0 0 0
13.4136921117005 16.1302109167125 17.7824244951471 0.93583315152468 0.146962433779535 0.320340816834765 0.093128440051437 0.773498082545998 -0.626919262796093 0 0 0 0 0 0
18.5607708058109 16.229190708097 8.7293526726075 -0.809046797220607 -0.492610692301995 -0.32058991789432 0.0578270650555446 -0.609528118318234 0.790652533421842 0 0 0 0 0 0
6.2405768115993 24.7060938568246 3.59856403755188 0.42321390410351 0.596420352115085 0.682035686860951 0.702295861971728 0.259651650252981 -0.662843444265664 0 0 0 0 0 0
2.64704526026163 11.6218637067648 18.8496275705764 -0.716351634319881 -0.146677661022815 0.682147992095224 -0.0628837595787891 0.987247799089668 0.1462443604139 0 0 0 0 0 0
12.5764160850862 8.07442109414155 19.2929483396475 0.375894123482553 0.924913278906872 -0.0569123642370888 -0.911569331993999 0.358034010811082 -0.202120993819307 0 0 0 0 0 0
7.37255939111036 20.8954921826159 2.16251194977503 0.856690656859286 0.192510282921001 -0.478561171250155 0.124480508034208 0.823174613441442 0.553974837401449 0 0 0 0 0 0
22.8532177110022 7.84962033379976 8.63850468475921 0.536347179494453 -0.833528430436145 -0.132521780537044 0.0105594578084603 0.163631660166288 -0.986464931776383 0 0 0 0 0 0
7.37687850111675 18.4803834319597 10.357203031306 0.116931951272024 0.991639505227173 -0.0545711321081551 -0.990558240843298 0.112492421879732 -0.0783562940440874 0 0 0 0 0 0
9.80284892071161 4.13036384631734 18.0195283454695 -0.27753068630508 -0.693809385386486 0.664533816357988 -0.915894796468978 0.399889575971741 0.0349992669046028 0 0 0 0 0 0
13.9025702388373 24.1221302193018 7.03014311497005 0.174585431537544 0.710799454923228 -0.681383888124178 0.0815797761785448 0.679190649216375 0.729413968825412 0 0 0 0 0 0
15.9307847417678 10.2202827651908 18.1319073171418 0.889263246819227 -0.18541500399639 0.418129213328259 0.330636928895967 0.892246829367584 -0.307530148810626 0 0 0 0 0 0
24.2964271597306 10.7556125743199 6.34747896348696 -0.792126797396989 -0.385654772717979 -0.473080787652695 -0.135012474452848 -0.645175307702164 0.752010893860755 0 0 0 0 0 0
24.6192980896425 4.86836012266701 11.0710066535725 0.884025481996164 -0.353285723595274 0.306085021447538 -0.299989605372291 0.0733794111187542 0.95111596565563 0 0 0 0 0 0
9.58453616765316 -2.17067118220767 8.81333096363698 -0.225494075876752 -0.106857367100827 0.968366566436845 -0.955090840716496 0.220371646944273 -0.198085107422259 0 0 0 0 0 0
5.23244330240514 14.8245466901911 14.3445654907431 -0.687282112616725 0.603844422861389 0.403751328064758 -0.676110031734187 -0.328585762920645 -0.659474423352292 0 0 0 0 0 0
-2.43208249596597 9.27421651643869 16.1517982741109 -0.204743909607644 -0.531933208507785 0.821661066186373 -0.589628197277123 0.73707253083029 0.330246300244853 0 0 0 0 0 0
19.9744174607384 2.73202627213235 10.6169092072584 0.13565124647844 -0.826497719619325 0.546351737450605 -0.990356865385613 -0.128778731209394 0.0510803322165873 0 0 0 0 0 0
26.7279541716445 21.5592916167617 18.6652860463985 0.0190889084727794 -0.999597020842654 0.0210097453517405 0.184336826343364 0.0241719895183809 0.982565789266417 0 0 0 0 0 0
2.29746376317736 -3.77633330572853 21.2460032021161 0.0580613336166804 -0.751452592645615 -0.657227381239366 -0.854927931263195 0.302511306576292 -0.421408392701742 0 0 0 0 0 0
2.02085613788468 9.37700056645375 6.43795533344674 -0.992778106904182 0.0317662115753588 0.115682406462343 0.0316199553351369 0.999495157898078 -0.00309961974663307 0 0 0 0 0 0
9.24795182845958 15.4255292862778 8.48458881852382 -0.726408809073501 -0.685162939943518 -0.0536835596964366 0.342908597503263 -0.429027510533321 0.835672777884292 0 0 0 0 0 0
5.34219684767522 1.22557982906234 -6.15176243658246 0.526903353433841 0.827880198919934 -0.192320552389756 0.752904384725952 -0.349661567613883 0.557558670419412 0 0 0 0 0 0
3.79238220672105 15.8996710446102 -0.339801373587665 -0.283993360332069 -0.085612768882215 0.954996390964955 0.212655839565456 0.965576219731393 0.149800032449753 0 0 0 0 0 0
18.1581033890922 12.9993239730626 14.1292301564691 -0.0555754208456272 -0.979417278901694 0.194044225705941 0.987814157090732 -0.0256378733890121 0.153511469826472 0 0 0 0 0 0
16.5154227789361 13.3316982774805 4.70318451226601 0.57768191422613 -0.641890529894562 0.504242088203108 -0.439822973422026 0.275623544158385 0.85474399898602 0 0 0 0 0 0
17.5548116175496 13.4758444051793 11.3627378174665 0.0343304028979119 0.165512287692162 0.985609958409586 0.0792614800112157 -0.983535879512468 0.162403163777783 0 0 0 0 0 0
-2.82160551851951 11.5455327098947 -4.79320647209371 0.213229511485547 0.315715735846729 0.924584578199022 -0.297101268920472 0.92248475979809 -0.246480600010052 0 0 0 0 0 0
8.76412990018039 5.84570517399806 1.32126399397034 -0.890917829192548 -0.453247418050505 -0.028846229175532 -0.311178355926916 0.562931392866195 0.765686748151947 0 0 0 0 0 0
16.7696994155164 6.46101033422455 6.0486493414233 0.38317934061468 -0.398001880286314 0.833527441593129 0.308792480419384 0.905680427930347 0.290499819403233 0 0 0 0 0 0
6.17943696358998 2.65192419684895 22.0176097079343 -0.81894789294208 0.529109765635796 0.222187125456839 0.337503892622268 0.757212226462702 -0.559214373654679 0 0 0 0 0 0
8.24002023015204 -3.25008341278674 15.198009590016 0.402957835515911 -0.914980353803611 -0.0208785904975531 -0.66590436384542 -0.308761817627238 0.679144616663155 0 0 0 0 0 0
3.28014831908664 20.7085878147943 20.067608759579 0.133703690214244 0.116951468668606 0.984096316231577 -0.977532797041305 -0.147714020589039 0.150366493015609 0 0 0 0 0 0
16.3510264743424 3.92075170565742 19.1039476417435 0.0428836693921082 0.917961208378451 0.394345270105512 0.807180260862049 0.200763018868296 -0.555116314230714 0 0 0 0 0 0
5.12633636508065 8.34994211527948 13.1010948550998 -0.984645783668851 0.0234006248119502 0.172988358907628 -0.146841953315154 0.424822297522789 -0.893287948300513 0 0 0 0 0 0
21.4083266179967 14.3255866717929 9.57705656361135 -0.456869324632759 0.239359980920569 0.856724639171716 0.230013650260615 0.962150003725354 -0.146154309453124 0 0 0 0 0 0
6.66352397639454 9.36081484558189 8.06517611656788 0.940592198996405 -0.147106544987405 0.306016115555064 -0.327452925347948 -0.631328445354285 0.702992819360373 0 0 0 0 0 0
8.59459662670166 -0.931716340207999 24.599389276252 -0.552028472809355 -0.417291217920122 0.721895079775006 0.412879937846419 -0.888971074553881 -0.198142778139015 0 0 0 0 0 0
10.5867374757329 -1.32637894335814 19.7905658966184 0.884551936094346 0.387205758166105 0.260075896342431 -0.416245672622937 0.906888954458399 0.0655129234437076 0 0 0 0 0 0
-0.4805129758488 3.8328951264149 6.00006511529167 -0.767640761310735 -0.572437753342196 -0.288171129672323 0.112400432206858 -0.562933628250532 0.818823419054355 0 0 0 0 0 0
6.11886720937543 4.72561306991045 17.2923028330482 0.56279919738199 0.414074838483435 -0.715401280954406 -0.788115710875508 0.00781888402035808 -0.615477353053611 0 0 0 0 0 0
9.85541123937563 -0.133915775511287 14.3361896017888 0.58214554016097 0.63858144509827 0.503309286075189 0.810529634194522 -0.504802957019978 -0.297011107275011 0 0 0 0 0 0
9.09239098925459 7.1903137840284 3.69916428939542 -0.705597251767384 -0.690557338428089 -0.158943443650252 0.643053222061436 -0.718228565832419 0.265763472102183 0 0 0 0 0 0
2.339020934822 11.1441150464775 25.2747329043414 -0.458202360104976 0.28746517368009 0.841079224423607 -0.584302055925333 -0.810484289997152 -0.041307168950775 0 0 0 0 0 0
12.1019826519127 8.81608896543046 4.27008231550747 -0.806427480321118 0.492966420859025 0.326586491834603 -0.589973228267497 -0.708165950518 -0.387856309770279 0 0 0 0 0 0
0.334019486362478 18.2689332492806 3.49879346173832 -0.67938476401311 0.620425884374058 -0.391800958527749 0.225138482946161 0.684440581381547 0.693436147521999 0 0 0 0 0 0
0.438513392928937 13.3463238822854 1.8444502523962 -0.0812430465274693 0.972029080419735 -0.220361130042868 0.0346872558879992 -0.218200594377245 -0.975287230183409 0 0 0 0 0 0
13.5153713603978 9.93212214528474 16.7370529381752 -0.773191539488168 0.429462723253231 0.466622454857562 -0.283589689140587 0.423982499976491 -0.860125357228084 0 0 0 0 0 0
3.95070353025889 6.7041197808117 13.5720121548394 0.810853222798218 0.578079330824299 -0.0913304931500728 0.554621008878386 -0.808826147314094 -0.195437352389861 0 0 0 0 0 0
-3.84793899902385 13.7059432888176 6.79249947497664 0.730589615882318 0.678666589150361 0.0751692066810709 -0.421499605839286 0.361639614220077 0.831597720105929 0 0 0 0 0 0
16.2357300074456 6.31515585542805 8.85959178896143 -0.996799408296664 0.0321957693148138 0.073172761133621 -0.0680480184659847 0.138663591185379 -0.987998865761117 0 0 0 0 0 0
