t = 40000
b = 200 200 200
E = 0.014914315801539 -0.297539141893643 0.312453457695181
-5.33532111472454 -3.9312840968945 6.66726781863832 0.274376370514807 0.622790198482178 0.732700407622221 0.953565354838369 -0.27463553255361 -0.123646016237976 0.306483581429266 -0.447110235131633 -0.223565776787737 0.252216261475825 -0.0623331433809189 0.365731204015605
-4.92291248279855 -3.7820080902269 6.57750545781806 0.0268844346385812 -0.258482990634314 0.965641580408456 0.938805676073547 -0.325308987482669 -0.113216024950313 0.143470113063768 -0.255624361852259 0.705628211462061 0.26403103937875 0.186497566630509 -0.343339447113123
-4.46531471769615 -3.62974432603139 6.59478465897949 -0.168279623476754 -0.614497318461586 0.770762536991232 0.962354121477847 -0.271720294723209 -0.00652186653957963 0.00896492129289513 0.00368992033758091 -0.292252052261148 -0.207385301233515 0.383825211272678 -0.150533076367752
-3.95031284260358 -3.67082429176361 6.82322998119523 -0.437563556185121 -0.86841995808987 0.233205436654963 0.898949711541004 -0.428442886658534 0.0912468602542874 0.351990313706143 0.42972949502617 0.297345597389214 0.36564261339476 0.194673280047391 -0.197684855393268
-3.6246516397041 -3.90657868664309 7.17331659254653 -0.377230663907792 -0.868598648769363 -0.321299340877752 0.879515546111601 -0.444665221338028 0.169484741398316 0.223220388017448 -0.0437200979607341 -0.478119296218708 -0.294286039011172 -0.137652885698147 -0.127188296997741
-3.3444562783489 -4.23021202658833 7.47058817425268 -0.140419475692113 -0.653676130397733 -0.743632819995346 0.763686968860008 -0.549518859811047 0.338837710117704 -0.572933924259925 -0.50304436597223 -0.285426685040037 -0.462426835844542 0.43437672174805 0.342881860463761
-2.61858015643779 -4.30116568187833 7.05960626523043 -0.884321224766576 -0.445992914884404 -0.138079200841515 -0.258040613434752 0.713367387119475 -0.651553382836927 0.410529774226534 -0.451300913611958 0.217797654824957 -0.118790631531223 -0.108690735407074 0.35249120433577
-2.72356849519127 -4.24059208943149 6.52356336829756 -0.83271103912398 0.0656118269388626 0.549806612128044 -0.300381654268758 0.780613816979887 -0.54809927040166 0.16955409304122 -0.363400364329584 0.196186994077328 0.138819437351949 0.804560535023612 -0.43250557870038
-3.07670029127655 -4.05987636248241 6.20211715428894 -0.144765959292918 0.431245338847095 0.890544812506167 -0.260879409626281 0.851544547314395 -0.454767715250467 -0.66928054711189 -0.665203616314902 -0.135101993351432 0.603375513866063 0.162469401568831 -0.356844736097977
-2.29557379530547 -4.81532789647071 5.94929022003207 0.697903771456978 0.694714538514211 -0.174074455311936 0.291442227711211 -0.053462674757466 0.955093233475088 0.128854853586025 0.0672284075010384 -0.167504557019427 0.377589267271008 -0.274173351923883 0.334890270179007
-3.58660373486356 -4.92487204514356 6.55474573638482 0.229240391191515 0.610701225373116 0.757952996403348 -0.93637098503501 0.351011765569933 0.000383540376788082 0.433611454405051 0.177227804095309 -0.469212639843381 0.0363331844387824 0.115990526551029 0.374978039620937
-4.07937657501927 -4.94216825333854 6.85904562456309 0.439372257559574 0.850362451781862 0.289543838324946 -0.898278145521152 0.41840334115167 0.134294081811088 -0.133519598321204 0.0755911443822839 0.122996629474001 -0.170784750847758 0.00187886930986795 -0.268678235877305
-4.38442862216783 -4.67971034482196 7.21565862226494 0.360970558963785 0.860326034776454 -0.359915625042147 -0.823956772591882 0.474983639552261 0.309007564313067 0.0948188101457214 -0.425229100982281 0.193906969610391 0.541288875150393 0.2704522393433 -0.491338919343397
-4.55122265300193 -4.37464808327098 7.58539196568219 -0.0609562542604536 0.578423695404385 -0.813455766327021 -0.880463390707628 0.352736754079305 0.316797848040504 -0.465561470381028 0.125341294601067 -0.39492825146928 0.503679052827704 -0.0523444666256259 -0.033852390923964
-4.82947090669117 -3.95736560138241 7.74035846613598 -0.0950121377657821 0.0878689229543233 -0.991590472518632 -0.780983075020181 0.611088094926702 0.12898319962477 -0.123074750340809 0.104097260582944 0.363877722354161 -0.185751220864474 -0.116405442288478 -0.00298532613763142
-5.04225529770136 -3.44590421389253 7.70020204109153 -0.276071711973763 -0.433223937391011 -0.857963494293913 -0.794821765677167 0.604809047594729 -0.0496407346253969 -0.00271566562671144 0.251069006335229 0.224444974072145 -0.0460539836473524 0.27142211540861 -0.163115339523788
197.401026523634 68.6965895456783 38.381063330787 -0.824320883768195 -0.360331480335995 -0.436641886580366 -0.337414574916517 -0.306614616682149 0.89002178603379 -0.104211979595371 0.35771535957044 0.202819305347509 -0.228516437140479 0.150799264864046 -0.417148913309101
65.50746042973 178.190823162948 99.4450890108773 0.39089019853689 0.60704050382156 0.69188626596292 0.412705672321295 0.556304386724616 -0.721248451508634 -0.37433056244495 0.161570177622714 0.395079572270863 -0.553568134510357 0.18722547412988 -0.166625194404582
72.0118520239129 75.9004464423057 -6.72378937157543 0.456832504900619 0.651372908880024 0.605819560507559 0.850825730589427 -0.518711036481544 -0.0838707196994735 0.569142611104387 0.548038986562889 -0.254306652492609 0.198090082716991 0.320405362246149 -0.0886137668324295
48.5455848798468 21.9307262036076 121.483939522418 0.0641506408218066 0.969479027426077 0.236632642435936 -0.831321564980101 0.183095114736198 -0.52476710785801 -0.406704109609474 0.215871803026546 -0.278488633474299 -0.67572859817163 -0.854564210999301 0.570939493099346
70.0507929841313 14.8874330265227 179.32232445174 0.929338329864086 0.170749122661594 0.327375765694188 -0.132166284480529 0.981734458425474 -0.136855359474298 0.261111644390482 -0.622613934406836 -0.35762288814167 0.525834573299779 0.382027302492389 0.053868069628804
104.910954867574 140.067971142129 136.494322811994 -0.789550930147199 0.583280865494785 -0.190768631320981 -0.478510611573837 -0.390506735256767 0.786468056675556 -0.0355337612006052 -0.449115526635774 -0.0579430608444132 -0.066825718752146 -0.013095594511398 0.138525115122839
41.1395262751887 89.9764806476355 138.962358965561 0.979848627602492 0.169080812634807 0.10634012704511 0.0945737166508825 0.0762058585408966 -0.992596780098574 -0.319613627472535 -0.911052529162748 0.0703103909698069 -0.071203959142843 -0.080906831903085 0.0236236794287285
38.975715063066 55.1239402151688 87.3375215764112 0.218068406783848 0.472081363111328 -0.854157638458612 -0.833775162339945 0.544990061628148 0.088343935171051 -0.0172331657841282 -0.19758025535446 0.0962000655568977 -0.353287771766845 0.464866980215819 -0.00384142657661577
184.43335417718 22.8316461732006 200.01366748738 0.262968909596319 0.0990105249213444 0.959710449674745 -0.584174146196785 0.807995027209055 0.076710239290731 0.190506424996911 0.0766014340796817 0.0665319190153918 -0.217370217106107 -0.3407165088857 0.00843626983582046
12.0562429178022 116.513849091203 13.3780566558183 -0.143908206846936 -0.320808328340943 0.93614760486515 0.980256512419102 0.0834141461936481 0.179273984028589 -0.184356808702614 0.0445759796809833 -0.218456204845043 0.481118427524212 -0.0142470705853769 0.0075514787827689
82.5741322054134 208.811874573503 157.842774535914 0.052320038750973 0.106449491531239 -0.992940582133456 0.757128329491605 -0.652573864884673 -0.0300653948072038 0.0237245181210006 0.457040658872998 0.00290794608133129 -0.590223691434393 0.0407377750003824 0.356594596191297
33.8966497934967 -7.25605571113899 84.536807541045 -0.821445780991989 -0.171230621807673 0.543973137797886 0.569032159103497 -0.182869495104911 0.801723785930559 -0.549077436599645 -0.471145291620584 -0.426342999871259 -0.0266072448830875 -0.359887229313804 -0.103970846875242
180.000553759472 167.4143087216 132.017808424586 0.690468473602328 0.596206405014867 0.40962313748012 0.55975533393146 -0.799058984135284 0.219496124711503 0.237435817604294 -0.377276286868748 -0.448579690719786 -0.200309607517546 -0.912238240687627 0.115550600127295
78.3782032667721 26.4003445928727 111.033234841962 -0.167286144112983 0.661720565979217 0.730849540386184 -0.933495025649425 -0.344793616327807 0.0985103547859925 -0.250770332082964 -0.220071882421557 -0.49617455627122 -0.497591844100157 0.110892781723505 0.059466606081208
125.579348192704 126.717397028491 119.426757108623 0.320134400583055 0.399015846720652 -0.859243964808014 -0.765646746050116 -0.42518030582493 -0.482707530586862 -0.0509439325450985 0.45667474509292 0.230193866349831 0.150205968384642 -0.429963149289877 0.213365151127471
155.616744341626 89.587827582115 168.859902435452 -0.877422536079862 -0.0770994354549536 0.473481932091658 -0.106412322403435 -0.931130246175661 -0.348816197026514 -0.361435964878271 -0.137787106923181 0.31683966266055 0.198076026186963 -0.342967914456283 0.361717434135194
141.520719652362 155.561771015271 151.530881704964 -0.0583494844773012 0.010876683660142 0.998236856173071 -0.627131056321574 0.777605151744 -0.0451300684137505 0.0933155485274301 -0.352912183240103 -0.129179166574444 -0.397175353904859 0.181387832719921 -0.208881741344703
5.98030806641222 157.336808442509 98.886826653085 0.618014807078937 -0.211845627792422 -0.757085878194574 0.781274592159101 0.0582362553675641 0.621464750239447 0.0215280236184425 -0.454954929488935 -0.0031988807947613 0.222972446982966 -0.0918572937282207 0.196863233334351
135.900515624607 -18.1127733366003 -1.97859791472257 -0.681230164534937 -0.632755329542311 0.368165815800559 -0.693688126519403 0.718644451723041 -0.0484433131767748 -0.422730217217891 -0.697177030374506 -0.0814444996701146 0.662609506379756 0.107313123117666 -0.128556727891142
27.5883129392417 92.9553538584901 64.0912105606599 -0.541967190315208 0.403735541808542 -0.737067885681071 0.428651806746378 0.887182986679002 0.170774111559453 -0.12418131447774 0.238472506312581 0.236908298040973 0.0386932665247309 -0.533576918836621 -0.640637163022221
130.398664676779 21.9286650050171 150.684928916316 -0.664657470517306 -0.52769979278437 0.528926492855986 0.448463125097311 -0.847990075905696 -0.282477432056585 -0.0150248538822318 0.0405878808309431 0.460110583214906 -0.413967915995936 0.0684438252015159 0.138771728701383
29.8364555444202 153.256022465296 104.449270362987 0.984970122717894 0.0174542521758817 0.171840332949724 -0.147647299498484 0.601361070695945 0.785216566404988 -0.435475664044758 -0.161742809690065 0.0658557626742305 -0.198482711508807 -0.0679149001119814 0.0513601817438671
174.175667740732 193.846010437492 186.792886401896 0.967745116935714 -0.115051154163267 0.224126094063672 -0.164857967933489 0.383511798601718 0.908702619341878 -0.0710680334535887 0.644933865079479 -0.440237475515151 0.0802252663246595 -0.000425602524763432 0.627463871590934
59.5048431965905 164.873479286323 13.4716035119968 0.392265787688427 0.460926574154794 -0.796036525037824 -0.0451792800974091 0.874006125936903 0.483809899189742 -0.0946672578639076 0.857302112793239 -0.197094783937203 0.325220995856154 -0.230073925911211 -0.259354284563177
48.3519030770838 16.6978925037486 31.0112869718606 -0.177874780259799 0.371548607147756 -0.911214609016374 0.650808113658031 -0.650137079962039 -0.392135805400162 0.397588404877848 -0.0217409434021133 -0.405223178621424 0.586588721271978 -0.339617882074774 -0.068417261213644
67.0385308211759 42.1401476290283 211.086763995589 -0.8288043705294 -0.558179721453274 0.0389687988678407 -0.551785123777987 0.803781873798869 -0.222413612533258 0.282304736151091 -0.104972836661003 0.193956501849882 0.0937226574090412 0.069949643902802 -0.0557324674828071
190.657857074165 114.469970203483 103.777766331619 -0.740604307410023 0.524186989204953 0.420396392657383 0.542636293788904 0.0975803045337728 0.834280417086121 -0.385116058501371 0.287488775487511 0.440927096926229 -0.0380408410057288 -0.234966992173176 0.554456050779825
196.029175609526 105.303058327765 116.45981706689 0.550720557071839 -0.477122543334588 0.684880147575295 0.819221911081372 0.151738171385584 -0.55303786042559 -0.0617540564134406 -0.21008148305553 0.358702645725818 0.0926588759281609 0.0677067192920245 -0.156893406950944
82.396701044397 145.675384967916 200.135589278475 0.31498593118252 0.656785778400267 -0.68513956838621 0.948500084268901 -0.243420385721322 0.20271659664922 -0.123590077685497 0.0876410883457697 0.00264189181247115 0.233153036274697 -0.291184958081164 0.348708880774738
32.3737851187916 142.075789565525 53.4159816479218 -0.474892074430866 -0.876850954429084 0.0748989046701361 0.519606953440359 -0.348064208542174 -0.780294675994077 0.539881718693709 -0.132026276949425 0.395935771452765 -0.216663718364463 -0.0741449782267914 0.64892046693982
184.97567940813 97.7338385097957 190.860518387314 0.5736229590006 0.519884373134072 0.632990372925052 0.0500851244813566 0.749062223333113 -0.660603614463442 -0.343630850914564 0.024603394452852 -0.0568832840805232 0.00158075197484084 -0.421107963911905 0.125430898019821
16.3020619253632 56.2161597724006 107.336508571243 -0.0602551634226786 0.956011918534684 -0.287072005207197 -0.360364669793987 -0.289032911464717 -0.886903143271573 -0.389570205305782 0.0580064425405736 0.0764637861106872 -0.357747377377751 0.502075607593842 -0.676124079659304
161.451297161439 112.63838967084 28.8803451499904 -0.900706495963047 0.320549626687051 -0.293215965638845 0.350394553359549 0.935035479129049 -0.0541489291757876 -0.0589263224450173 -0.237188759924177 0.0126178897372554 -0.105737224709792 -0.20407562233197 0.269092834139047
96.4893171254566 67.7425290601888 143.353723543303 -0.27258108570011 0.898964869796015 0.342872578725819 -0.846523932011409 -0.0547123963209053 -0.529531547895426 0.0841125875034196 0.0729213493065188 -0.255357104150721 0.168384430615702 -0.0753762889205577 0.169323286158361
26.0182505445105 124.870452898984 51.3947048155852 -0.780780249072169 0.61157485499322 0.127899457319942 0.228184956916494 0.088547145356074 0.969582852552107 0.0672757639185753 0.330419069322556 0.0245006694124849 -0.343961870626987 0.149512753310316 -0.242309532438705
89.0488464476074 151.781474384259 58.4478827351403 0.946568314755366 0.176957373751789 -0.269619004964121 0.0529100602231374 -0.909901802897536 -0.411435480043978 0.153849202532519 0.259312068291502 -0.371545857774982 -0.248377332156092 -0.449360799002044 -0.142501075744624
9.26260950114448 9.09304464640804 196.110139888399 0.487485398749154 -0.516044529997254 -0.704312366382932 0.131896174884703 0.840917854291635 -0.524843271172198 -0.465450662799828 -0.193044746048286 -0.0032524162392808 -0.606449153911903 0.338121807287008 -0.498952455993703
154.084928014359 122.585214855917 127.968076340756 0.685956283475916 -0.37103905083008 -0.625934393166581 0.308894378232964 0.927351089012482 -0.211196949675586 0.158695461504279 -0.36068892343257 -0.138776786920314 -0.0435813310933608 0.177195781440296 -0.171526109445352
111.764114630056 6.82958236976969 143.023581108856 0.401019132098796 0.792821001189234 0.458931857069085 -0.831943776828444 0.524907895323746 -0.179836356736186 0.467905985808305 -0.206647803640778 -0.342037339913464 -0.584910501283647 -0.588233962261001 -0.18744254151711
33.9161280358177 213.493060889794 48.6748193405646 0.092301924419243 -0.61149019192729 -0.78584982381898 -0.965342230893445 -0.248443995510255 0.0799365196943111 0.359542974848638 0.372342085385556 -0.246573448315713 0.468086802323729 0.231703763199857 -0.0067329867651029
42.2368891904339 53.6171916878078 36.8203320931594 -0.362828736799252 0.743676620740483 -0.561515996345822 -0.633616706057924 -0.638730878850105 -0.436523384247751 0.297805839638202 0.347412655743776 0.137500062719961 0.387803209374031 0.0168924160798221 0.341500325591211
109.696991524339 157.381067299588 58.6830874166957 0.556414693492301 -0.734675392221341 -0.38814263006597 0.362237785182906 0.634883651759279 -0.682426893318257 -0.234198134469648 -0.171441689754133 -0.226145896722909 0.14684552714945 0.0403730268341568 -0.13971569990889
66.2712105123246 106.541568351828 56.4427348003167 0.964756965380256 0.262921073970337 0.01078734240716 -0.263138458089956 0.964153460145042 0.0341492698726382 0.26881867244371 -0.121646226487239 -0.315626148204242 0.272103290596004 -0.11890519134333 -0.345679728958928
149.8423402967 6.81909538051975 66.1612137066258 0.823595916520746 0.541918560038797 -0.16737380637551 0.0722010247275451 0.19252513505394 0.978632193126796 0.562543269632581 -0.489732694402091 -0.30123986927813 -0.0749805129538335 0.0101710796826382 -0.11197696738183
65.3615561169722 147.158460751976 161.38067530903 -0.472431869621878 0.162126054383228 -0.866327389180025 0.521801250477393 -0.740709327401936 -0.42317010590793 0.0197947278116209 -0.13002395617863 0.21816803817125 0.954117094988677 0.215552922831584 -0.112700685577267
56.370203924732 73.1078061317273 60.9724345584298 0.522256770248705 -0.41022814634042 -0.747636640252584 -0.844109098106682 -0.123911799633486 -0.52165650264433 -0.100822897269327 0.34711657793868 0.429370319338553 0.235940283124947 0.112325013862854 -0.395565509564303
84.3969381022438 86.2214659796209 184.982196924019 0.525472409342679 0.676902426961469 0.515443290366289 -0.755538646843547 0.64980958844446 -0.0831186944449493 -0.0363481685075544 0.0751552542835708 -0.389580229331156 -0.310591288427674 -0.78103400961065 0.164539433111198
