t = 40000
b = 200 200 200
E = 0.0998620586876265 -0.215564887213161 0.315426945900787
-1.66451057233348 -4.02956955217988 7.95162842817604 -0.718661560526091 0.0876999528573755 0.689807354955009 -0.302364963429108 0.853907934636358 -0.423575854615985 0.0903884711944806 -0.263267762316559 0.517875002909654 -0.0147697594068671 0.521159313502803 0.208376576270516
-2.08787459774288 -3.82793465164207 7.66285746714144 -0.173547059551198 0.34428517239066 0.922685765175358 -0.428139606012117 0.817359327163616 -0.385512708889909 0.221926932715482 -0.0955481141273504 -0.482630759716813 0.248599623921465 0.0195290720896397 0.641372665918386
-2.52520553196271 -3.45713737477325 7.68598060675169 0.594040453194498 0.353644462451268 0.722531213823774 -0.330587098124596 0.926156275338713 -0.181511846337958 0.246750276862873 -0.275203774025051 0.103664634390551 0.838881103321522 0.153639703111771 -0.0475061572683097
-2.817171507436 -2.9201370152926 7.80534466154295 0.880475723102632 0.138390584295836 0.453442823122254 -0.173899770970973 0.984055191380525 0.0373377477643515 0.0410100979040635 0.0204599440394541 0.194494222208082 0.202758101261208 -0.157736683536416 -0.0159302052966247
-2.89520422732591 -2.5698107352577 8.08069029662388 0.941696910675779 0.156809918199586 -0.297686805415047 -0.216161759556294 0.95997134446472 -0.178126234713024 -0.0620903036187829 0.656278887629092 -0.569486321076437 0.321088688158465 0.046737473632433 0.259254715113038
-2.79653554410905 -2.06859326087283 8.21902278829431 0.674238095362225 -0.0793571184095564 -0.73423790934228 -0.0905885380374515 0.977814895910547 -0.188869071184956 0.305695424936119 0.262981677561032 0.0731508204903145 0.193204061752426 0.222149452007352 0.14634839721154
-3.26128770600923 -1.52540816833081 7.70207946816298 -0.0451776042947594 -0.797311376288501 -0.60187493974833 -0.672431324855532 0.469833149239068 -0.571920276512984 0.288285954523159 -0.260643170476552 0.124943898437112 0.0957631822801018 0.321798363515745 -0.0031458241264152
-3.39545969708993 -1.30848450640323 7.24223559880789 -0.536670768548247 -0.831542640566685 0.143252018897908 -0.781488748996318 0.425804424819625 -0.456032686337461 0.207549323024551 0.217277398118606 -0.0992297054236484 -0.0412107983184735 -0.171615219530668 0.319875078286945
-2.30455432528785 -1.35325868881651 7.32165949304466 0.937097664306605 -0.199218134652972 -0.28663577133701 0.297468525972997 0.885423265104104 0.357124629543029 0.251052551697207 0.366015445665236 0.361994276657919 -0.20916868166373 -0.0665116948805854 -0.172633230412529
-2.41245490846006 -1.63990352757074 6.63777830252144 -0.701579711565897 0.0408054558176859 -0.711421609283534 -0.165586722683694 0.961695215007148 0.218456558677272 0.381120460473224 0.22590864195582 -0.0477251669924178 0.0892833088116915 0.132447980840751 -0.497813516166815
-2.00847740245757 -2.14641783646212 7.32688536034201 -0.644276243453775 0.0322591789525364 0.764112102611933 0.423627798925318 -0.816781249201516 0.391672858093552 -0.310475393155891 0.382879940786822 -0.0985561325028351 -0.371377494700098 -0.0530301412258518 0.0807243801273161
-1.75344483202031 -2.37536729098247 7.75761000748752 -0.952088185948746 -0.188643732110737 0.240710399436803 0.274804479268571 -0.873112785171246 0.402686508875417 -0.139474024042855 -0.10715428785714 -0.151984891439758 -0.261871013755509 -0.0862276468175607 0.379550100497817
-1.69347711633674 -2.73660536973151 8.19130667451856 -0.955652197147526 -0.148795442130069 -0.254143076092553 0.00402034512737085 -0.869483025195057 0.493946346727578 0.156548708704163 -0.351688875832964 -0.245622373427125 0.0631301319209541 -0.307167519085235 0.0859730239971174
-1.88551860224763 -3.00563207635247 8.59061663738996 -0.543486528612604 -0.361628963746236 -0.757526746608941 -0.029480197250602 -0.893663331574041 0.447768565112408 -0.0483803153628245 0.0767844168418662 -0.406528461973764 -0.511657674905306 0.480822544868542 -0.587332340089756
-2.25379095818366 -3.38394791148497 8.75952400339104 0.265546384616847 -0.409615081987456 -0.872754550429779 0.0507702497919334 -0.898057512878724 0.436938171726559 -0.285497108015058 -0.130310450891905 0.342345874711855 0.354796941905576 0.619975441345396 -0.443756106363428
-2.46218743344622 -3.82968768065507 8.84687612070843 0.695985753681183 -0.180487985513365 -0.695002029500051 0.0449866334394936 -0.955032944667621 0.293066772565527 0.178007736582859 0.112739048724233 0.311583115806567 -0.210579005271612 -0.788324115149095 0.391850819943022
99.5762066161751 92.0598088614362 76.3936255054882 0.396812209945517 0.331629439159411 0.855898275601288 0.857272139122123 0.19936738207247 -0.474696763775984 -0.581595512552773 -0.081966119439253 -0.11645269056796 0.360865885682008 -0.0423294259885527 -0.216581044855269
73.1192153917818 10.0512229060807 175.1357608019 -0.505247549257621 -0.273882831934954 -0.818359935852407 0.813061603838324 -0.468907340268854 -0.345045885299216 -0.582014857596618 -0.438497956137364 0.208369102030043 0.217542315184833 -0.304501096195424 -0.247365231179306
67.8177478435141 122.01987057453 44.8187568140837 0.641017878803721 0.757964437580446 -0.120772215748296 -0.390648905469032 0.457642020683829 0.798722184250941 0.293360558686349 -0.24117311286368 0.108465334889021 0.231713990131231 0.312459507515395 0.130422014860598
28.8909331752872 49.91570261502 23.0692694905026 0.0673575150335414 0.146141402315756 0.986967849485007 0.99012706963183 0.112087708823113 -0.0841700755113723 0.435165166300988 -0.350588724863331 -0.250171482784481 -0.464877089787578 0.384420101014697 0.0849029780838632
70.0844739383067 63.6438831037946 203.071767659003 0.142485729337044 -0.437827551484332 0.887696318955171 0.721626501437701 -0.567890682298227 -0.395923284221904 0.0559087654751268 -0.392477153928585 0.0957118127829186 -0.0693339476307447 -0.462171712432124 0.207808469394764
77.8062071782735 6.60144066114332 155.006313280786 0.605118673984297 0.693601412712278 -0.390830401557922 -0.754030466626145 0.341772655746987 -0.560918380425673 0.0518403769640986 -0.0783489199814164 -0.491534254487039 -0.0998203690815526 -0.454033841956523 -0.13429132796445
57.816120291905 83.2727110906499 166.368485427296 -0.598579113908619 -0.512150624817774 0.615958345583662 0.495240522365335 -0.840966922393132 -0.217971029578386 0.0141816579460584 -0.273752761286565 -0.100416014940862 0.178980170878418 -0.323430074261215 -0.079036089869447
158.696378217986 112.290340472593 1.89496648023025 -0.64224144594151 -0.507092579672343 0.574789486191692 -0.441875921441796 -0.367798984400492 -0.818211151739116 0.203788835685054 -0.40076895260693 -0.252153562753561 -0.245828800797873 -0.0930420359176303 -0.732681952868161
59.5901484718112 206.405847027883 176.47176499134 -0.595635893046996 0.803102372405015 0.0156305599284835 0.462990582717155 0.327354251200017 0.823698262997828 0.203075511144966 -0.167000853003712 -0.204667498033666 0.659205401300373 0.150612259340009 0.609646867736745
89.6528911009269 50.0553969427334 102.716526217078 -0.407911810630111 -0.863710521411934 -0.295993133742598 0.847198787430319 -0.478924029255553 0.229969226504249 0.0130015784532139 -0.221502635588107 -0.152127551414712 0.550979771584555 0.604693095924508 0.303558032670933
38.8937121923769 112.679101792111 182.685495559847 -0.00815142134497828 -0.696340566287325 -0.717665123232106 0.995370537923451 0.0630813278971223 -0.0725126456541364 0.0738299535691958 -0.420705372045823 -0.176196169937558 0.102778731176853 0.129197495661813 0.512959210801696
184.426305974521 142.195537132707 46.3967203710454 -0.954749635471455 0.279814731900519 0.100780551110729 -0.294710490393275 -0.844552537739831 -0.447075578097045 -0.124862608176953 0.271658902583607 0.0382818093815629 -0.596691670843731 0.355655174650882 -0.813612475635278
50.2846934622488 -12.117842726552 148.428950809266 -0.368280249771301 0.700246428003293 0.61157536415574 0.610444635138235 -0.314021607601329 0.727150355853325 -0.283532278795172 0.424330011880404 0.178963619529958 -0.101699498105412 -0.0213743063749364 -0.0822886074555051
98.3979111030273 44.1137703930475 78.8290934975581 -0.718960182964166 0.124561405724144 0.683798674657167 -0.685348167647319 -0.290861115150356 -0.667605832887188 -0.207645227676066 0.299449116073817 -0.564525031293753 -0.327858075203835 -0.130896166361685 0.135776475895297
149.599915354206 125.545866420332 7.81124925178061 0.715094835345192 0.542586765563551 0.440725419334844 0.338140596806287 0.283311826834904 -0.897438167550428 0.0600528745771087 -0.538917968607042 0.274005671024097 -0.0453218938729694 -0.345286507946681 -0.17973939302222
130.381923482592 79.2096376674913 108.084946635111 0.528006363418512 -0.774451373099555 0.348474236498125 -0.443063026915942 -0.601275973430811 -0.664952775267769 -0.11285895255686 0.903989125907531 -0.563796772932379 0.586927952969539 0.201205897926311 0.663394686559141
140.212484350964 140.661380704824 134.425710994541 0.805362703904116 0.413731111091742 0.424520203905991 -0.399548099944904 0.907895572202821 -0.126833729578705 -0.177541598479681 -0.467248171068358 0.138578646839653 0.0552855974122219 -0.614069064189626 0.00956101637677075
20.3848262032273 13.1825374463273 124.216537853595 -0.906527614602356 -0.304367336955417 0.292520243187754 0.404102013058119 -0.826094777097328 0.392770629326217 -0.086254176316329 -0.526370812908945 -0.0353291406612785 0.217907142095188 -0.252906585677777 0.186591840729803
151.578054239161 153.396665772555 177.130913982988 0.442107733611179 0.150241898588049 -0.884289551319074 -0.574640047766594 -0.709541238125841 -0.407847934439264 -0.311448694112937 -0.0190051106513171 -0.0554701374947717 -0.0909127944268354 0.139273539319137 -0.208058901292602
189.193416496883 61.656464428475 74.2980106887735 0.326526897295384 -0.377663927131392 -0.866458344177795 0.935227777778805 -0.00363640325588348 0.354027799696589 0.378131588115798 -0.621991974023383 0.205928455791682 0.0300758291706999 0.379602662370643 -0.683659944860651
152.900304682196 178.161083412231 26.0201179150151 -0.498094074834822 0.125304433864941 -0.858021515471243 0.109789438620751 -0.972427130825829 -0.20574649870101 0.489630146169622 -0.434177813270798 -0.0499220414679058 0.10056116994093 0.174382744420037 -0.336623388757902
22.9341371391026 189.389139398044 183.449992916486 -0.628564304974209 0.0478756452993772 0.776282630023158 0.770036346826437 0.17859845511781 0.612491937489109 0.302496270545028 -0.11459039885853 0.337170442728803 0.245589247628586 -0.182708224296294 -0.1748397146159
61.02951853985 196.016028620836 163.052091898432 -0.461066845524379 -0.866877884650901 0.189578551135495 -0.88357388383646 0.468225567728654 -0.00787137558626783 0.463461869917877 -0.0229337466306063 -0.0677815190147523 -0.00981791095182765 -0.3994807026377 -0.0651203101021674
103.405289267526 165.366652472167 182.307438989957 0.104002204367698 0.0552955473384757 -0.993038682884714 0.579981296344918 0.807740654175615 0.105719735186237 -0.0177491190452875 0.0760520599814144 -0.83675136770913 0.0540689580655102 -0.124115568612734 -0.233258805910567
45.3296372799401 153.124600056456 22.9887805424421 -0.92753930216909 0.232975404788365 -0.292221048477779 -0.153574640399351 -0.950450803190135 -0.270292355586223 0.301474104799857 0.072039481846379 0.164686598771391 0.645987530941562 -0.134379601262586 -0.0667421494950536
120.375019105704 84.892148995765 56.7822168301419 -0.633905404673495 0.766398116134402 -0.103912278717582 0.346156055018764 0.160997664184907 -0.924259500027672 0.0458880186363269 -0.509218946363879 0.354035243557463 -0.0973363607847116 0.441881040427609 -0.347794510480724
99.1097112407269 128.439289446085 164.830806612458 0.362176650068354 0.876053501455349 0.318368030373855 0.617737222725998 -0.481367932438878 0.621840393663318 -0.458186687600255 -0.931901729753499 0.00492386026451507 0.152183208951379 -1.18628704590868 0.0492998184417549
151.689094241313 145.656790480805 169.786582396033 0.556781554739107 -0.773246165899373 -0.303454365455433 0.606340492034747 0.628026962459295 -0.487784045037161 0.771138675483574 -0.19121588863455 -0.148719475060688 0.149631823736436 0.162248761586228 0.473837441445321
158.39307771628 60.0355944944558 90.3049006359167 0.691685297041418 -0.015864831270727 0.722024631878464 -0.476621961415023 0.741092078678822 0.472878279283588 0.292542321200073 0.0207057155598259 0.261738730934604 -0.287082621164265 -0.111474147554658 -0.209927458998917
171.149370748358 128.989697496454 74.8530741149857 0.217237762129512 -0.106295370248963 -0.970313815953179 -0.926371187362224 0.290844361615953 -0.239260904951032 0.00799780423010695 -0.667796937902301 -0.0852331716461305 0.651431382097053 -0.241015535623668 -0.0358260268219852
61.9693855147674 88.5883667096206 14.7007515766257 0.844745294402111 0.327185964157224 0.423502693186959 0.474702576685845 -0.09270538352661 -0.875250280166098 -0.331106735951337 0.257508481316311 -0.230924657763673 -0.271160339281707 -0.45425815297189 -0.226427431679846
122.277829756269 44.9519333237041 81.2383203679175 -0.237011384386636 0.565477466471821 0.789975126303124 -0.769364446023011 -0.60576743340779 0.202790814005914 -0.185543260945391 0.0522984379527442 0.0652634065643325 -0.386884176733617 0.406253614702942 -0.224814062778818
-9.92647547836896 162.150913022084 142.082231216988 -0.490812308261399 0.259741192507633 -0.831647564864872 0.0227768432006658 -0.950377134269186 -0.310265127851873 0.00736825829781569 0.0148670392025272 0.172175321396225 -0.128154746133695 0.735988044457824 -0.256852263685749
5.33523206632399 81.3575349787811 39.8301959853953 -0.980352914324191 -0.147658957378562 -0.130785621654414 -0.154108288231649 0.987219792328027 0.0405905804046125 -0.199841703815775 -0.43815445007961 -0.171515882954338 0.811504444815269 -0.0956139135936772 -0.176461828114123
168.15033382101 51.0296991611821 59.2379244556188 0.611316874854521 0.567720569149822 0.551348330858119 -0.0834942064922094 -0.646530782296149 0.758305034224364 -0.000855562697734957 0.00357717112252757 0.336210872038361 0.151581347027763 0.0738787118001262 -0.413842856445064
109.313945790458 7.62935455423209 88.7283151986826 -0.258328055969402 -0.965774761138332 0.0233579591714091 -0.248131377765986 0.0429645823513622 -0.967773041151835 0.299616592433264 0.501396626750704 -0.114689801988019 0.279399741800831 -0.153187564725946 -0.0168529063829777
53.6999261266333 77.2607856104815 41.8353737044787 -0.252297677517516 -0.550427392567718 0.795848883170558 -0.448958507087883 0.795159916698923 0.407623369095854 -0.420793721081931 -0.00721900360390517 0.125980681226615 -0.448681437886225 0.660048397669576 -0.0812298434527794
71.1304919129889 186.886957440071 44.7997000728421 -0.344471697027428 -0.0694463776048177 -0.936224508615703 0.139527087469531 -0.989971610563143 0.0220959525096662 -0.200600161259664 -0.160775257756336 0.386176618051216 -0.732299927306498 0.0821731897681232 0.626165283805101
74.2184938225285 154.108284894481 172.974694648614 0.30630509797269 0.529900742003891 0.790811182525043 0.886785942140203 -0.460878995282056 -0.0346567449603074 -0.274031347629634 -0.222394771030088 0.0478580885060058 -0.0667156770276191 -0.0605778541490359 -0.223401478824446
134.530067803757 18.2692689518139 133.406523467205 0.730878567967373 -0.524481357029362 0.436733032085547 -0.458032152545106 0.0974693008809101 0.88357579439841 0.447729362370275 -0.22212357602752 -0.02107047733394 0.129410765655188 0.42947878843679 -0.286236479485661
-4.88930523854694 79.841714004039 123.771491185735 -0.384163973899745 -0.405778610533985 -0.829313948926723 -0.807664337318563 0.582898175834161 0.0889263763165697 -0.197066860218054 0.218631471752414 0.0352826189915423 -0.135270277247174 0.0558148408619496 0.14392613275178
13.030346278201 187.843826192685 147.54343655305 -0.120017876157218 0.709813942369145 -0.694089119751016 -0.322076690147141 0.633489077159773 0.703532612057342 0.145082355092326 0.0969592037807407 -0.31165200030365 -0.730669916849773 0.177991257765063 0.480776058990312
77.5487932615047 90.5092460392747 43.522770767185 0.625895426501965 -0.348328077044164 0.697798206856969 0.776373214652424 0.363350102595833 -0.514996208958552 -0.350513821511543 -0.101675784778326 0.0137414114325976 0.66203077841737 -0.285514404060982 0.287428310337554
116.092489090837 19.2117133932914 106.558291544931 0.108418906836727 0.592408051491673 0.798309451084471 -0.890784282555072 -0.298592956823207 0.342557301708422 -0.229985231302114 -0.367742700949706 0.400825622835844 0.457600549025555 -0.142117006270087 0.251931169232119
134.802618615207 96.6807243844547 185.921494643708 0.697852822574395 0.0560585541331649 0.714043959601295 -0.194398654448773 -0.944685346826585 0.264156476701424 0.147473037214472 -0.259453430716914 0.000721039630289781 0.257683464629561 -0.331548142028775 -0.0750897788018809
51.8209421476478 79.7432260330546 37.702889097311 0.578106788286218 -0.0704438157612742 0.812914591002009 0.101755496042438 0.994713220318417 0.0138340170806398 -0.604125849066295 0.170269941515592 0.521328930945108 0.0505944802305458 -0.21346608924898 0.0560026886889013
109.67612599948 182.410882472542 165.778679078401 0.929684051249451 0.200920917459261 0.308736473176461 -0.064858252351504 0.914335153011805 -0.399730544100953 -0.266584452647361 -0.0513310835314142 0.306020757396973 -0.204919923392911 -0.672729575158414 0.00421506518961841
214.475438369785 27.904010092705 61.3612856637015 0.944417104729786 -0.156849536645938 0.288919448845904 0.163569271563586 0.986531408947921 0.000897769869103828 0.0790875349860807 -0.121288229632117 -0.200536936262402 0.385401156000562 0.104113355741384 -0.0236071226824309
166.708556971139 96.4548899812919 137.975238701176 -0.0794693188596158 0.689463690592744 0.719947442219146 0.091501475725556 0.72422784969605 -0.68346274235212 0.201416299903417 0.0907013655945406 0.105369372497484 0.153561930338866 -0.186376814352545 -0.108161566078003
142.438516733508 190.588383441758 169.349724101626 -0.745140214704891 -0.488207849488905 0.454333615207519 -0.63514045403704 0.311741728131556 -0.706691989919214 0.5555510740576 0.0193358014488783 0.281389893316203 0.393574155889408 0.222117307328115 0.414140947992451
108.628618413287 177.315467571497 104.242340414363 -0.485558227104817 -0.736155301143622 0.471496056588228 -0.862801896644175 0.316722577780247 -0.394029928547 0.262436374982903 -0.26989827907448 0.0830957632672906 0.399044402384757 0.395079305553805 -0.276681620654572
187.087816913118 213.445832131632 100.04307691737 -0.826325924411054 -0.248483289528472 0.50541211601717 -0.101286903900493 0.948341605441257 0.300647788283616 0.292945112887697 0.284806724613877 0.0916139461729573 0.00730081783851684 0.328098519537823 0.0914848895910877
138.747462806625 78.7415549225135 30.5138340372147 -0.0234853886626687 -0.300373757984659 0.953532366330123 0.934575826512255 -0.345275709789906 -0.0857473803472281 -0.14707323431617 -0.02377191087886 -0.287492123917401 -0.108441584374879 0.175844304973199 0.0659835304160583
178.632807525408 75.25173950587 73.1153409679555 0.88844380933588 -0.423556175756331 0.176826715081084 -0.0394909171329863 0.313286251997864 0.948837227496174 -0.120846471114831 -0.0111266080654493 0.212739204017791 0.12294558875143 -0.0194065943620737 -0.329691255278536
72.4889556275631 34.6090764813551 53.4378142621888 -0.483925365479414 -0.874143594674127 -0.0410984655110759 -0.741586816590019 0.434570534159312 -0.5110746736353 -0.492458501659081 0.0424181223808238 -0.00359230436584963 -0.167300137272807 -0.556550374089614 -0.113076490832788
98.9703881188839 5.65685208501703 142.210007348709 0.464810715199625 -0.497390267205481 -0.732498340035954 -0.0333412994773773 0.816879085784106 -0.575844424811904 0.436435471524079 0.0908415012080241 0.207937232880576 -0.279657830920347 -0.10414853863896 0.152290945419494
58.4402048517593 80.483702892752 88.45399483451 0.880037219848204 0.350886729721821 0.320020111771029 -0.401759323136826 0.909388210210963 0.107714836861904 -0.0719863702530513 0.276198178127805 -0.530840205306242 -0.703413416924179 0.352296531503389 0.491378447379537
25.77079177503 166.928778443632 85.7962945580214 -0.20992818547456 0.353763574967284 -0.911472084442047 0.506949745923852 0.836524425715938 0.207915087652718 -0.606300101728453 0.21709974078851 0.492955597888831 0.72537608669727 -0.17191475035392 0.0861838821132213
68.0966444200812 114.824487733393 20.5684153808014 0.431395903898352 -0.12367089520236 0.893645876697976 -0.201839262380129 -0.978680995021714 -0.0380035952259421 -0.131721804995019 -0.278362860649311 0.240358414958574 -0.599433815962289 -0.252167601885869 0.295726435228727
77.53357619853 169.356615827469 11.3027574441547 0.334387886139675 0.938234293625896 -0.0888874879934597 0.610168901097519 -0.143649945734939 0.779139579943267 -0.484230452328637 0.379709114083835 -0.0604555576888662 -0.422984418509473 -0.149477278788681 0.637460114369074
99.074706402854 201.895412681085 138.209189444231 0.100199688319031 0.416344968264169 0.903668481029323 0.6002779925365 -0.749620201724196 0.278811297998188 -0.232432622248221 -0.0946731002643237 0.50066867269702 0.407697129566558 0.739663971755961 -0.14404847970617
117.829184084088 84.8519744895204 163.308111030021 -0.521881649097153 0.85265355064387 0.0249285763922756 0.798052653361484 0.477724368715125 0.367275507334887 -0.588057308239204 0.377525387460608 0.511077851226564 -0.302339769611638 -0.0305304632730408 -0.288881649240896
188.727690208953 38.983255565037 73.0638299048788 -0.0648104342230794 0.991835798893019 0.109823515762279 -0.308811222969743 0.084717973405111 -0.947342795124321 -0.0527226909199468 -0.158314889857441 -0.15369383513737 0.0422093925111684 0.0444825582639602 -0.205671263816596
63.5939176380771 147.230115076782 36.7380577249972 -0.0482349344547577 0.570014081678173 0.820217791788921 0.994162253481285 -0.0519477294323511 0.0945655392429039 0.209429109394693 -0.0908230786870684 -0.24500036902175 0.704615187835031 -0.378501429350873 -0.0425835780480491
0.40398496998799 141.561205249544 149.733587793136 -0.816873794153348 0.15058971706032 -0.556812120060996 0.264717963923929 0.955532228344796 -0.129932320885768 0.117815980488286 -0.0345269699259257 -0.0748784208541021 0.0855713570760964 -0.0149346194439362 0.118912638313642
107.269085019755 193.82379938565 148.06402727314 -0.0381385981276319 -0.816431975379936 0.57618066301464 0.940007744028464 0.166305914547464 0.2978719201673 -0.384522458151181 0.277633513886388 -0.394352350738828 0.0140805298944216 -0.221992638477231 -0.332638206157637
136.627728741295 41.3202455802225 95.4976606114088 -0.49186988176722 -0.377816373570071 -0.784422523992086 0.80681605048301 -0.536447057190553 -0.247532471005224 -0.279777165399879 -0.052107533024505 -0.422027079354155 -0.246473493676976 0.143562884217527 0.0291988741338951
63.8443929539459 129.743054062063 150.05584062653 -0.498776614644826 -0.865432491234353 -0.0474174168278033 -0.523692086068406 0.344510059080883 -0.77914011458801 -0.105743493144086 0.420096060655721 0.766318838437456 -0.0339594837962775 -0.0449827325947593 0.339770585273849
22.5058615734943 172.474668489998 132.605313354341 0.866859988660741 0.0940892581902898 -0.489592517882774 0.138901041513217 -0.988725955078638 0.055922448947661 0.522915527486696 -0.213876330417254 0.0671965807934625 0.455164893437316 -0.233063114428226 -0.564871004307188
86.8919689867395 155.43766457127 20.7164016663077 0.768646828314313 -0.189057060855204 0.611096882521875 -0.196543658372333 0.839313128925045 0.506876620118906 -0.107359207710538 -0.441104744355876 0.333661906293145 0.0276237515824088 0.23851329997018 -0.177830251246845
152.014456228138 94.8710510097697 76.2742683334843 0.800101088330423 0.513051425213847 0.310831729532632 0.0983733431146854 0.398932690580499 -0.911688150458739 -0.149702191830126 -0.780227332255442 -0.271131028478718 -0.0292631760213272 0.295735304027598 -0.0352181496160244
