t = 30000
b = 200 200 200
E = -0.462503551144141 -0.585114775947499 0.122611224803358
-5.23072817823552 -3.8276595559586 7.69139514353637 -0.219712987657407 -0.536776337347525 -0.814614809933285 0.923911334566661 0.15361552160151 -0.350414082946345 0.0737290173757855 0.188825359684015 -0.141996316202234 0.439174054638759 0.0249645115358967 -0.128956897821368
-4.77784240482319 -4.12059301691883 7.61119833085873 -0.488089955430957 0.110377642535367 -0.865785692707666 0.872777632495686 0.0557846753746238 -0.484919778469582 0.0927263517280003 0.0092026747056887 0.420513689472762 0.0627108492073244 -0.860559069490227 -0.182670962817268
-4.51809761029619 -4.44728310045829 7.31681062643664 -0.309303161537379 0.738211525443797 -0.599479075975619 0.885559233089463 -0.00615422729720827 -0.464485603680578 0.0250430132537108 0.238629179069906 -0.218592600796491 -0.350474418160079 0.408043549379125 -0.099324634166128
-4.14844220766616 -4.49193341462276 6.90180205719098 -0.238082832516586 0.967600716041588 -0.084055218625716 0.89573735279708 0.185293881937235 -0.404129535699976 0.052988739608189 0.000280042271084024 0.12971132154085 0.375855363684741 -0.173207110691072 0.0667961644389764
-3.82730159671331 -4.33457199832199 6.51376591563308 -0.15223514632144 0.854921540810665 0.495916820426444 0.884507416449114 0.341731349018 -0.317594359219759 0.296543616618383 0.311058929279679 -0.153106339038601 0.177617671062008 -0.12518147227566 0.312044420049499
-3.56106737144208 -4.06508651101348 6.18246131485473 0.0482625051034012 0.509985137166347 0.858828141785332 0.93431750202911 0.280961092949157 -0.219343661641844 0.234693476393164 -0.416559794701256 -0.366848793174203 0.222708968377472 0.212270088658465 0.135754251484484
-2.7079157841934 -4.61933745166829 5.88056455490829 -0.322948203713477 0.720522582939465 -0.613637994799537 -0.458961751244968 0.447804926740109 0.767349171415943 -0.258209171031133 -0.164114171206234 -0.0781046624887964 -0.308356217913854 -0.503563032769203 0.399745209225293
-2.71236752296082 -4.20880839684142 6.27973549639604 -0.808028776130203 0.0253933767192431 -0.588595411985318 -0.557411045314775 0.290508123295257 0.777751799066601 -0.319998426772205 0.0491934944295202 0.465533040769434 -0.0425317105723631 -0.181429941057359 0.16450577612768
-2.83813105877741 -4.73877133416579 7.57456528086849 -0.962796939215215 -0.249593177167714 -0.103562491205994 0.251462401009301 -0.687219672051251 -0.681539194165314 -0.0101533263751306 0.0854316320415229 0.280087251090873 -0.338568497432687 -0.348103795362612 -0.0271668833421226
-2.71172176825371 -4.11232102612459 7.68483216509207 0.508548120763793 0.843591568545217 0.172429627698022 0.491086295154334 -0.448666164475704 0.746681200178425 0.178393940508957 -0.558997858166802 -0.349469047590005 0.0751057653866684 -0.0398594453695179 -0.420201898013728
-3.48537265000283 -3.45971135996632 7.22559500968539 -0.130528821449703 -0.394929559157213 -0.909391415022538 -0.908322113222448 -0.320004883876807 0.26934671896132 0.178727648643318 0.00357457493407808 0.194033180706186 0.445666827984899 -0.162728431993528 -0.161842818456341
-4.06734465631638 -3.33803795232447 7.14182885416774 0.151704787477333 -0.749444742536374 -0.644451809491549 -0.969291114537145 -0.24046859773287 0.0514729340520037 -0.306508188085619 0.230031554309954 -0.218732874302597 0.313919063232568 0.275486002069788 -0.127548019510005
-4.49545552261819 -3.36995563453448 6.76111854140795 0.257516354054833 -0.945109900208357 0.201128048822263 -0.966254383476058 -0.250548185491677 0.0598163575367618 -0.0628658903184508 0.0157024796227465 -0.830179144236011 0.0531102414057073 0.0587416861939844 -0.234419209740315
-4.90029945809317 -3.64131400166798 6.54378027061061 0.313314392786946 -0.593494089143504 0.741349307524524 -0.930345860200762 -0.348429630259489 0.114250892642747 0.013645779736456 -0.36923136870165 0.463034206821322 -0.0972177191625157 0.246656866570762 0.153964801762822
-5.22177480395717 -4.04006699656341 6.5168221522228 0.364362709962064 -0.057475194305455 0.929481751443599 -0.831113838335376 -0.47032721044125 0.296718830898944 0.21757011848476 0.283839264221087 0.168080374222392 0.040217020455185 -0.134063194779768 -0.133175529794027
-5.4359030246346 -4.52132878563839 6.75915466910791 0.0811521064057551 0.62874507039899 0.773365325658605 -0.848448306052724 -0.363588596138368 0.384627973152036 0.315319670287234 -0.509492052365151 0.0261907805325866 -0.0251265293193327 0.36737775681285 0.366437685379701
113.052869019115 158.745767998717 136.642305782204 -0.30564075121386 0.813679794422826 0.49447839493919 -0.729792419918121 0.133358628350209 -0.670535892391595 0 0 0 0 0 0
139.386557029621 85.3534006958706 71.4823157121762 0.684002406539123 0.696389934234344 0.217213503144015 -0.717905326880357 0.69544750497358 0.03105878150832 0 0 0 0 0 0
44.4742145245266 101.07020674577 139.919464660945 0.855165219481519 0.255102683757268 0.451237140179657 0.0185793659030309 -0.885042372702712 0.465139527293411 0 0 0 0 0 0
179.718474652671 125.090738158607 25.5774584560705 -0.857640231319033 0.296240325008126 0.420350799588195 -0.3458548238921 0.272655580053935 -0.89779912291607 0 0 0 0 0 0
13.5290249125313 195.967539583544 173.959608139778 -0.643835593878191 0.721515565810648 -0.254737039312512 0.688198678736671 0.400523425864782 -0.604949141525792 0 0 0 0 0 0
31.0885256358344 119.897421399759 153.398959583156 0.590510026332494 0.0766884387160005 0.803378288018716 -0.328789179909196 0.931975428085913 0.152707108387363 0 0 0 0 0 0
79.8009191859913 151.397577026047 62.3331172526689 0.697477561886574 0.485135578594674 0.527416751624145 -0.394725171127952 -0.354182238343694 0.847789406081959 0 0 0 0 0 0
65.9181221543489 161.365652505927 47.2833921984542 0.940245479463729 -0.289402102676802 0.179401092775901 0.140534780861057 0.809746626625146 0.569701970325302 0 0 0 0 0 0
124.711600781369 42.3167695581543 148.995512566767 0.442213558211503 0.575430217184517 0.687987757411557 0.18710603604603 -0.809373561773794 0.556691770784997 0 0 0 0 0 0
111.369043098395 188.047545140966 105.820942311201 0.610154968968773 -0.115535533522483 0.78381269236877 0.639956904104831 0.65510837046547 -0.401606917004747 0 0 0 0 0 0
24.4299293027704 15.53669824703 115.128791770228 -0.244549003519958 0.416954709134538 0.875411021705417 -0.869592452611159 0.305091259078131 -0.388237275235946 0 0 0 0 0 0
90.1450126141775 128.224458904893 114.952713712702 -0.391493462051879 0.401898672822111 -0.827774260290903 0.821435953905219 -0.252774337306345 -0.511222061768397 0 0 0 0 0 0
107.502963711833 105.356748911475 172.902244066875 0.950749470645813 -0.0897899430247874 0.296670005140596 -0.285153220711889 0.121814763752237 0.950709570062946 0 0 0 0 0 0
105.497410558174 117.053944932596 5.82742639949406 0.693984530896353 0.693385290011821 -0.193912992283454 -0.672495802342413 0.720452572787802 0.169403154816507 0 0 0 0 0 0
