#t = 173000000; extr. Ts: 0.0993833 0.103383 0.106383 0.10705 0.107717 0.108383 0.10905 0.109717 0.110383 0.11105 0.111717 0.112383 
0 4.51216e+10 5.6402e+09 1.96995e+13 4.68563e+11 4.65501e+10 2.94138e+10 1.89398e+10 1.24229e+10 8.29702e+09 5.6402e+09 3.90085e+09 2.74365e+09 1.96164e+09 1.42507e+09 
1 5.34051e+09 504130 7.26696e+09 9.73771e+07 6.39586e+06 3.69758e+06 2.18131e+06 1.31274e+06 805685 504130 321486 208865 138193 93078 
2 6.56689e+09 3.4858e+06 2.50107e+11 1.82053e+09 7.50771e+07 3.90857e+07 2.07528e+07 1.12347e+07 6.19938e+06 3.4858e+06 1.9966e+06 1.1646e+06 691541 417891 
3 6.67405e+09 2.00421e+07 5.92897e+12 2.49435e+10 6.82387e+08 3.24239e+08 1.57111e+08 7.76105e+07 3.90731e+07 2.00421e+07 1.04707e+07 5.56969e+06 3.01554e+06 1.66121e+06 
4 6.22596e+09 1.09051e+08 1.29922e+14 3.18935e+11 5.8296e+09 2.53184e+09 1.12117e+09 5.06067e+08 2.32759e+08 1.09051e+08 5.20281e+07 2.52695e+07 1.24901e+07 6.28066e+06 
5 5.77441e+09 5.37414e+08 2.23819e+15 3.41575e+12 4.33987e+10 1.73686e+10 7.08487e+09 2.94468e+09 1.24665e+09 5.37414e+08 2.35828e+08 1.05309e+08 4.78389e+07 2.21009e+07 
6 5.5341e+09 2.0042e+09 2.56394e+16 2.56546e+13 2.35174e+11 8.74236e+10 3.31089e+10 1.27702e+10 5.01466e+09 2.0042e+09 8.14999e+08 3.37095e+08 1.41772e+08 6.06088e+07 
7 5.09044e+09 4.53625e+09 1.5302e+17 1.07182e+14 7.40688e+11 2.58097e+11 9.15598e+10 3.30565e+10 1.21423e+10 4.53625e+09 1.72311e+09 6.65294e+08 2.61018e+08 1.04029e+08 
8 4.49649e+09 4.49649e+09 3.56668e+17 1.82298e+14 9.82264e+11 3.23328e+11 1.08283e+11 3.68833e+10 1.27736e+10 4.49649e+09 1.60832e+09 5.84361e+08 2.1561e+08 8.07626e+07 
