#t = 175000000; extr. Ts: 0.0993833 0.103383 0.106383 0.10705 0.107717 0.108383 0.10905 0.109717 0.110383 0.11105 0.111717 0.112383 
0 4.3163e+10 5.39537e+09 1.88482e+13 4.49487e+11 4.46512e+10 2.82043e+10 1.81528e+10 1.19001e+10 7.94267e+09 5.39537e+09 3.72853e+09 2.62021e+09 1.87168e+09 1.35844e+09 
1 5.47887e+09 517192 7.85435e+09 1.04741e+08 6.76718e+06 3.89192e+06 2.28284e+06 1.36532e+06 832401 517192 327393 211086 138574 92596.6 
2 6.95551e+09 3.69208e+06 2.62829e+11 1.936e+09 8.00378e+07 4.16493e+07 2.20949e+07 1.19459e+07 6.58045e+06 3.69208e+06 2.10926e+06 1.22658e+06 725819 436903 
3 7.09352e+09 2.13017e+07 6.288e+12 2.6526e+10 7.26552e+08 3.45205e+08 1.67236e+08 8.25834e+07 4.15558e+07 2.13017e+07 1.112e+07 5.90981e+06 3.19654e+06 1.7591e+06 
4 6.62063e+09 1.15964e+08 1.35365e+14 3.35174e+11 6.16497e+09 2.68092e+09 1.18862e+09 5.37116e+08 2.47291e+08 1.15964e+08 5.53681e+07 2.69077e+07 1.33053e+07 6.69202e+06 
5 6.18642e+09 5.75759e+08 2.38227e+15 3.64051e+12 4.63392e+10 1.85556e+10 7.5737e+09 3.14997e+09 1.33454e+09 5.75759e+08 2.52871e+08 1.13023e+08 5.13933e+07 2.37672e+07 
6 5.94819e+09 2.15417e+09 2.731e+16 2.74388e+13 2.52139e+11 9.37772e+10 3.55329e+10 1.37119e+10 5.38716e+09 2.15417e+09 8.76432e+08 3.62695e+08 1.52621e+08 6.52834e+07 
7 5.55511e+09 4.95033e+09 1.66296e+17 1.16684e+14 8.073e+11 2.8138e+11 9.98443e+10 3.60565e+10 1.32475e+10 4.95033e+09 1.88084e+09 7.26366e+08 2.85043e+08 1.13629e+08 
8 4.87325e+09 4.87325e+09 3.86439e+17 1.97634e+14 1.06488e+12 3.50509e+11 1.1738e+11 3.99796e+10 1.3845e+10 4.87325e+09 1.74294e+09 6.33213e+08 2.33612e+08 8.74969e+07 
