#t = 172000000; extr. Ts: 0.0993833 0.103383 0.106383 0.10705 0.107717 0.108383 0.10905 0.109717 0.110383 0.11105 0.111717 0.112383 
0 4.56906e+10 5.71133e+09 1.96261e+13 4.70587e+11 4.69842e+10 2.97143e+10 1.91482e+10 1.25679e+10 8.39831e+09 5.71133e+09 3.95106e+09 2.77931e+09 1.9871e+09 1.44336e+09 
1 5.34278e+09 504345 7.24575e+09 9.75003e+07 6.41528e+06 3.70857e+06 2.18718e+06 1.31559e+06 806828 504345 321229 208397 137658 92550.3 
2 6.20144e+09 3.29181e+06 2.42662e+11 1.75119e+09 7.17105e+07 3.7263e+07 1.97445e+07 1.06648e+07 5.87034e+06 3.29181e+06 1.87986e+06 1.09293e+06 646682 389289 
3 6.27725e+09 1.88505e+07 5.85701e+12 2.42351e+10 6.54301e+08 3.09846e+08 1.49597e+08 7.3616e+07 3.69107e+07 1.88505e+07 9.80261e+06 5.18879e+06 2.79481e+06 1.53127e+06 
4 6.04512e+09 1.05883e+08 1.2784e+14 3.13645e+11 5.70938e+09 2.47625e+09 1.09487e+09 4.93344e+08 2.26474e+08 1.05883e+08 5.04002e+07 2.4417e+07 1.20355e+07 6.03394e+06 
5 5.6846e+09 5.29056e+08 2.233e+15 3.3847e+12 4.28393e+10 1.71333e+10 6.98469e+09 2.90149e+09 1.22778e+09 5.29056e+08 2.32072e+08 1.03596e+08 4.70453e+07 2.17272e+07 
6 5.45374e+09 1.9751e+09 2.56002e+16 2.55261e+13 2.33033e+11 8.65375e+10 3.27382e+10 1.26133e+10 4.94749e+09 1.9751e+09 8.02238e+08 3.31431e+08 1.39227e+08 5.94515e+07 
7 5.05867e+09 4.50794e+09 1.54271e+17 1.07406e+14 7.39177e+11 2.57346e+11 9.12151e+10 3.29043e+10 1.20763e+10 4.50794e+09 1.71098e+09 6.60088e+08 2.58773e+08 1.03055e+08 
8 4.54527e+09 4.54527e+09 3.58931e+17 1.83762e+14 9.91443e+11 3.26445e+11 1.09359e+11 3.72611e+10 1.29083e+10 4.54527e+09 1.62626e+09 5.91053e+08 2.18144e+08 8.17362e+07 
