#t = 175000000; extr. Ts: 0.0993833 0.103383 0.106383 0.10705 0.107717 0.108383 0.10905 0.109717 0.110383 0.11105 0.111717 0.112383 
0 4.53047e+10 5.66309e+09 2.04113e+13 4.7749e+11 4.70435e+10 2.96809e+10 1.90851e+10 1.2502e+10 8.33984e+09 5.66309e+09 3.91276e+09 2.74958e+09 1.96432e+09 1.42604e+09 
1 5.29894e+09 500206 7.58506e+09 1.00266e+08 6.50417e+06 3.74577e+06 2.20013e+06 1.31758e+06 804245 500206 316901 204446 134271 89743.4 
2 6.76174e+09 3.58923e+06 2.64443e+11 1.91715e+09 7.84413e+07 4.07401e+07 2.15743e+07 1.16456e+07 6.4056e+06 3.58923e+06 2.04807e+06 1.18974e+06 703363 423037 
3 6.90152e+09 2.07251e+07 6.15197e+12 2.59089e+10 7.08523e+08 3.36507e+08 1.62954e+08 8.04321e+07 4.04532e+07 2.07251e+07 1.08125e+07 5.74242e+06 3.10362e+06 1.7065e+06 
4 6.48865e+09 1.13652e+08 1.32131e+14 3.28209e+11 6.04318e+09 2.62814e+09 1.16524e+09 5.26527e+08 2.42394e+08 1.13652e+08 5.42549e+07 2.63612e+07 1.3032e+07 6.55287e+06 
5 5.93627e+09 5.52479e+08 2.26455e+15 3.476e+12 4.43788e+10 1.77803e+10 7.26068e+09 3.02099e+09 1.28029e+09 5.52479e+08 2.42674e+08 1.08465e+08 4.93149e+07 2.28004e+07 
6 5.6654e+09 2.05175e+09 2.57187e+16 2.59272e+13 2.3912e+11 8.90128e+10 3.37572e+10 1.3038e+10 5.12679e+09 2.05175e+09 8.3543e+08 3.45987e+08 1.45692e+08 6.23587e+07 
7 5.1227e+09 4.565e+09 1.53072e+17 1.07341e+14 7.43198e+11 2.59108e+11 9.19699e+10 3.32242e+10 1.22114e+10 4.565e+09 1.73518e+09 6.70412e+08 2.63209e+08 1.04977e+08 
8 4.39456e+09 4.39456e+09 3.47666e+17 1.77995e+14 9.59721e+11 3.15937e+11 1.05815e+11 3.60449e+10 1.24838e+10 4.39456e+09 1.57188e+09 5.71113e+08 2.10717e+08 7.89268e+07 
