#t = 175000000; extr. Ts: 0.0993833 0.103383 0.106383 0.10705 0.107717 0.108383 0.10905 0.109717 0.110383 0.11105 0.111717 0.112383 
0 4.56675e+10 5.70844e+09 2.06872e+13 4.86472e+11 4.77931e+10 3.01173e+10 1.93387e+10 1.26482e+10 8.42269e+09 5.70844e+09 3.93594e+09 2.75969e+09 1.96684e+09 1.42424e+09 
1 4.9949e+09 471506 7.19163e+09 9.48366e+07 6.12749e+06 3.52753e+06 2.0717e+06 1.24084e+06 757681 471506 298918 192977 126813 84787.9 
2 6.29898e+09 3.34358e+06 2.51704e+11 1.81204e+09 7.36513e+07 3.81903e+07 2.01911e+07 1.08814e+07 5.97595e+06 3.34358e+06 1.90536e+06 1.10555e+06 652972 392457 
3 6.62113e+09 1.98832e+07 6.13285e+12 2.55262e+10 6.89881e+08 3.26713e+08 1.57747e+08 7.76306e+07 3.89269e+07 1.98832e+07 1.03421e+07 5.47641e+06 2.95129e+06 1.61819e+06 
4 6.49349e+09 1.13737e+08 1.36514e+14 3.3481e+11 6.10729e+09 2.65064e+09 1.17286e+09 5.28931e+08 2.43032e+08 1.13737e+08 5.41965e+07 2.62867e+07 1.29735e+07 6.51321e+06 
5 6.05215e+09 5.63263e+08 2.34715e+15 3.57896e+12 4.54695e+10 1.81981e+10 7.42373e+09 3.08576e+09 1.30649e+09 5.63263e+08 2.47195e+08 1.10396e+08 5.01545e+07 2.31726e+07 
6 5.72478e+09 2.07326e+09 2.67515e+16 2.67122e+13 2.44211e+11 9.07186e+10 3.43314e+10 1.32315e+10 5.19168e+09 2.07326e+09 8.4238e+08 3.48127e+08 1.46289e+08 6.24874e+07 
7 5.33838e+09 4.7572e+09 1.60807e+17 1.12575e+14 7.7753e+11 2.70892e+11 9.60821e+10 3.46825e+10 1.27368e+10 4.7572e+09 1.80655e+09 6.97305e+08 2.73488e+08 1.0896e+08 
8 4.68316e+09 4.68316e+09 3.70647e+17 1.89645e+14 1.02247e+12 3.36601e+11 1.12741e+11 3.84061e+10 1.33025e+10 4.68316e+09 1.67527e+09 6.08753e+08 2.24635e+08 8.41527e+07 
