t = 10000
b = 20 20 20
E = -0.0935278725730997 -0.0935278725730997 0
-1.4387921528972 1.78290652963605 -0.472727125614046 0.849499993575252 0.263806353179834 0.456898081825031 0.516625826949496 -0.240319787591037 -0.821793154422017 0 0 0 0 0 0
-1.18610850611459 1.95543389271259 -0.881799735134699 0.794256592808386 -0.411800166793402 0.446740199359758 0.480729892498184 -0.0237159967332086 -0.876547847191631 0 0 0 0 0 0
-0.933808696658068 2.17877311759326 -1.22850999727351 0.55173063723342 -0.767499308295931 0.326401546441855 0.609819849343827 0.10425823906088 -0.785652532757068 0 0 0 0 0 0
-0.504543934395491 2.32454287923011 -1.35996049458252 0.00784372336651462 -0.97703290848605 -0.212943851377377 0.654110622872826 0.166084886051599 -0.737939732985188 0 0 0 0 0 0
0.0168150805579644 2.2310164396608 -1.57940480348053 -0.542089725995443 -0.704226376677894 -0.458479947637866 0.556674963611756 0.107760015238513 -0.823711509155291 0 0 0 0 0 0
0.366879071222254 2.0954090027787 -1.96346373591811 -0.826252676474222 -0.36692835330118 -0.427399182074807 0.47018012273587 -0.0313856658557681 -0.882012191130795 0 0 0 0 0 0
0.765090428284345 3.42484414365007 -2.10277225870936 0.267621349228451 0.962870344749193 -0.0354882934852074 -0.175696883920444 0.0125529330678425 -0.984364233035188 0 0 0 0 0 0
1.66452625231904 2.20414779109364 -2.06095913704712 0.609815513003294 -0.721821304777476 0.327259737562169 -0.492833515120468 -0.0219889352494915 0.869845681555663 0 0 0 0 0 0
1.43762881236802 2.36137573303547 -2.52693034450298 -0.518294855161279 -0.19722908681337 0.832148428151888 -0.798724627326895 -0.236106130933096 -0.553437160847588 0 0 0 0 0 0
1.11298312285031 2.03948206896426 -2.67726295801208 -0.550903643578294 0.601659958933323 0.578368736311856 -0.755209147915542 -0.0644429447506743 -0.652308311184502 0 0 0 0 0 0
1.57122366451197 2.13978236489976 -4.17814969937138 0.993243723619117 -0.0441611535356943 -0.107315175435183 -0.0674154595566085 -0.972288996444462 -0.223850796236002 0 0 0 0 0 0
1.57355272508105 1.74985308375654 -4.51061198967639 0.724868299697022 -0.17907723404222 0.665204651005452 0.00544740848749844 -0.964101460774619 -0.265478066083051 0 0 0 0 0 0
0.289978941242732 1.81371189672698 -4.62318843305895 -0.357454966166313 0.694382316641435 0.624547059838986 -0.791604008261625 0.129578773288925 -0.597136725895496 0 0 0 0 0 0
-0.113073781985876 1.42012136144189 -4.14713336883365 -0.774026524796264 -0.566587941961417 -0.282596761586039 0.476031783395285 -0.815050608530067 0.330281940937899 0 0 0 0 0 0
-0.190367499996261 1.1650338682697 -3.83422265407542 0.154744837460786 -0.645467434318152 -0.747947658863725 0.542636164903725 -0.577118291446202 0.610311647970047 0 0 0 0 0 0
-0.0502257575373099 1.61864583526582 -2.73492662316871 0.553900664061543 -0.676854503261386 0.484831865693287 0.651524043640136 -0.0101857639247062 -0.758559570488547 0 0 0 0 0 0
-0.587156794648869 1.59085836963857 -2.54881656887431 0.785892488699769 0.398159214344202 0.473119575569572 -0.348407567325049 -0.346993289503204 0.870751244482778 0 0 0 0 0 0
-0.538127051678486 1.26273688531187 -2.03021173315827 0.573478805987654 0.758912140482331 0.308503424750858 -0.248571081615836 -0.197630637290697 0.948237559188964 0 0 0 0 0 0
-0.446876719853631 1.13963334778717 -1.51834559643576 -0.0749793334592069 0.994117335516568 0.0781582308458349 -0.218255901103897 -0.0928388611582529 0.971465493302206 0 0 0 0 0 0
-0.298442529416502 1.19214918767987 -0.958901153499419 -0.560004885362473 0.807552092421846 -0.185078532017998 -0.240618271814991 0.055231627355432 0.969047075698753 0 0 0 0 0 0
-0.316962141556637 1.40703666521902 -0.334852355323026 -0.711615773323121 0.534230363767194 -0.456290283071593 -0.306531476331992 0.348297860037885 0.885848160839185 0 0 0 0 0 0
-0.32247994479193 1.84456950818133 0.0409847747198562 -0.905875119826403 -0.0548672156489655 -0.419975847304652 -0.41137964065565 0.349922034943961 0.841618198184837 0 0 0 0 0 0
5.28476030588937 14.5750457572 22.5981847084857 -0.86133812348095 -0.390628917048963 0.324816232944798 0.395631124374562 -0.114666725290644 0.911223045085761 0 0 0 0 0 0
13.8275800337918 8.36016643397585 6.84025427572169 -0.489717342885474 0.621693581879781 -0.611288754347834 -0.780334987458205 -0.625268977664913 -0.0107675584700025 0 0 0 0 0 0
0.146935952415932 15.06563974741 20.9061273486627 -0.38190679713381 -0.189683651260162 -0.904525950886679 0.272045954125998 -0.95842253022337 0.0861234154985178 0 0 0 0 0 0
17.1318143112292 15.533070243117 3.06722687775868 -0.65414691814151 0.484614318889582 -0.580724272095017 -0.0935145266769509 0.710071397966148 0.697892243822056 0 0 0 0 0 0
12.0015803023773 21.1004212972896 -0.608060451041591 -0.707075602343778 -0.691876156313897 -0.146121233055979 0.3897740447423 -0.208915323326574 -0.896900478156996 0 0 0 0 0 0
9.7533198567336 11.1796654748341 7.54213549081462 -0.202313968286986 -0.902738660902555 0.379647133910699 -0.570265689059493 -0.206562123649668 -0.795065417957518 0 0 0 0 0 0
20.8681149333854 -4.84389389307945 3.95749240888974 -0.931532376181436 0.0809172984639254 -0.354541541298497 0.120652083135191 0.988477846725045 -0.091403602979764 0 0 0 0 0 0
22.4192066053092 -2.01488869380763 2.61640885487545 -0.291311804273365 -0.564114642240507 0.772600816610352 -0.0528945664073106 0.815892108834258 0.57577963817116 0 0 0 0 0 0
9.58601055851562 -4.30169889987306 0.607447753466405 -0.777526008942993 0.0200274711876555 0.628531691049497 0.133267774735732 0.982038397539482 0.133567517500187 0 0 0 0 0 0
17.757004507337 6.26264165873984 18.9874240621158 0.887528437441971 -0.321337073504292 0.330205467888524 -0.236254885833579 -0.932666719401879 -0.272610351833628 0 0 0 0 0 0
19.0921833340415 17.9192064599015 4.84610180525032 -0.248573946740815 0.0779593303634886 -0.965470464243314 0.383525345281654 0.923213304311225 -0.0241968317106417 0 0 0 0 0 0
13.2855219086894 16.4923647000697 9.76739743378684 0.675964000552526 0.561601795626269 -0.477154075216058 0.603249692260759 -0.0497897858816808 0.795996650178501 0 0 0 0 0 0
6.45706425378069 8.74930920317954 19.7054676155737 -0.47194094514658 -0.881630111214307 0.000254446685215085 -0.103668284836769 0.0552075388303007 -0.993078494143006 0 0 0 0 0 0
12.0639236276558 11.4917736744166 4.27675536160316 0.184740556976442 -0.979634488173374 0.0786587018915096 -0.300625023946654 0.0198709001738793 0.953535328732574 0 0 0 0 0 0
3.50755879878336 2.30788296362326 7.3250874414594 -0.807298202286896 0.313874459630965 -0.499752267339127 -0.537527095775297 -0.041552633537566 0.84222199030304 0 0 0 0 0 0
10.0935369382556 9.20810306630322 10.1558297432661 0.827808301431349 0.548311042295311 -0.118694286335785 0.110026606195608 0.0487870960052331 0.992730500320667 0 0 0 0 0 0
2.80061586331855 3.17132850085171 11.3813839873569 -0.284955216371038 0.286660671083203 0.914672659973904 0.947587246726032 -0.0596011540213753 0.313888504879793 0 0 0 0 0 0
8.43414116943139 19.1234043790381 26.598509962663 0.342225166006662 0.201171423062555 0.917829984207216 0.36698358648871 -0.927845111180655 0.0665317993415239 0 0 0 0 0 0
-3.33477364134824 19.8560328446017 9.77076667092451 0.276363824569967 0.233850456470805 0.932167843141598 -0.648301111962432 -0.670657131257006 0.360450572105511 0 0 0 0 0 0
15.7534910844842 8.69758963276614 16.1035115866719 -0.706322146914396 -0.682118669231609 0.189269865855721 0.701777326046814 -0.639667676342375 0.313582171140936 0 0 0 0 0 0
9.78993305709519 8.46181830505869 0.608086445160087 -0.0334055105284285 -0.833156504465426 0.552027421848856 0.998316907322749 -0.0540147319180876 -0.0211102446187555 0 0 0 0 0 0
2.35466389394431 12.5233497509098 4.98833159394548 0.517510951740809 -0.788047526537136 0.333411855771428 0.556970425506166 0.606032469613769 0.567898331973823 0 0 0 0 0 0
1.65277080716094 5.05241386467729 2.92353093883773 -0.560988081972166 -0.637042980282779 -0.528647843395118 -0.520790924854438 -0.224806974425873 0.823552380637732 0 0 0 0 0 0
8.43663427574645 13.9454844280083 10.9475341811236 0.66539984867763 -0.71063569179577 0.228560486343337 -0.718388405810091 -0.52638468664488 0.454793550838977 0 0 0 0 0 0
21.8533378362871 -1.41687623393667 7.72657288024919 0.689943606419933 0.723120876661973 -0.0327713414675081 -0.635737465529393 0.626975244203121 0.450266416391817 0 0 0 0 0 0
4.49106902007547 9.27649018049717 4.81076149095258 0.289397683627721 0.573487398379431 -0.766394875118628 -0.453346842233441 -0.623046368754058 -0.637408652345993 0 0 0 0 0 0
22.9557123952174 4.54921822118997 15.8220752015678 -0.279692718165907 0.792605214397261 0.541801544106292 0.953610774142064 0.294791526952177 0.0610273563872057 0 0 0 0 0 0
11.9658822891021 13.7370745392697 0.19473762149982 0.178710473314838 0.142204112582683 0.973570973423885 -0.976696965511358 -0.0938869393714572 0.192997829049632 0 0 0 0 0 0
2.721282167409 9.06351724583234 12.4755315784933 -0.176210213701808 -0.354527481474134 -0.918291958606238 0.0090375761702652 0.932267344079483 -0.361657166081545 0 0 0 0 0 0
18.8474041717162 11.8582304038495 4.61636127427616 -0.0866840108224367 0.587535633389517 -0.804541909229633 0.49537962922135 0.726083913168136 0.476865932551855 0 0 0 0 0 0
22.1481717600022 4.95918506533857 7.98161270960676 -0.131508881389794 0.00127222489119997 0.991314115883724 -0.259014373701813 0.965217174837033 -0.0355998801518117 0 0 0 0 0 0
8.45718510379686 18.0710927396535 10.3322818238749 0.962016404065251 0.141562122323723 -0.233419123064556 0.272698002434032 -0.45869271451046 0.845716677733004 0 0 0 0 0 0
1.14760715537333 12.9130554992561 10.6221557462792 -0.0235192890544157 0.0732968310765437 0.997032747219292 0.0736723111822838 -0.994469919922218 0.0748462932958045 0 0 0 0 0 0
5.32175115665478 8.30332010629395 16.8059421713437 0.569878685548984 -0.621426963007259 -0.537649272509945 0.666619481920901 -0.0329542742004889 0.744669297779624 0 0 0 0 0 0
14.2564792553859 10.2832527770651 1.54574773362775 -0.588479178427702 -0.0762917548264771 -0.804904780820147 0.808194098188609 -0.0275795901039246 -0.588269960769886 0 0 0 0 0 0
11.7459712772598 5.28052045164252 3.33206421001205 0.0922413747993462 0.392222935583634 0.915233629576077 0.700633205833657 0.627550245073932 -0.339549302058655 0 0 0 0 0 0
-1.01541747681088 10.3612116391662 -2.50470971306644 0.466137551286381 -0.426102255054444 -0.77534028268431 -0.179118388402946 0.812773375287866 -0.554360895896835 0 0 0 0 0 0
16.7935448649828 13.6057163724778 6.58710912894021 0.383893432491037 -0.917175319826953 -0.106842155825349 0.534452317387725 0.126349492456275 0.835701148071922 0 0 0 0 0 0
10.1962654512726 -0.411473346459272 17.1229444718399 0.777989199128457 0.514009909682776 -0.36128455692695 -0.0463551715716885 0.620433732539335 0.782887672833568 0 0 0 0 0 0
13.9070784986873 7.87384641418565 23.7753313706494 0.389862294786635 -0.495243216318739 -0.776364255889369 0.87709027811964 0.456565328751703 0.149200034349818 0 0 0 0 0 0
6.20990743900126 17.9395635572682 20.5831400394756 -0.372203640444334 -0.693343721731815 -0.617040413322106 -0.925432226108697 0.22637995668656 0.303853907314053 0 0 0 0 0 0
10.5811811808917 8.01451134457728 15.1801955446329 -0.281701661127976 -0.800040692766649 -0.529697103189744 0.738255463246201 -0.533348256347509 0.412938764393987 0 0 0 0 0 0
7.04010677014072 19.9132169875492 14.9755542238184 0.446854839725488 -0.77187376396495 -0.452251695995493 0.874538681187855 0.270426549773111 0.40255616476781 0 0 0 0 0 0
20.2476700115955 3.61391853291838 0.125388800350525 -0.633309884672091 -0.298094283292834 0.714183645590154 0.637104877056972 0.323065417652653 0.699804261761734 0 0 0 0 0 0
15.643452482373 5.01750553917032 3.8330085987024 -0.604055725413231 0.16815522030464 0.778999606316508 -0.303237973437695 0.855462275842583 -0.419798754292543 0 0 0 0 0 0
6.63147173489593 4.90190291042037 18.9257850536455 0.875434194912822 0.48256819786422 0.0272546021553114 -0.225846652248618 0.358555165354317 0.905776671802877 0 0 0 0 0 0
14.4800647630007 -0.938266339102364 12.5554873795321 0.0960273936039827 -0.794805706182101 -0.599218311798923 -0.716590468008199 -0.473025640892184 0.512586335832813 0 0 0 0 0 0
20.7536069452656 0.605152633315053 4.66466598395474 -0.906225832397178 0.202335383912533 -0.371234452582343 0.416783053136821 0.575056626138893 -0.703989832003098 0 0 0 0 0 0
16.1870348612495 12.4597752323558 20.5788817727152 0.642227286374584 0.573382314760362 -0.508701045545243 -0.729354374959923 0.252991618049434 -0.635639304436275 0 0 0 0 0 0
1.9086175275973 14.7320060899555 13.0110445039332 -0.0255885172036178 -0.140567090962012 -0.989740371952155 -0.342821736018476 0.931260492638107 -0.123398283372207 0 0 0 0 0 0
4.6514707125932 13.6057841133171 17.7710390194788 0.477473686019267 0.877684753047179 -0.0410892449304124 -0.171975795291101 0.047493053952954 -0.983955596924891 0 0 0 0 0 0
12.0872622520367 2.50716123866988 2.09959800990298 0.178554097206759 0.318558115568821 -0.930934505893889 -0.777235760829502 0.625834624675844 0.0650808890991068 0 0 0 0 0 0
6.24346019830369 10.5410401486888 7.81844563708157 -0.353759314525998 -0.54233129076628 -0.762057106977428 -0.63641721091739 0.736629844827594 -0.228800242206781 0 0 0 0 0 0
15.7458873071483 7.49546254633481 9.75191913795789 -0.716217604731057 -0.616518752861271 0.327012073393788 -0.220719945643313 -0.244415165671279 -0.944215981805659 0 0 0 0 0 0
15.1107460413965 -0.369983927871333 19.8559161064305 0.464715431699676 0.277909124762155 0.840717536341292 -0.814871703852068 -0.237261137366897 0.528858342524657 0 0 0 0 0 0
14.276143405207 6.92457519735598 0.604011603050606 0.780952943863125 0.624576678293183 0.0040496540043429 0.567708873278189 -0.70711393873466 -0.421540571291693 0 0 0 0 0 0
5.33263313328709 19.5841305134247 5.58458795910824 0.798877829034618 0.489360665009464 0.349743138827126 -0.508101853074337 0.237844986352064 0.827805627489941 0 0 0 0 0 0
7.59017564404786 15.2709336317429 5.76220425852918 -0.783887514157331 -0.542636593244642 -0.301771119745609 0.614379398106016 -0.607612456896456 -0.503333867536347 0 0 0 0 0 0
3.53380973988111 10.4036845364805 22.1257759551639 -0.639992739317969 -0.514861688775687 -0.570374129359267 -0.729047402589351 0.641337584024061 0.239114863442335 0 0 0 0 0 0
4.72950401427998 10.8990399445385 14.6131517325201 0.981308897268614 -0.0890926441785109 -0.170573241253353 0.171908540847684 0.00747908095912422 0.985084462231025 0 0 0 0 0 0
16.4099317109144 20.1405308912279 3.31680122987574 0.701340756232176 0.71183993959005 0.0374831328478241 0.293971570727411 -0.240930892864546 -0.924950219297279 0 0 0 0 0 0
8.47410768425433 6.19583781993842 10.2525142856967 -0.12341735936339 0.982892627491254 0.136712231300904 0.934035145601455 0.161588751942015 -0.318539331842183 0 0 0 0 0 0
17.4289880673379 14.0841334539437 17.6323682988419 -0.211464186611769 -0.180279994163992 -0.960615378884793 0.662351630877663 -0.749174977370216 -0.00520749983492378 0 0 0 0 0 0
6.89256320309036 12.2728752761348 -0.666729873792947 -0.196105767206944 0.621140492626469 0.758766725200464 0.593486094839643 -0.54078909301895 0.596088355663449 0 0 0 0 0 0
10.3923701484106 15.27656421085 7.74827913766461 0.0248911951415495 -0.881672489146314 -0.471204863880446 -0.9511541350462 -0.165971734168183 0.260305741228 0 0 0 0 0 0
-0.672783063590238 11.358740492613 1.65565992914104 0.228656990723411 0.285461412959946 0.930713518118802 -0.0195966350783586 -0.954498531671861 0.297571024006508 0 0 0 0 0 0
5.66059241451343 2.31174255629893 10.3829921296296 0.131896025334064 -0.231464094191053 0.963860829569717 0.980889514042222 -0.109830995748083 -0.160601356917405 0 0 0 0 0 0
17.5937983907325 -0.327140872834267 14.2281634513147 0.196607102168603 -0.882655168224813 -0.426925608329119 0.655234332195155 0.442196143426387 -0.612478934129319 0 0 0 0 0 0
11.491925874353 5.43396254576354 12.0781635660505 -0.689590842315228 0.721921362855157 -0.0573930219399361 0.166488596819125 0.0809060899811511 -0.982718491382039 0 0 0 0 0 0
-0.259042638044095 1.26305485888253 9.44952835518874 0.0522380871569515 -0.678034346959594 0.733171563952209 0.557168528191906 -0.589493571252492 -0.58485937015723 0 0 0 0 0 0
8.12133291236419 1.85906787104081 19.0855858008199 0.0809149476636279 -0.480308540419048 -0.873359253421506 -0.965895928575164 0.178443518778918 -0.187624226458893 0 0 0 0 0 0
11.5586616389707 13.1709735466986 10.240629736571 0.823565277729917 0.56675084597697 -0.0231004541850134 -0.168945697112967 0.206216450231873 -0.963811191541632 0 0 0 0 0 0
6.64010403667527 -3.25107949400258 -3.05738885433755 0.33133813268691 0.839114917912262 -0.43139443794777 0.52506663258925 -0.543869211369913 -0.654607690389688 0 0 0 0 0 0
8.79343419478633 17.3907540453889 3.6819648915343 -0.895115364668118 -0.122466761438167 -0.428684334745911 -0.355821040582081 -0.38310848091937 0.852419601612995 0 0 0 0 0 0
18.2459858777844 3.91427138680304 6.58194890616027 0.000800212268461499 -0.989967851802233 -0.141290515175409 0.760191136560151 0.0923985757515756 -0.64309549905354 0 0 0 0 0 0
7.06941936866158 12.3006182374204 4.57552625600181 0.585933387975834 0.683469531157384 0.43537501227299 0.30236156558541 -0.682852974151278 0.665048295784676 0 0 0 0 0 0
18.9924709716753 -4.04671277117638 12.3953288284731 0.534506319043666 -0.155287741682789 0.830775899897691 0.239911525060572 -0.914662617967812 -0.325322510683625 0 0 0 0 0 0
12.1234301588978 17.0416222663358 12.7194930994582 0.231671059382927 -0.678068339012757 -0.697532639718907 0.929054723882698 0.366813477334651 -0.0480113497776839 0 0 0 0 0 0
2.55068550156078 11.4158508576642 7.95638102916453 0.272931018841422 -0.653502205102226 0.706005282261784 -0.765657873326187 0.296773666983683 0.570695455465255 0 0 0 0 0 0
14.5624191847569 5.9472094008006 -7.88782801764941 -0.149020146811809 -0.768960168764633 -0.621685777524947 0.0719629496587468 0.618605172924567 -0.782399450610872 0 0 0 0 0 0
10.5692967281094 3.48746922547016 16.7027732624761 0.825729379808632 -0.487988163328154 -0.28291068016386 0.538549165522105 0.532895289279971 0.652677042358716 0 0 0 0 0 0
4.0189887286949 1.9922455334862 22.3533764019902 0.870334551411689 0.0493322244114885 0.489983654150266 0.148968622758574 -0.974728924638317 -0.166468816773228 0 0 0 0 0 0
12.6050360655914 18.5682104263646 1.53222958679308 0.682992880579731 -0.72854412927567 0.0523843568211295 -0.638134429439083 -0.560264212659087 0.528098835624516 0 0 0 0 0 0
9.33107596413288 5.36456981462219 20.3444438240459 0.102498351484791 -0.146276775659448 -0.983919242716081 0.973341436653976 0.218776251441612 0.0688715180170623 0 0 0 0 0 0
7.47769971504562 6.78527475662125 13.9431820794356 0.642644246542687 0.367320472736687 -0.672371875950372 0.324430871329536 -0.925483868054708 -0.19551010867665 0 0 0 0 0 0
1.76027649075757 8.99102960683291 16.38502124653 0.888373885795537 0.283545722791798 -0.361100474242196 0.351989157607981 -0.925602938335113 0.139150337383717 0 0 0 0 0 0
-0.560171763126083 24.1333767215117 13.9119412985753 -0.615389426453583 0.787704888177399 0.0285800228857323 0.00758714571286154 -0.0303374996292555 0.999510856487622 0 0 0 0 0 0
21.2881641794291 15.963541607913 -1.91753299512818 -0.708497627564333 -0.514791080585787 0.482722661025336 -0.692835416515611 0.637468007663183 -0.337066097465807 0 0 0 0 0 0
15.7256548130859 16.4639238473281 -0.0552164094351813 -0.6333748669585 -0.457554034468807 0.624083719699915 -0.72481414109981 0.0682677120741197 -0.685553689871339 0 0 0 0 0 0
17.3136930309959 10.0884758991085 6.600426871249 0.378201531423678 -0.879358702115353 -0.28929543310374 0.425606238525059 -0.112349429805056 0.897906909231935 0 0 0 0 0 0
-4.49722343598349 14.309974681134 9.36969749270106 0.430686444602832 0.817361081187402 0.382661743355008 -0.164426251931146 0.487969001978623 -0.857234022866548 0 0 0 0 0 0
14.9074054248992 23.2955210158005 18.1219740405655 -0.0573914012239772 0.985290247320485 0.160963822393087 -0.107925118898858 0.154161688054536 -0.982133507355625 0 0 0 0 0 0
11.420621032637 19.2257192249902 10.2562277161302 -0.295363604654159 0.865039620108437 -0.40554502423604 0.813120689139176 0.450470597956709 0.368660942129041 0 0 0 0 0 0
7.94077839608846 10.4023521959472 15.1481791002325 0.995124939226475 -0.0816118546030624 0.0553691439564125 -0.0895852749953269 -0.513268407103554 0.853539649324577 0 0 0 0 0 0
14.6820579537539 13.6490135246576 23.7522865277037 -0.489093145766274 0.819555539991741 -0.298523989812335 -0.722034508319807 -0.188409658384755 0.665708535655921 0 0 0 0 0 0
19.5109571247198 11.2661984520032 14.4714805416177 0.548629147630983 -0.4231980114995 0.721047435036875 0.835305314353459 0.314226209930761 -0.451139461105567 0 0 0 0 0 0
2.23575708569386 19.2046371491642 19.4199537231926 -0.629616271020015 0.135448253968254 0.765007846196075 0.0128627837526245 -0.982732610304983 0.184583751603339 0 0 0 0 0 0
10.1092401867739 2.95813419876892 9.47433184258053 0.248164630523549 -0.952943488982577 -0.174106323858835 -0.96053333938493 -0.265374663858516 0.0833779401154425 0 0 0 0 0 0
0.12363097935754 6.34347717888086 9.83200612007914 -0.92089918443142 0.28448904401163 0.266478078628777 -0.201817318922918 -0.9328436988085 0.29844997554425 0 0 0 0 0 0
3.56017822644036 -3.45793446878369 5.09089455907346 -0.847605839689612 0.496758823007222 -0.186533971427345 0.41929019859663 0.41156601142063 -0.809202724035995 0 0 0 0 0 0
19.0011155527631 7.21659650883701 16.164321015543 -0.871344061619969 0.0673618293067864 0.48602653380623 -0.405141025117479 -0.657559824896784 -0.635197417173185 0 0 0 0 0 0
2.13568931267111 19.3577605902033 11.049536107576 0.93946184032638 0.125922998970947 0.318676531269117 -0.327887178414971 0.0602919756603379 0.942790940307609 0 0 0 0 0 0
11.0787645520735 14.5435769896254 3.58022151313793 0.897125427833693 0.379688676615999 -0.225837050902095 0.00163821558687133 0.508340131622357 0.861154770309843 0 0 0 0 0 0
19.9279246451106 19.1900926197699 17.1352624723061 0.549023241893168 0.694046781205405 -0.465695698470009 -0.46788582880035 -0.206479400425212 -0.859330550068431 0 0 0 0 0 0
-3.56534363039224 10.181064208247 12.9710284757518 -0.125055456838937 0.961322794038928 0.245396840511343 -0.146645887912754 -0.262531503207379 0.95371488527174 0 0 0 0 0 0
14.260485135791 15.130123770365 17.5397969927824 -0.449163734070879 -0.827239651414632 -0.33752994162231 -0.64359258596717 0.0375401551024301 0.764446990315006 0 0 0 0 0 0
6.0405640145045 3.34093448295403 14.4933100776594 0.986737577146752 0.115181849194342 -0.114376474132424 0.0786583276718143 -0.955654705227498 -0.283790312600854 0 0 0 0 0 0
4.90967335052914 13.6122406832911 6.41978574395516 -0.00331752379785228 -0.994906836410991 -0.100744129790862 -0.900187190433013 -0.040902375169558 0.433578019364411 0 0 0 0 0 0
2.12274474082176 6.15027173993345 18.8538420822575 0.577954446647496 0.781742744780743 -0.234194133626713 0.193862512731751 0.147241485144632 0.969916055432074 0 0 0 0 0 0
9.71804426262352 11.5635792131282 12.4761445467648 0.742699603078292 0.533669742196664 0.404467329450745 -0.0242573760019035 -0.582182441226777 0.81269619540872 0 0 0 0 0 0
13.5216593969869 12.1360665733642 16.8442210701671 0.825035325134197 -0.532093940321883 -0.19024370027721 -0.392814127202769 -0.782059268218463 0.48381847439368 0 0 0 0 0 0
-2.96067227347437 17.8362310999927 7.35302081356134 -0.405314502339598 -0.744680772585016 0.53025526686073 0.167721347493345 0.509615418659733 0.843896668087738 0 0 0 0 0 0
4.16340387765163 17.0534909462137 -4.81426358513927 0.496165763069589 -0.806513965009857 -0.321488286153333 0.220652374804197 -0.240990482242012 0.945111636091736 0 0 0 0 0 0
19.0793149553091 11.2233153941737 9.01455750261812 0.225597932884399 -0.817064302197658 0.530576534655143 0.457111178787375 0.569721027567775 0.682984070428176 0 0 0 0 0 0
18.8784036902499 7.12736672402989 5.82357506283127 -0.803609643076365 -0.276260473122477 0.527154230215005 -0.397746967668724 0.908181879251028 -0.130395563667903 0 0 0 0 0 0
16.3364810495606 14.5118557146279 13.6959726843342 -0.459215713351994 -0.71810308869921 0.522923345123242 0.832693595598679 -0.142929179863706 0.534969633361038 0 0 0 0 0 0
7.16617847965861 20.4171182341493 2.59649756338705 -0.0387179600633366 0.109720756972496 0.993208013098835 -0.818633018110121 -0.573455814554756 0.0314377226613724 0 0 0 0 0 0
6.83224414506337 23.0746905050678 5.7070156990673 -0.189941097308466 -0.948921694323891 -0.25193250232501 0.702786189416836 -0.310593930502812 0.640017870524282 0 0 0 0 0 0
20.4204481258535 7.21821973219006 13.459471192818 -0.272580228607357 -0.860788638427895 -0.429817296121847 -0.880410909760406 0.0429806396410277 0.472259648500538 0 0 0 0 0 0
-0.727784929546451 18.225591180876 9.76135040296148 -0.543645431776534 0.824660512784295 0.156155835701484 -0.782740736022826 -0.430998028063061 -0.448951604197089 0 0 0 0 0 0
8.44941869520119 3.19570960944541 2.54365832346047 0.96197802850245 -0.0320146454194483 0.271243831395483 -0.180787784036375 0.669770808140648 0.720224115100982 0 0 0 0 0 0
13.3153812688704 13.0123102454551 7.21490681619791 -0.965264070744192 -0.211858814608903 0.152908477672706 -0.14561274773763 -0.0497163019461378 -0.988091644586906 0 0 0 0 0 0
6.25949669810457 16.1077804784778 12.1307432006936 -0.465935412580193 -0.585167195398888 0.663689284487212 -0.857501108406948 0.113684523287344 -0.501764447302891 0 0 0 0 0 0
20.7338509537953 17.8203607982466 14.1458518127929 -0.71499594318766 -0.660281446112254 -0.229802406226872 -0.368342274159566 0.0763926860694196 0.926546279507108 0 0 0 0 0 0
15.6500487781928 2.46513616584266 1.14424501579554 -0.899378897199972 0.316898817174957 0.301152173670999 -0.399070580485632 -0.313870058353196 -0.861526639631521 0 0 0 0 0 0
13.2352760876204 3.89666153668245 7.57995449972583 0.47808515734418 0.749609619946622 -0.457733489911776 0.286845428604099 0.359317629854426 0.888037407515275 0 0 0 0 0 0
8.69168025750907 0.882994304275212 11.4716121993352 0.529238045591557 0.616483410523136 0.58297102993597 0.613480349391031 0.196607298925787 -0.764844635412218 0 0 0 0 0 0
17.4233158883813 4.00719248012352 16.4806837648475 0.40817227751194 -0.767139836881129 0.494865449881589 -0.874056081298387 -0.484854807229258 -0.0306869918191452 0 0 0 0 0 0
22.7198641727733 13.444594036677 1.15929223970388 0.213129974571855 -0.0658176659008691 -0.974804354781753 0.840032471704265 0.521837098918582 0.148429787871977 0 0 0 0 0 0
6.25502527318606 13.6477860003722 15.0182214202394 0.381005451569121 -0.2909605612529 0.877597110610984 0.409107842846275 0.904267805409803 0.122190373144545 0 0 0 0 0 0
4.20722566672996 0.660955957492648 17.6158214465059 0.181232638860448 -0.36745501728764 -0.912212386327086 -0.840057409600317 -0.540125495780156 0.0506745789538068 0 0 0 0 0 0
17.4753552506069 0.958835307275651 7.0272242996643 -0.122369229965807 0.982831138024599 -0.138089542068242 0.0872856602383483 0.149253361138973 0.98493884640203 0 0 0 0 0 0
6.64512993314425 10.7724338831845 11.8557410422616 0.856665422361613 0.507685147929293 -0.0915426469915908 -0.507947744565156 0.861102977517895 0.022152202716517 0 0 0 0 0 0
4.45296901345963 20.5601695628763 12.8759438059742 -0.333036311682252 0.560905111325408 -0.757939436555331 0.792399912172201 0.602167643591374 0.0974496393929478 0 0 0 0 0 0
8.83847014608057 -3.44375545009891 13.7548724502329 0.546538407252876 0.683606547097263 -0.483712512410615 0.624587058730779 0.0520154591103001 0.779220943759104 0 0 0 0 0 0
9.62298025077273 11.6035091794019 1.86052749312322 -0.177498413581763 -0.608612465558414 -0.773359621967553 0.340480279105811 -0.775285636310249 0.531982437787778 0 0 0 0 0 0
16.0747953100503 6.23556440494843 6.94560486992068 0.844118018259478 -0.29473269731687 -0.447880898820349 0.377706721032837 -0.265988544712041 0.886897748443052 0 0 0 0 0 0
5.10651103974716 7.77494851653908 8.37283287080165 0.538612478112957 0.785433210160724 0.304944626332711 -0.758458802011443 0.609602262754312 -0.230489158067933 0 0 0 0 0 0
10.0673757354157 11.5775052623852 -1.73671257341917 0.586084457453479 0.150632015294695 -0.796124919968774 -0.175088273228381 -0.935807212590108 -0.305955785414663 0 0 0 0 0 0
21.5333404622064 8.84225215921905 6.0781808513874 -0.347590719396296 -0.0402283184968827 -0.936782928518717 -0.0553329980792286 0.998218107472921 -0.0223353713267506 0 0 0 0 0 0
18.4313502458299 4.0602916201705 2.67437908603677 0.953222244723874 -0.292283247674192 0.0770567730137823 0.28617072031662 0.954722829631372 0.0813057615645936 0 0 0 0 0 0
0.247907973244453 16.0371255804723 7.05976397571395 -0.0879799447527894 0.159941472613672 -0.983197914206346 0.727294827087964 -0.664132644895353 -0.173118450333853 0 0 0 0 0 0
8.13038291589434 7.1110411517118 -2.80782815627339 -0.952350437527266 -0.0278072063161062 0.303735549946644 -0.214714175977648 -0.646152118587131 -0.732383228126972 0 0 0 0 0 0
3.81448149304347 6.41244354128042 5.74954277838916 -0.314786648677161 -0.38137110645817 -0.869175093466471 0.805778475380725 -0.591331916220654 -0.0323656599957361 0 0 0 0 0 0
15.0879490908225 11.0570547688397 8.79593891751324 -0.866830675872495 0.217537200396009 0.448644661444081 0.379162161794421 -0.29673328103559 0.876461811077017 0 0 0 0 0 0
12.7958918514603 3.37957202608667 14.1171178557102 -0.215516187600575 0.252415217605509 -0.943312895697504 -0.349439303102148 0.882108895731752 0.315873460530898 0 0 0 0 0 0
14.5134239935325 17.8763995831747 15.7967253762786 0.0449816236042426 0.00332041383795247 0.998982236669858 0.621574916296942 -0.782943260466926 -0.0253855901229779 0 0 0 0 0 0
6.96470273546781 6.17942094855499 4.41416618263675 -0.276710312991395 0.682811957166329 -0.67616504657133 0.343573791311498 -0.586831424611392 -0.733202462390411 0 0 0 0 0 0
13.3317657082418 0.69282637329721 4.34537397387204 0.546585428724729 0.322159774957841 0.772953647813373 -0.761488961139701 -0.192805784644181 0.61883792441344 0 0 0 0 0 0
12.8951357010918 9.28877110787261 12.2344417477718 -0.650314584457479 0.755940042349715 -0.0751368253689179 0.755306309904952 0.632832932755857 -0.170395968170421 0 0 0 0 0 0
3.81386386824383 14.1626222228645 9.90026611354513 -0.434421692041394 -0.882765701812026 0.178892377914134 0.415536449768477 -0.020211398994187 0.90935187859481 0 0 0 0 0 0
12.2828624467617 9.00072029145356 18.4652931629946 -0.633350945302134 -0.411995573521063 -0.655077192786689 0.640160400893708 0.196693467101706 -0.742634652120306 0 0 0 0 0 0
9.60135310743081 16.6484925839443 17.7109490878256 -0.204055634886825 -0.659149717038409 -0.723797541432472 0.946047511404114 0.0573237468492047 -0.318916878505488 0 0 0 0 0 0
16.8212401416577 8.16130276644297 22.2679007461965 -0.0625673146953617 -0.940967417785759 0.33266444976638 -0.825883777670953 -0.138329830121569 -0.546608385364055 0 0 0 0 0 0
5.56580294458485 17.9354893213424 8.22483693152079 0.347782085145584 0.934474081224027 -0.0761957850641392 -0.672131750045097 0.305154564304827 0.674625447457072 0 0 0 0 0 0
16.7819988664412 4.3099330611142 10.7337092548965 -0.591367367640923 0.319623134183652 0.740355037500971 -0.327397512946228 0.743861700480238 -0.582649625270696 0 0 0 0 0 0
10.4154189779088 6.93059117234206 7.35876568830524 -0.742658629082037 -0.32669649238662 0.584574594065001 0.595130364543897 -0.722218726471044 0.35244844063019 0 0 0 0 0 0
13.168585602669 2.84674782891582 10.4807026022177 0.118485988719505 0.400607399737343 -0.908556372315457 0.971400742889352 0.142850836628881 0.189668443373668 0 0 0 0 0 0
11.9294759871578 18.2637597182524 6.31580419929642 -0.0622556324537923 -0.711908450607591 -0.699507351919112 -0.316590645023732 0.678757800004072 -0.6626146301803 0 0 0 0 0 0
16.3061897645995 9.47417678914093 19.2654244587307 0.0507477672379584 -0.997468056947373 -0.0498210687069228 -0.947357041530837 -0.0322876701867271 -0.318546736179873 0 0 0 0 0 0
10.0708884421014 22.3938125699267 5.44469496957406 -0.58972666438227 -0.563063236436988 -0.578949196108354 0.592670003973871 0.185235657025444 -0.783855791990475 0 0 0 0 0 0
1.72339753017112 11.1195220883894 18.722757445352 -0.200520570503541 -0.778537586945611 0.594702177197782 -0.872618656418614 -0.134006158685586 -0.469658293694412 0 0 0 0 0 0
14.6267797348067 12.5330791744746 11.7526137567804 0.990610823619108 -0.126925121372518 0.0507946099937802 -0.12765503741407 -0.991753333892785 0.0113804295748772 0 0 0 0 0 0
7.22095876346529 9.36791753509165 23.3201967742647 0.367946677407704 -0.929500961016015 0.0253611876522832 0.122933196371027 0.0215922328987103 -0.992179966313949 0 0 0 0 0 0
12.3667614681726 0.106176374585122 14.7660441200169 -0.882097977790852 0.469816127620397 0.0342909741551305 -0.468524910712103 -0.882562988473427 0.0395847579753432 0 0 0 0 0 0
3.86772067380378 7.36090233076607 2.34139007599741 0.872790662109788 -0.175109635673364 0.455601756004496 0.488094564374148 0.312755196277861 -0.814829906103642 0 0 0 0 0 0
11.4293958850823 14.9315899238329 15.2247987861436 0.255208727265408 -0.96495839107113 0.0610229532290339 -0.853219015242083 -0.254447331952567 -0.455273275956646 0 0 0 0 0 0
14.614893844416 16.064821842943 6.7280523337766 0.639070334059121 0.668833710981526 0.379803250773164 0.703747258088841 -0.707726189144915 0.0621560812043413 0 0 0 0 0 0
3.46845437718928 6.2832658392288 10.9448590023395 0.0641763164429263 -0.709770324229899 -0.701503690721329 -0.609179174157897 -0.584647019692189 0.535806418098217 0 0 0 0 0 0
