#t = 599000000; extr. Ts: 0.0993833 0.103383 0.106383 0.10705 0.107717 0.108383 0.10905 0.109717 0.110383 0.11105 0.111717 0.112383 
0 3.23953e+10 4.04941e+09 7.24847e+13 9.0951e+11 5.62628e+10 3.20191e+10 1.85734e+10 1.09773e+10 6.60779e+09 4.04941e+09 2.52537e+09 1.60205e+09 1.03337e+09 6.7745e+08 
1 4.26778e+09 402868 2.96604e+10 2.10792e+08 8.63758e+06 4.49676e+06 2.38873e+06 1.29437e+06 715220 402868 231248 135216 80510.5 48795.4 
2 5.06302e+09 2.68752e+06 1.01128e+12 3.85006e+09 9.82353e+07 4.59939e+07 2.19664e+07 1.06982e+07 5.31154e+06 2.68752e+06 1.38536e+06 727290 388721 211448 
3 5.07783e+09 1.52487e+07 2.38018e+13 5.19725e+10 8.78897e+08 3.7565e+08 1.63784e+08 7.28231e+07 3.30092e+07 1.52487e+07 7.1766e+06 3.43997e+06 1.67879e+06 833872 
4 4.68236e+09 8.20138e+07 5.07398e+14 6.51284e+11 7.38802e+09 2.8888e+09 1.1521e+09 4.68496e+08 1.94186e+08 8.20138e+07 3.52831e+07 1.54566e+07 6.89258e+06 3.12773e+06 
5 4.22125e+09 3.92865e+08 8.78043e+15 6.90167e+12 5.39091e+10 1.93881e+10 7.11011e+09 2.6579e+09 1.01245e+09 3.92865e+08 1.55237e+08 6.24434e+07 2.55607e+07 1.06441e+07 
6 3.98644e+09 1.44371e+09 1.00931e+17 5.17479e+13 2.89995e+11 9.67391e+10 3.28896e+10 1.13925e+10 4.01919e+09 1.44371e+09 5.27839e+08 1.96366e+08 7.43086e+07 2.85944e+07 
7 3.66132e+09 3.26272e+09 6.07246e+17 2.17055e+14 9.14607e+11 2.85832e+11 9.09763e+10 2.94808e+10 9.72307e+09 3.26272e+09 1.1136e+09 3.86473e+08 1.36337e+08 4.88747e+07 
8 3.13358e+09 3.13358e+09 1.38602e+18 3.6041e+14 1.18026e+12 3.48151e+11 1.04524e+11 3.19279e+10 9.91955e+09 3.13358e+09 1.00619e+09 3.28302e+08 1.08817e+08 3.66284e+07 
