#t = 580000000; extr. Ts: 0.0993833 0.103383 0.106383 0.10705 0.107717 0.108383 0.10905 0.109717 0.110383 0.11105 0.111717 0.112383 
0 2.87938e+10 3.59923e+09 6.44422e+13 8.05457e+11 4.98418e+10 2.8377e+10 1.64697e+10 9.7405e+09 5.86788e+09 3.59923e+09 2.24691e+09 1.42702e+09 9.21621e+08 6.0502e+08 
1 4.53953e+09 428520 3.16621e+10 2.2375e+08 9.15391e+06 4.76648e+06 2.53312e+06 1.37359e+06 759757 428520 246380 144355 86158.1 52364.4 
2 5.27278e+09 2.79887e+06 1.04017e+12 3.9808e+09 1.01957e+08 4.77718e+07 2.28316e+07 1.11271e+07 5.52807e+06 2.79887e+06 1.44367e+06 758394 405618 220796 
3 5.25588e+09 1.57833e+07 2.45395e+13 5.3773e+10 9.10569e+08 3.89207e+08 1.69686e+08 7.54335e+07 3.41819e+07 1.57833e+07 7.42377e+06 3.55573e+06 1.73365e+06 860156 
4 4.86042e+09 8.51327e+07 5.26e+14 6.75345e+11 7.6636e+09 2.99689e+09 1.19536e+09 4.86157e+08 2.01538e+08 8.51327e+07 3.66312e+07 1.605e+07 7.15847e+06 3.24894e+06 
5 4.37804e+09 4.07457e+08 9.09378e+15 7.15093e+12 5.58722e+10 2.0096e+10 7.37056e+09 2.75564e+09 1.04986e+09 4.07457e+08 1.61039e+08 6.47944e+07 2.65311e+07 1.1052e+07 
6 4.14162e+09 1.49991e+09 1.05343e+17 5.39175e+13 3.01755e+11 1.00632e+11 3.42026e+10 1.18436e+10 4.17701e+09 1.49991e+09 5.48203e+08 2.03872e+08 7.71218e+07 2.96662e+07 
7 3.82021e+09 3.4043e+09 6.36892e+17 2.27218e+14 9.56005e+11 2.98667e+11 9.50279e+10 3.07827e+10 1.01488e+10 3.4043e+09 1.16149e+09 4.0294e+08 1.42092e+08 5.09181e+07 
8 3.31757e+09 3.31757e+09 1.47032e+18 3.81993e+14 1.25021e+12 3.68743e+11 1.10693e+11 3.3809e+10 1.0503e+10 3.31757e+09 1.06517e+09 3.4752e+08 1.15178e+08 3.87671e+07 
