#t = 595000000; extr. Ts: 0.0993833 0.103383 0.106383 0.10705 0.107717 0.108383 0.10905 0.109717 0.110383 0.11105 0.111717 0.112383 
0 3.07322e+10 3.84152e+09 6.88249e+13 8.6126e+11 5.32792e+10 3.03277e+10 1.75973e+10 1.04042e+10 6.26546e+09 3.84152e+09 2.39707e+09 1.52161e+09 9.82163e+08 6.4437e+08 
1 4.53258e+09 427865 3.16984e+10 2.23903e+08 9.15968e+06 4.76848e+06 2.53338e+06 1.37314e+06 759093 427865 245818 143905 85813.5 52108.3 
2 5.33197e+09 2.83028e+06 1.04051e+12 3.99662e+09 1.02709e+08 4.81617e+07 2.30359e+07 1.12353e+07 5.58608e+06 2.83028e+06 1.46088e+06 767916 410942 223800 
3 5.27226e+09 1.58325e+07 2.42948e+13 5.34114e+10 9.08083e+08 3.8856e+08 1.69595e+08 7.54818e+07 3.42455e+07 1.58325e+07 7.45645e+06 3.57603e+06 1.74584e+06 867338 
4 4.84265e+09 8.48213e+07 5.20641e+14 6.68674e+11 7.60523e+09 2.97613e+09 1.18798e+09 4.83541e+08 2.00623e+08 8.48213e+07 3.65306e+07 1.6021e+07 7.15238e+06 3.24933e+06 
5 4.33884e+09 4.03809e+08 8.95382e+15 7.05569e+12 5.52363e+10 1.98766e+10 7.29359e+09 2.7282e+09 1.03992e+09 4.03809e+08 1.59681e+08 6.42824e+07 2.63358e+07 1.09768e+07 
6 4.07426e+09 1.47551e+09 1.02991e+17 5.28436e+13 2.96273e+11 9.88423e+10 3.36075e+10 1.1642e+10 4.1075e+09 1.47551e+09 5.39491e+08 2.00707e+08 7.59526e+07 2.9227e+07 
7 3.70409e+09 3.30083e+09 6.17595e+17 2.2037e+14 9.2713e+11 2.89637e+11 9.21516e+10 2.98498e+10 9.84076e+09 3.30083e+09 1.12613e+09 3.90652e+08 1.37751e+08 4.93593e+07 
8 3.21604e+09 3.21604e+09 1.42483e+18 3.70179e+14 1.2117e+12 3.57397e+11 1.07292e+11 3.27714e+10 1.01811e+10 3.21604e+09 1.03262e+09 3.36918e+08 1.1167e+08 3.75882e+07 
