#t = 597000000; extr. Ts: 0.0993833 0.103383 0.106383 0.10705 0.107717 0.108383 0.10905 0.109717 0.110383 0.11105 0.111717 0.112383 
0 3.11236e+10 3.89045e+09 7.00915e+13 8.75156e+11 5.40358e+10 3.07471e+10 1.78348e+10 1.05415e+10 6.34657e+09 3.89045e+09 2.42721e+09 1.54055e+09 9.94302e+08 6.52298e+08 
1 4.44498e+09 419595 3.09696e+10 2.20307e+08 9.01731e+06 4.69251e+06 2.49159e+06 1.34946e+06 745287 419595 240734 140701 83745.2 50741.5 
2 5.25105e+09 2.78733e+06 1.0228e+12 3.94377e+09 1.01371e+08 4.7523e+07 2.27227e+07 1.10777e+07 5.50477e+06 2.78733e+06 1.43766e+06 755093 403713 219646 
3 5.2785e+09 1.58513e+07 2.44232e+13 5.36203e+10 9.10613e+08 3.89528e+08 1.69964e+08 7.5622e+07 3.42977e+07 1.58513e+07 7.46273e+06 3.57783e+06 1.74614e+06 867208 
4 4.85166e+09 8.49792e+07 5.24153e+14 6.7289e+11 7.64185e+09 2.98906e+09 1.19251e+09 4.85103e+08 2.01141e+08 8.49792e+07 3.65698e+07 1.60243e+07 7.14717e+06 3.24366e+06 
5 4.36647e+09 4.0638e+08 9.04493e+15 7.12748e+12 5.57342e+10 2.00476e+10 7.35291e+09 2.74894e+09 1.04722e+09 4.0638e+08 1.60585e+08 6.45971e+07 2.64432e+07 1.10119e+07 
6 4.10792e+09 1.4877e+09 1.03524e+17 5.31756e+13 2.98439e+11 9.9586e+10 3.38672e+10 1.17342e+10 4.14077e+09 1.4877e+09 5.44028e+08 2.02422e+08 7.661e+07 2.94829e+07 
7 3.6984e+09 3.29576e+09 6.09322e+17 2.18312e+14 9.21701e+11 2.88181e+11 9.17662e+10 2.97508e+10 9.8168e+09 3.29576e+09 1.12543e+09 3.9077e+08 1.37922e+08 4.94674e+07 
8 3.14427e+09 3.14427e+09 1.39202e+18 3.61788e+14 1.18446e+12 3.49376e+11 1.04888e+11 3.20381e+10 9.95356e+09 3.14427e+09 1.00961e+09 3.29418e+08 1.09187e+08 3.67537e+07 
