#t = 607000000; extr. Ts: 0.0993833 0.103383 0.106383 0.10705 0.107717 0.108383 0.10905 0.109717 0.110383 0.11105 0.111717 0.112383 
0 3.38513e+10 4.23142e+09 7.61929e+13 9.51937e+11 5.87977e+10 3.34567e+10 1.94057e+10 1.1469e+10 6.90406e+09 4.23142e+09 2.63931e+09 1.67469e+09 1.08052e+09 7.08596e+08 
1 4.33261e+09 408988 3.02666e+10 2.14884e+08 8.78543e+06 4.57139e+06 2.42724e+06 1.31471e+06 726231 408988 234745 137272 81755.4 49572 
2 5.00578e+09 2.65714e+06 9.92463e+11 3.79196e+09 9.70288e+07 4.5448e+07 2.17124e+07 1.05766e+07 5.25165e+06 2.65714e+06 1.3695e+06 718781 384036 208805 
3 4.9777e+09 1.4948e+07 2.31598e+13 5.07584e+10 8.60579e+08 3.67976e+08 1.60494e+08 7.13773e+07 3.23581e+07 1.4948e+07 7.03412e+06 3.3707e+06 1.64423e+06 816187 
4 4.59315e+09 8.04512e+07 4.96556e+14 6.37165e+11 7.23521e+09 2.82993e+09 1.129e+09 4.59258e+08 1.90423e+08 8.04512e+07 3.4622e+07 1.51715e+07 6.76729e+06 3.07158e+06 
5 4.14407e+09 3.85681e+08 8.6045e+15 6.76613e+12 5.28869e+10 1.90236e+10 6.9775e+09 2.6087e+09 9.93838e+08 3.85681e+08 1.5241e+08 6.13092e+07 2.50967e+07 1.04506e+07 
6 3.87058e+09 1.40175e+09 9.76322e+16 5.01181e+13 2.81205e+11 9.38326e+10 3.19101e+10 1.10561e+10 3.90147e+09 1.40175e+09 5.12609e+08 1.90737e+08 7.21908e+07 2.77835e+07 
7 3.52428e+09 3.14059e+09 5.86439e+17 2.0935e+14 8.81274e+11 2.75357e+11 8.76236e+10 2.83885e+10 9.36095e+09 3.14059e+09 1.07172e+09 3.71872e+08 1.31165e+08 4.70133e+07 
8 3.07741e+09 3.07741e+09 1.36614e+18 3.54604e+14 1.16005e+12 3.42126e+11 1.02697e+11 3.13647e+10 9.74309e+09 3.07741e+09 9.88026e+08 3.2234e+08 1.0683e+08 3.59564e+07 
