t = 10000
b = 20 20 20
E = -0.300871600489054 -0.300871600489054 0
-1.42113356852274 1.11522979885198 -0.869644112842213 0.987404675455927 0.118516819218647 -0.104812562543739 -0.157812041593537 0.690533573723241 -0.705874380718906 0 0 0 0 0 0
-1.23311527675016 1.63116837201354 -1.0242162573403 0.675110445601991 -0.474026922643926 -0.565264626400835 -0.177765822387193 0.639125455422133 -0.748276562117117 0 0 0 0 0 0
-0.995788324592243 1.96714417411902 -1.3077621352016 0.250520698306239 -0.631260875855017 -0.733995194884679 0.231639967624018 0.775235286909179 -0.587667514379595 0 0 0 0 0 0
-0.556106462874762 2.18215757707818 -1.5536904127038 -0.244710981566292 -0.602233107185366 -0.759889289912226 0.403336441584972 0.649463403726306 -0.644606038212789 0 0 0 0 0 0
-0.218357643322465 2.24681767686783 -1.95438390339807 -0.828667689971887 -0.18869646895588 -0.526975745226108 0.350017659891593 0.560001083081847 -0.75092365151943 0 0 0 0 0 0
0.0101727781978712 2.29634608569428 -2.44481545454944 -0.981518415744673 0.0673390294623322 -0.17912844787033 0.18139387509696 0.625623156174924 -0.758743597432426 0 0 0 0 0 0
0.0754881402084977 2.20899326805881 -2.89712990476966 -0.716495932837994 0.697501888938333 0.0111650449021398 0.202966158214626 0.22375254295645 -0.953278269857754 0 0 0 0 0 0
-0.0484870345075344 1.44794319331839 -2.81720615353625 -0.764498296984088 0.450360161234168 -0.461213597072099 0.598086457142712 0.228627185198757 -0.768128962679883 0 0 0 0 0 0
0.108435126160223 1.34882839138883 -3.32071276381168 -0.575063793330461 0.817938280411147 0.0166876197275265 0.396221258908597 0.296299383020509 -0.869031229606502 0 0 0 0 0 0
-0.0889681379896591 1.50252369369059 -3.85136767713072 0.133036260897353 0.936590610545926 0.32419018734858 0.601786823252431 0.183565180867068 -0.777274955685266 0 0 0 0 0 0
0.0706700599216301 1.80634945496384 -4.23788094764824 0.572543549236803 0.365286670072693 0.734002342211166 0.716001030206364 0.213374271885795 -0.664690756522547 0 0 0 0 0 0
0.388484258648451 2.00551813092087 -5.34661570449383 -0.221484965017021 0.881729432493853 -0.416530378712827 0.915941219567365 0.334687509478108 0.221440393560614 0 0 0 0 0 0
-0.229696434384461 2.08320501668587 -5.10760428236519 0.413407702704557 -0.683966766607425 -0.601068562247848 -0.18245719106093 -0.708956011818057 0.681241918504818 0 0 0 0 0 0
-0.899776581934256 2.46684053881863 -4.45147761699557 0.128157016124645 -0.52499297180652 0.841402451255311 -0.193811701638992 0.818782772007102 0.540399574700352 0 0 0 0 0 0
-1.14853020042279 2.47695162802723 -3.90218672087832 0.883353748560594 -0.292562217377758 0.366187604749279 -0.106096471467831 0.636182765246053 0.764208676713336 0 0 0 0 0 0
-1.10537474854183 2.56029714161753 -3.41908544396374 0.824798882842165 0.335518864646474 -0.455119597850544 0.108676327196992 0.695837482064186 0.709929271811336 0 0 0 0 0 0
-1.12771150028547 2.44168636181495 -2.78743576010332 0.916415665014651 -0.257274066824383 0.306581598638565 -0.390627951571764 -0.408192719193228 0.825099033751289 0 0 0 0 0 0
-1.18559496629025 1.98663256247132 -2.62315420145174 0.854314550957231 0.13722012836331 0.501315489388432 -0.27161332861367 -0.704475990473404 0.655697882179076 0 0 0 0 0 0
-1.02225957157092 1.49877719114275 -2.44526720987947 0.456081053122572 0.532036359838934 0.713391375284657 -0.128626548947919 -0.753792933254483 0.644399977892395 0 0 0 0 0 0
-0.747761947918699 1.1569090705575 -2.16340140741205 -0.278017036165302 0.67073231153219 0.687622450795737 -0.0652028464945812 -0.727369941625801 0.683140886244158 0 0 0 0 0 0
-0.499097747521312 1.00320179287733 -1.7246652075084 -0.682471573560309 0.430152083100893 0.590932873429609 0.147132272684114 -0.711086177387086 0.687537961765661 0 0 0 0 0 0
-0.244036198423592 0.891715112514976 -1.25727466725823 -0.976784036076732 0.0887196477345724 0.194991375086115 0.0881346323557362 -0.663188549216927 0.743244974139179 0 0 0 0 0 0
21.8960520798864 -1.24077826078324 11.7301793278051 -0.932262320671734 0.351259399449636 0.0866238723051899 -0.361209780989192 -0.917182665320253 -0.168236243497665 0 0 0 0 0 0
15.5827127913256 2.17914015739792 7.22518253544461 -0.125956545243836 -0.546288577323556 -0.828072252501272 -0.531049131749115 0.742179660057534 -0.408847304406224 0 0 0 0 0 0
2.2269823319582 2.30150919282618 4.43721192855039 -0.588980447383607 -0.613205247835183 -0.526385108302913 0.76749254364469 -0.220435223436504 -0.601966273392123 0 0 0 0 0 0
12.8269185096119 14.6161989905099 -0.617743295126437 0.201366951828065 0.957340577365363 -0.207244685546768 0.340890769144887 -0.266845460435441 -0.901436006068082 0 0 0 0 0 0
12.578623917451 2.52181098171709 -4.19284183429835 0.725268730368715 0.675395878280491 0.133512589369857 -0.394021996275338 0.248178236815053 0.884959952402181 0 0 0 0 0 0
5.11973298197364 13.5417825110715 15.0778314774056 0.683107870383267 -0.539337922829334 -0.492420712283236 -0.729306553463401 -0.539238729916862 -0.421109794100286 0 0 0 0 0 0
17.4981628469285 9.38744285316263 16.0270534193998 -0.254143431108256 0.631436838721585 0.732597135846674 0.577008430514849 0.7068881396935 -0.409109238998522 0 0 0 0 0 0
10.9112223100371 15.532812748533 10.9884892038605 0.648348272554523 -0.640551302583075 -0.411507564860833 0.761341190109923 0.546899593797067 0.348224558284931 0 0 0 0 0 0
13.0751544997319 4.17266509621024 10.9672185778301 -0.433618159877712 0.898603983179804 -0.0669787271346394 -0.395545693652674 -0.123028446804568 0.910168933827528 0 0 0 0 0 0
22.4509257987045 14.5180652910856 -1.28868706721413 -0.21677119048531 -0.576243989824206 0.78800573319111 0.153794513651015 -0.817277315295608 -0.555342234923357 0 0 0 0 0 0
8.79396888734791 3.44871505689138 5.90622082876557 0.809551818312434 0.587006202588011 -0.00703515867987766 -0.560609123147409 0.776592099505241 0.28744055857729 0 0 0 0 0 0
6.34328786714855 6.69082754701909 13.3585451346802 0.911351117629221 -0.154269875448277 -0.381627867893505 0.389340959229882 0.0221216754001513 0.920827958846001 0 0 0 0 0 0
19.0779549634641 16.7009685184736 15.3253139262984 0.0403793282927425 -0.51484264401367 -0.856333156044027 0.871884122233587 0.436766511554641 -0.221479108073508 0 0 0 0 0 0
15.6900583913252 13.2040692977136 16.0900967454217 0.33847352911324 -0.203602376618374 0.918684727236385 -0.875437760007822 0.28984827593046 0.386777191802163 0 0 0 0 0 0
1.65259818390933 14.3683662679496 3.08830694712153 0.381798679098553 -0.68073347917063 -0.625165286149928 0.260596359429682 -0.569674978469362 0.779461272826031 0 0 0 0 0 0
7.42816529603867 10.1702797379864 3.54456598333346 0.826798592415062 -0.0332998240290059 -0.561511433742005 0.555903557377356 0.200779140643064 0.806634277212508 0 0 0 0 0 0
15.5150091643836 13.5843075372223 11.9316332451633 -0.257859604919889 -0.151612353932698 0.954212765485992 -0.430961963613421 0.901970483740372 0.0268516322247344 0 0 0 0 0 0
24.0638619026132 18.4176109464446 16.1036393587754 -0.462071292163831 -0.730122755456733 -0.503399272209475 0.695709821515101 0.053590888191327 -0.716320976995205 0 0 0 0 0 0
10.3591782581557 14.1848056514987 15.7599999409842 -0.968300715894564 0.233600900216369 0.0884546794243933 -0.121140107446457 -0.129481575424639 -0.98415419461725 0 0 0 0 0 0
18.6195460573561 3.10395105698727 1.78043052643443 0.882750405138767 -0.229720853701066 0.409853557607822 0.299350544538407 -0.39735908174228 -0.867464645535864 0 0 0 0 0 0
7.40795638309528 12.0969597854598 18.388638456102 -0.0427014275311518 0.710914156512893 0.701981190058049 -0.704771660386757 0.476580741304697 -0.525516518864797 0 0 0 0 0 0
9.36573391176753 27.6268122128327 20.4374029227665 0.109276399564602 -0.816468362405605 0.566955061664488 0.392537303878798 -0.48856713691816 -0.779240994194266 0 0 0 0 0 0
1.02278008599581 6.39500710248206 8.88722006655813 0.611984377084687 -0.302246400800195 -0.730836593971872 -0.76981680958212 -0.0158564479375865 -0.638067812669067 0 0 0 0 0 0
17.3264354386529 13.7095292479022 8.25871015395792 -0.127156475102597 0.28103964184522 0.951234903037756 0.980603570342262 -0.1085961694544 0.16316676134682 0 0 0 0 0 0
12.2140554291738 10.8892390353786 17.9062120734678 0.177474394972507 0.25045194222425 -0.951722938692504 -0.837205980577025 -0.469904596834446 -0.279777988900636 0 0 0 0 0 0
10.5578318226219 14.27071300279 5.58012110971405 -0.49353736837792 -0.67438104937907 0.549209432966032 0.595693426740216 -0.722213893606001 -0.3515058693541 0 0 0 0 0 0
21.5934654576532 8.72387899882899 17.4723207451273 0.245063419971086 -0.742315662805475 0.623627551848582 -0.695110800648831 -0.582934275422464 -0.420723812801854 0 0 0 0 0 0
7.00715161574709 4.58922762149608 17.1851785937562 0.576908371151219 0.323346910503033 0.75008226216744 0.626948610851757 0.413322260236795 -0.660378716873636 0 0 0 0 0 0
8.18882264054989 8.88928276759643 9.79289958217421 -0.763416417101908 0.527403899563226 -0.372881234140507 -0.318496147786089 0.194858779316846 0.92767997999614 0 0 0 0 0 0
2.13868549427848 9.01022902648272 13.3692524984884 0.902680648581662 -0.325507073403153 -0.28144748224532 0.425187786368534 0.775326118548525 0.466995405406273 0 0 0 0 0 0
4.7953251035109 19.4130111584734 8.26009987586158 -0.202089049060131 -0.0333318784407526 -0.978799715494825 0.386821148596525 -0.920878136584383 -0.0485060660279438 0 0 0 0 0 0
13.7055855223048 11.9983038026753 3.7040366217393 -0.226731658231332 -0.44487896796836 -0.866415237284858 -0.973309317644832 0.0710543115428918 0.218220389490712 0 0 0 0 0 0
4.22759712634087 6.98420979896375 4.56503598613901 -0.199904548838328 0.979227968314417 -0.0339227434556428 -0.378048991813651 -0.109025049690058 -0.91934345080413 0 0 0 0 0 0
6.82255647959038 13.1259540056014 8.41914873882759 -0.88117482852765 -0.182690646828237 -0.436067579510528 -0.389756942863474 -0.241381885482449 0.888720540207727 0 0 0 0 0 0
5.88012530361779 21.4324354171953 11.8971418131505 0.170973619471174 -0.937416157376281 0.303346262348119 0.834207610608315 -0.026098840561839 -0.550832455286002 0 0 0 0 0 0
17.725854082406 10.7513392963261 5.38988820660575 0.942031680144606 -0.2263884718944 -0.247637760241942 0.157816954171624 -0.352352584502822 0.922464829010302 0 0 0 0 0 0
17.322210117832 20.4887227598918 13.9938427073103 0.522967515426986 -0.818864739186904 -0.236570237878171 0.779771412051531 0.571713056944976 -0.255148280850073 0 0 0 0 0 0
-6.82289252047153 8.63705095234587 11.2460512790835 -0.913600366613046 0.176840710481575 0.366144258127306 -0.318266849562813 0.249419076875872 -0.914601675466684 0 0 0 0 0 0
16.9081225297832 12.3596524852935 20.3470665078096 -0.246524578452469 0.294975961499083 0.923154757080169 -0.964662233275548 0.0167378434795324 -0.262957222969079 0 0 0 0 0 0
14.3477559336859 -1.85348432961111 9.9438677650002 -0.0840885213101364 0.211980231060542 0.973649520295082 0.669085560258125 -0.712063784498089 0.2128135829648 0 0 0 0 0 0
3.95127033439352 9.50481025881719 1.31185227569845 -0.849163899854903 0.336917478501301 -0.406702813103278 0.0614290377835654 0.827864754937005 0.55755392864017 0 0 0 0 0 0
9.74445761456747 -1.76465440160871 6.45494347278674 -0.00921286454880263 0.690906151524844 0.722885710612237 0.665787566318086 -0.535141343510035 0.519952472762596 0 0 0 0 0 0
5.57435187046348 17.2327713069886 20.9960151478224 -0.187681239855197 0.107651546642101 0.976312848877948 -0.310723947746331 0.936422183938667 -0.162984990254318 0 0 0 0 0 0
19.6057058574627 5.36549456996163 12.666772955117 -0.397025547621962 -0.803977161523898 -0.44270915523465 0.892163321021531 -0.451293239405895 0.019466015511855 0 0 0 0 0 0
3.12427822687335 10.6505211763509 7.51359872683974 0.0363648446927696 0.669665811312916 -0.741771685547157 0.771542305156348 -0.490564799564615 -0.40505377206125 0 0 0 0 0 0
1.56828172671549 15.8432869719767 8.00187451186119 -0.261093969981501 0.066260187650791 -0.96303655573705 -0.692410347454854 0.682275423375074 0.234665919294699 0 0 0 0 0 0
20.004024335707 12.7556950854168 -4.2144022360915 0.048823499529869 -0.326057475011992 0.944088281013344 0.97198043577636 -0.202087623914427 -0.120060444725845 0 0 0 0 0 0
