t = 10000
b = 20 20 20
E = -0.173280853109826 -0.173280853109826 0
-0.265291117971851 0.765664059292687 -0.512299047195057 0.873399331969721 0.481732533675602 0.0714651605420433 -0.444257795137944 0.848231192104486 -0.28833789030911 0 0 0 0 0 0
-0.316173968995765 1.40653231869413 -0.487229286671816 0.864721999558246 -0.0583628811447636 -0.49884809240193 -0.294409811126301 0.745790046738961 -0.597595099285603 0 0 0 0 0 0
-0.258836759792276 1.90109641153214 -0.648737822774649 0.569179989809162 -0.478287607997437 -0.668786200958262 -0.141586174393105 0.744231820591673 -0.652742106845392 0 0 0 0 0 0
0.0251212915683736 2.23949538419484 -0.895844640119414 -0.211484926637545 -0.733260305175999 -0.646222380550535 0.0488196902614075 0.652426969855152 -0.756277469094321 0 0 0 0 0 0
0.203295796067135 2.54816648356952 -1.38865676340911 -0.536547843823482 -0.759801847276958 -0.367175006024968 -0.10413874285378 0.491399684552002 -0.864685712459866 0 0 0 0 0 0
0.415765017818163 2.52285135942384 -1.88033018720689 -0.962105210812469 -0.237312464255929 -0.13429935428255 -0.00668484236021559 0.512898472595799 -0.858423198743151 0 0 0 0 0 0
0.385845359555242 2.50444361916035 -2.36763374200065 -0.905911194370077 0.387376970786595 0.171067111958699 0.0285946599004218 0.459003536387186 -0.887974112469346 0 0 0 0 0 0
0.942756963491234 1.76988081449263 -2.00096315801227 -0.747536630853853 -0.107011200434166 -0.655543684670142 0.625829454717215 -0.444143525797481 -0.641150444785557 0 0 0 0 0 0
1.09743211398841 1.39909395817324 -2.43829739248505 -0.494736048221095 0.726503616884354 -0.47689480570973 0.619808072524696 -0.0896784353810386 -0.779612456214567 0 0 0 0 0 0
1.34146864469226 1.32960543594359 -2.87698343253973 -0.640169171148619 0.760956196849195 -0.105494192735161 0.380421365599976 0.194700061178478 -0.904085944089382 0 0 0 0 0 0
1.31155991015299 1.45064720421729 -3.37283249137279 0.141900577154606 0.915689682662476 0.376000722842688 0.57353140957795 0.233536845692212 -0.785189234696329 0 0 0 0 0 0
1.44723888969973 1.38228826978206 -3.70704647422624 0.526895058886703 -0.773299646083931 -0.352688517871201 0.0379539848960214 0.435955082160363 -0.899167720640978 0 0 0 0 0 0
0.0716554084713535 1.84345113846114 -4.2922493250217 -0.0380255203992495 -0.375708102713635 -0.925957516292065 -0.595922510988048 -0.735298178159605 0.322820087980422 0 0 0 0 0 0
-0.164229350280142 1.92065241831387 -2.90575640202533 0.646127995697424 0.175750043301287 0.742718283482056 -0.173461588953053 0.981475462366496 -0.0813443934721633 0 0 0 0 0 0
-0.293344684245906 2.26703466855328 -2.66647768856098 0.926203525051614 0.223419234079856 -0.303695084672468 -0.27537881285314 0.951060635456973 -0.140178689659821 0 0 0 0 0 0
-0.245814177743012 2.73402074722202 -2.4671095746278 0.465433214625883 -0.0972638972334304 -0.879722453379807 -0.257167610765925 0.936200919092337 -0.239567462754235 0 0 0 0 0 0
-0.700585180735727 2.15033032990723 -1.97900565068576 0.955134152400345 0.291930832578965 -0.0499504198959296 0.244938224201763 -0.683775791293559 0.687354228621632 0 0 0 0 0 0
-0.468166862771203 1.67504366793527 -1.89380428847129 0.566672344511797 0.697849499938307 0.438050762121608 0.260101562417649 -0.655976495240206 0.708549184389069 0 0 0 0 0 0
-0.0869049921548901 1.41985849344088 -1.71271131249367 -0.0521891983294015 0.686165081416065 0.725571257941382 0.33115032207516 -0.67356102237615 0.660798684037551 0 0 0 0 0 0
0.360040677341919 1.28377162127667 -1.45403283013396 -0.42077296849903 0.621840092436075 0.660503555356864 0.495309565471415 -0.452507682659099 0.741555880139482 0 0 0 0 0 0
0.725016147985099 1.36190557093514 -1.07214231802549 -0.885680190349957 -0.0119344187278146 0.464142293436883 0.354368962437834 -0.66327761712631 0.659155029093193 0 0 0 0 0 0
0.816072507867139 1.30770030479054 -0.514125130992795 -0.858366557806474 -0.508631724214296 -0.0670853414780739 0.354958780164876 -0.683197198754621 0.638158056430087 0 0 0 0 0 0
20.8570766444965 7.93766213914898 5.80337289421876 -0.204331309374747 0.811580674396687 -0.547344027339751 -0.390743923385183 0.445043634377095 0.805763770741609 0 0 0 0 0 0
6.79685906440984 13.4840911254963 8.35488702726158 -0.218227155970088 0.965148644331266 -0.144447203428536 0.281178506873726 -0.0795542055455991 -0.956352266268787 0 0 0 0 0 0
5.46171216335213 1.59553893886855 8.24686606201091 0.180306541495962 -0.855324060404313 0.485705950950771 -0.470789237732277 0.35851771214604 0.806115649163502 0 0 0 0 0 0
16.5099163923428 15.9215117670112 15.8593375456321 -0.664030394503802 0.304425854928895 0.682926369284698 0.522164421540275 0.842546101773762 0.132137612657419 0 0 0 0 0 0
-5.64521506705714 5.58078010276706 0.130565764285272 0.915465112646392 0.340941724690225 -0.213734093069713 -0.397044351772765 0.85168161810455 -0.342044107343935 0 0 0 0 0 0
15.5240000855435 9.08154509840614 21.1464960155585 0.514130198490525 -0.793384441111836 0.325900634288746 -0.8556367269702 -0.500836449121482 0.130570109075316 0 0 0 0 0 0
4.35150074529828 20.3385542225613 14.6043514804081 0.804011864608005 -0.594576464770194 -0.00660848278017083 -0.574829649010125 -0.780056431427219 0.247149330842853 0 0 0 0 0 0
11.4568324535446 0.568694225302502 15.8468864449548 -0.255277104895935 -0.241514776614937 0.936217976828426 -0.084577685466203 0.97016594307833 0.227210587352877 0 0 0 0 0 0
5.91533073478836 25.2411012542797 16.9924942802675 -0.871490197041389 -0.462912160035198 0.161916876477134 -0.486865478133269 0.856309261529143 -0.172326501224455 0 0 0 0 0 0
6.5707529293484 8.41196254723742 13.1552914011768 0.412687231231524 0.909086105273815 0.0570235187118076 -0.641897030682253 0.245835589544949 0.726314637680906 0 0 0 0 0 0
11.3134340928817 2.62452088214118 2.42229585472095 0.698808563570002 0.652835535802657 0.292356437027659 0.285284276856511 0.120438803179554 -0.950845549280764 0 0 0 0 0 0
2.9805534503522 5.64062151923612 0.255281042229796 0.399067539128762 -0.590868344486266 0.701155917829608 0.105394193129463 -0.730057512674329 -0.675209624168458 0 0 0 0 0 0
-4.34528603105193 2.36378395889035 1.67893782053159 0.754637978936204 -0.0952412337200382 0.649192198057417 -0.44560582791581 -0.800634206718543 0.400524993433998 0 0 0 0 0 0
12.6380657748534 13.5236943486986 11.7698210357978 0.982739759648739 -0.0310151786488803 0.18237462653644 0.177893854960097 -0.112046909564412 -0.977649808833327 0 0 0 0 0 0
4.4930934818488 9.75011688754871 7.03243294747673 0.919012486449621 0.19215292336528 -0.344228396539438 0.0275475669818185 -0.902336716921327 -0.430150623272029 0 0 0 0 0 0
7.561214428795 19.8684002555592 14.3766313706599 0.819537913125071 -0.438101652360602 0.36935681233791 0.213495329994351 0.831611003347494 0.512682012962294 0 0 0 0 0 0
2.26505882587958 -2.66943961811672 3.27753640244698 -0.290478092028113 -0.817809105121118 0.496800469154357 0.945332118374215 -0.325685976321486 0.016604946041159 0 0 0 0 0 0
18.2441005512121 7.9646949285594 11.7163867892811 -0.539181001013855 0.121449621877853 0.833386896969515 0.35722958110267 -0.8631376037045 0.356904010987355 0 0 0 0 0 0
11.1998251078243 -2.43671539790784 14.2807237622438 0.854266045876917 -0.0187519984474893 0.519497609473508 0.0493240775177211 0.997764369938646 -0.0450932026534235 0 0 0 0 0 0
10.8600172813961 14.8677059502354 5.50334274733541 -0.926115818997962 -0.351170806300518 -0.137798585245647 -0.234766193998831 0.822446754762862 -0.518137174077916 0 0 0 0 0 0
11.2869773948884 7.63388100123889 20.402550808141 -0.540596190589473 0.731416253803589 -0.415675314345415 -0.678161395688047 -0.0864739245790724 0.72980768935965 0 0 0 0 0 0
18.4884291166642 8.25417312565589 14.9089485789948 0.117021219114628 -0.9584990677888 -0.259972232431953 -0.53539476989548 0.159588295608713 -0.8293876657511 0 0 0 0 0 0
15.5756443424238 -1.33553793954619 12.1840764682326 0.681164574552021 -0.721911258924102 -0.121897085819677 -0.343280853402938 -0.167866156026913 -0.924109892543965 0 0 0 0 0 0
5.45066794353504 10.8627527306768 19.2048320518212 0.79586084333678 -0.286668345580597 -0.533316667911791 -0.503002675491098 0.177270045691455 -0.845909879293387 0 0 0 0 0 0
17.7287742387153 16.4968868424854 12.7487498217336 -0.812892145831489 0.472750917027337 0.340165896480669 0.227720475413522 -0.279576166795025 0.932727421139794 0 0 0 0 0 0
3.82575465400057 7.77878615466272 4.28055223617958 -0.0988563590645882 0.860317000289484 -0.500082041577481 0.178893100300859 -0.478991610825104 -0.859397581777588 0 0 0 0 0 0
13.1053974659036 8.03407161737899 6.76439625311399 0.932019132943656 0.0335250817047413 -0.360854937126195 -0.362394014228809 0.0952411198308253 -0.92714593749665 0 0 0 0 0 0
14.2412123953039 18.2191521710992 2.00367879900769 0.766189571241458 0.381701270174909 0.516969611705284 -0.235221892724849 0.915232644932709 -0.327138881025942 0 0 0 0 0 0
11.7828025840526 4.37837251559914 13.4662495368925 0.834814806274864 0.550467179641732 -0.00836900677142515 -0.046716901218279 0.0556856009785999 -0.997354764436698 0 0 0 0 0 0
10.7714586193581 9.91379328661825 17.0327560756892 -0.160052507937515 0.98685797837276 0.0222378531389941 0.690596038150365 0.128043651932697 -0.711815859640626 0 0 0 0 0 0
-0.0442042658876557 21.5236188197815 8.26161955375984 -0.537416610814751 -0.368395402086651 0.758596144935515 -0.105986894869576 0.921911314346644 0.372620837722033 0 0 0 0 0 0
7.49013722123946 10.0880733960731 7.78416122198402 0.588335121197886 -0.73015309870814 0.347474001841817 0.731899542226084 0.298153131933667 -0.612721520264509 0 0 0 0 0 0
7.41578166260932 5.11347986709285 4.5041869787063 0.232614540179877 0.899204380325146 0.370569744151575 0.79058204647771 0.0470945910775541 -0.610542388645914 0 0 0 0 0 0
8.4089522478693 7.54321067192366 17.965610377033 -0.803138990919207 0.595110387947382 0.0284835115784725 -0.0253111330400007 0.0136837803308714 -0.999585905019232 0 0 0 0 0 0
9.68098996970607 7.70774203214521 9.70605239546551 0.647129715663769 0.066956234440812 -0.759433917533043 0.0897791329889809 -0.995897575418156 -0.0113015742223549 0 0 0 0 0 0
16.8871275637093 11.0606434958994 10.038617521611 0.466934210614199 -0.871844361280914 -0.147850681648611 0.497910030804731 0.397385368103564 -0.770824474220229 0 0 0 0 0 0
11.0362997983646 2.25595404682816 -0.908186711627989 -0.476780661417134 0.877262710856417 -0.055590552906647 -0.861809448526261 -0.454054899565495 0.226094068871831 0 0 0 0 0 0
5.18141400447467 15.4612616917705 14.2943970399694 0.148950171937811 -0.745899121405933 -0.649190491366132 0.46071633783819 0.633251310614087 -0.62187873596788 0 0 0 0 0 0
13.1318864997611 24.3913596830955 5.26231054813672 -0.334760745156957 -0.458150988223414 -0.823427483938259 0.608794524809342 0.561831061439234 -0.5601026721806 0 0 0 0 0 0
4.61316662927117 12.6518304659675 3.32220621303262 -0.849998472998299 0.0877380127153871 -0.519427106275466 -0.432853955604609 -0.678301152335022 0.593754945660613 0 0 0 0 0 0
11.9228683923444 13.1370244442789 -4.91922776225725 0.953041707169425 0.103751246690923 -0.284511977392143 0.301613817028188 -0.409605416303793 0.860960166966824 0 0 0 0 0 0
14.5731319956901 20.3794971733469 7.2099787620446 0.235588974379047 0.465666663851412 0.853025380612578 0.635209679738594 -0.738078213077326 0.227484416780749 0 0 0 0 0 0
7.2148557404275 17.7780531523893 2.41752612201957 -0.822368212760951 -0.0567433939881285 0.566118884205101 0.00730064551999145 -0.995984774182779 -0.0892245998348908 0 0 0 0 0 0
9.10541778669745 0.250968508046183 7.5235011423302 -0.209175740278981 -0.887473673883438 -0.410653092675142 -0.690892382968174 0.431314355766316 -0.580203020186833 0 0 0 0 0 0
8.82937493296485 10.9198694474466 20.1582230948252 -0.436789319234667 0.896349141732126 -0.0759821247861835 0.502591073093484 0.173111594217842 -0.847015037385539 0 0 0 0 0 0
7.70243816421263 5.55744934551466 0.375759639866153 -0.0418474785150019 0.180072958970694 -0.982762637998465 0.133930049201359 0.975758057021542 0.173086540114454 0 0 0 0 0 0
7.48998602709987 19.2561391333963 17.5801062022181 -0.0321894196713489 0.890000577696619 0.454821710318906 -0.935670668365715 -0.186825007732614 0.299360488036278 0 0 0 0 0 0
24.2867364925229 6.41213780020344 11.6588132980548 0.628138706730591 0.540031350779439 0.56018552358868 0.278420414183928 -0.828264593604779 0.486271321915336 0 0 0 0 0 0
18.9850118026448 13.9042211156676 18.4069969575691 0.459006811649682 -0.272106976533641 0.845736619638849 -0.873143253820645 0.0376818342477131 0.486004957418357 0 0 0 0 0 0
8.74498402301913 1.27361031258591 11.5579003853688 -0.2440872418223 -0.288718167969196 0.925777040432459 -0.958202398388423 -0.0751008738843925 -0.276057790919869 0 0 0 0 0 0
13.0867227852716 22.0195282865352 9.40727121061904 0.167792150593557 -0.911471625256413 0.375586541797071 -0.967224787512778 -0.0785565058944262 0.241464215421049 0 0 0 0 0 0
12.6115973785032 6.77263382950712 11.5157113742365 -0.0843171965994083 -0.784984292593227 0.613750947035555 -0.472726147822398 -0.510703772619707 -0.718130599319983 0 0 0 0 0 0
15.6742048231537 9.7829028230232 16.123228841731 -0.221047250353485 -0.0571155561067253 0.973589136926556 0.829396765483696 -0.536188208307844 0.156853835591992 0 0 0 0 0 0
0.575206206701717 14.7039597828238 6.21963603448071 0.107431762614192 -0.926614690185658 0.360338195948362 0.894645067161006 -0.0679921327713279 -0.441573499009495 0 0 0 0 0 0
-0.585918123037044 18.6030171646048 14.8577965044328 0.262467630540927 0.143180635783397 -0.954258838937045 0.85972615340139 0.41435081691235 0.298637310025152 0 0 0 0 0 0
2.91912484766966 11.557403804016 17.5253595993786 0.542017797078264 0.191841510224822 -0.818176892721293 -0.188264656948009 0.97656855968487 0.104260546987853 0 0 0 0 0 0
10.0666028583651 15.5852372965201 0.88516452427026 -0.375820437367635 -0.312128076715091 -0.872545101978968 0.483831327750611 0.736956334025738 -0.472019653785987 0 0 0 0 0 0
9.82326285976275 20.4578082070608 4.25045088697207 -0.698013305683445 -0.44768540859984 -0.558887381051479 -0.231120968782455 -0.597860253889796 0.767558556729321 0 0 0 0 0 0
17.3519716156806 14.1815000155144 10.7740259965071 -0.61260863145945 0.25632059745999 -0.747669916876374 0.177737433993956 -0.877051837148512 -0.446306455253041 0 0 0 0 0 0
18.0430034294041 1.47515348783295 15.1066039649109 0.978297112393526 -0.151100345159239 -0.14178620908843 -0.204731877430004 -0.599434410887768 -0.77379788642305 0 0 0 0 0 0
16.9658789250849 4.7381277157211 15.5784430865273 0.436809654647134 -0.835737367568043 0.332776715097008 -0.337251620599212 0.190806250618418 0.921875373496286 0 0 0 0 0 0
19.8285575277344 18.9041382483802 5.65751336648439 0.109144846205961 -0.045925893277418 0.992964297402232 0.993507681442916 -0.0272083516439223 -0.110462995585412 0 0 0 0 0 0
16.9582661245335 18.6064976373216 8.34255030832399 -0.406446318064288 0.0545621110856011 -0.912043994394723 -0.890864731035252 0.197988950753715 0.408852408383043 0 0 0 0 0 0
13.788634171037 14.1383381718835 4.27796240051626 0.208544134527535 0.478515367153052 -0.85295503717338 0.0889906239342188 -0.877797093084038 -0.470694067170812 0 0 0 0 0 0
1.77689618197007 22.8598624882203 10.9695660663421 -0.344930326949509 -0.111003536640812 0.932041397505141 -0.936467870210226 -0.0266340919382355 -0.349740523940027 0 0 0 0 0 0
3.96098687359165 7.52344309278269 14.506923115715 -0.964683341972076 0.0272421707628366 0.261999608268612 0.0316402354321666 0.999420128190151 0.0125818413582096 0 0 0 0 0 0
2.99795017792893 12.632375942586 6.76358580046121 -0.746379928289262 0.0952871639306251 -0.658663222679149 -0.647053043336771 -0.335425649033013 0.684698391470583 0 0 0 0 0 0
19.1647469162464 10.9606448108715 5.05803626982313 -0.520483844420428 -0.729178666294126 0.444291553479612 0.474293781829274 -0.679562747714342 -0.559678314998218 0 0 0 0 0 0
8.89359826355952 15.6834655583883 17.7244908496141 0.117249134806009 0.583091359575035 0.803901130797516 -0.955409131836812 0.287130223945953 -0.0689167317736603 0 0 0 0 0 0
11.1154975667349 19.4639823702981 10.056787688921 0.621091317279717 -0.758975104802903 0.195454125946697 0.70558835093888 0.432934518216107 -0.560992589158479 0 0 0 0 0 0
21.3298397279121 5.00434130604835 13.5238000757633 -0.223556692713193 0.0872184595140653 0.970780730732062 0.64409829073808 0.760750203940222 0.0799779272999279 0 0 0 0 0 0
16.645927315136 2.42261952381523 10.185846090125 0.426568933036374 0.513483185091512 -0.744562875933603 0.8295058802352 0.106011853421878 0.548344201865708 0 0 0 0 0 0
9.75466316699525 12.8927849616751 10.5057783920487 0.135999617386229 0.801626134852318 -0.582150840751489 -0.118446014830102 -0.57023928371703 -0.812894593678107 0 0 0 0 0 0
13.4143593190164 9.97490116276548 9.60543558925901 0.243635067785249 0.344689711972851 0.906548868599726 -0.493050631010036 -0.760900888697833 0.421818518617658 0 0 0 0 0 0
6.58390585008502 17.8575095537956 8.68610440598317 -0.662427781287847 0.671874401261957 -0.331321834642004 0.297592732931937 0.64189748081612 0.706686719372034 0 0 0 0 0 0
3.59784274571846 19.4219466112057 10.981433112049 0.0592307040452002 -0.44419036292175 -0.893972342691352 -0.327621771980483 -0.854589507155585 0.402915272279376 0 0 0 0 0 0
-3.52673405592171 2.00990730975148 5.03795073623895 -0.0993181219773657 -0.489171615804994 0.866514252770134 -0.13433956268432 -0.856255473808351 -0.498777920183748 0 0 0 0 0 0
18.7022479527007 20.6727586202758 12.1860389037418 0.364048649826395 -0.875358156047468 0.318145644848099 -0.538745054448224 0.08072700245113 0.838592152926809 0 0 0 0 0 0
2.20166545584533 4.67929927317743 -3.56697397282702 -0.430265796171051 0.744142610167551 0.511002022677951 0.902061642876647 0.3331165522785 0.274441339939413 0 0 0 0 0 0
16.0804151444968 6.48651468119719 9.25732380789083 -0.992217279828738 0.0987183664689521 -0.07589094599101 -0.116488720913416 -0.951226408909256 0.285654836382342 0 0 0 0 0 0
14.8923139845719 -1.09640410281732 15.4803210182893 -0.87570166929948 0.474523588431224 -0.0892964615303833 0.440296716034783 0.860662394875346 0.255732307286717 0 0 0 0 0 0
11.1691708833839 19.3578333206092 20.996939438008 0.137492550444263 0.264998784442254 0.954395794195765 0.857972117708277 0.449621340246771 -0.24844395850947 0 0 0 0 0 0
4.10793472345664 3.52978627740044 5.63519369594317 -0.364014662754612 -0.181783179405031 0.913481300145248 0.809665884883012 0.423007642731982 0.406823783926699 0 0 0 0 0 0
7.22200995185058 14.7330288261439 4.58790278589628 0.800559219114572 -0.469762845820086 0.372058748687832 0.0661665007820369 0.686367022301719 0.72423907780588 0 0 0 0 0 0
9.10725427081878 5.39990853719484 7.4203109232507 0.155315954972075 -0.75506089431817 0.636992895373649 0.256035838720543 0.653551988201045 0.712260752616428 0 0 0 0 0 0
-1.63197050806115 24.254519485906 21.0498725173185 -0.470416579918978 0.869434330488551 0.150970716392883 -0.325564842088287 -0.330007942930465 0.886059921772831 0 0 0 0 0 0
7.0764817295209 10.7820263268716 16.4658621058375 0.259585610403852 0.96555318782389 0.0179539489548821 -0.0361866151934329 0.0283034841007479 -0.998944103819035 0 0 0 0 0 0
-2.04251129571531 8.66439868468095 -1.56461470826489 -0.74491943450965 0.663339308255933 0.0712455714935878 -0.3556764005274 -0.304515457146502 -0.883608808416763 0 0 0 0 0 0
-2.9878113240393 6.83464514139253 23.9910247231611 -0.207710315429683 0.493811067399821 -0.844397397223231 0.958967950992544 -0.0674928323166638 -0.275363519531527 0 0 0 0 0 0
13.5364193977497 10.2053096194348 13.6907068771848 -0.341195350431949 0.929321915461354 -0.141232057378569 0.916103408273083 0.295091924114945 -0.271431746197743 0 0 0 0 0 0
11.557263257511 17.8781313650883 6.42838954162098 -0.180857341800418 0.550313382832413 -0.815135399479774 -0.654899100718915 0.550950764444328 0.517262351241688 0 0 0 0 0 0
6.97180346542099 12.6488061506401 12.0501536142363 0.478770167544746 -0.148946151101116 0.865213299814971 0.776277903516419 -0.388510691117675 -0.496439279452836 0 0 0 0 0 0
14.843811563741 10.2282518114605 4.40646236422725 0.846041219849401 0.0224146838997756 0.532645958505299 0.430233048289606 0.561303837876152 -0.706991827459102 0 0 0 0 0 0
5.83715230158177 22.5922891419639 -6.80716982068907 0.768373752438128 -0.375177296830597 0.518501369407456 0.631021665368618 0.579347666191975 -0.515914586260059 0 0 0 0 0 0
-2.59212940593356 14.0394427350594 5.74381547852872 0.840737744943834 -0.373278320467797 -0.392203055949909 -0.437439349194447 -0.895150043639305 -0.0857507519573556 0 0 0 0 0 0
3.70321870285685 14.5128256231876 9.94728023330445 0.606282421441775 0.644119707042244 0.466402571498052 -0.785757987740703 0.575544354192821 0.226567873577425 0 0 0 0 0 0
1.01456319996021 8.74485175081141 17.6498164855636 -0.0646930589262776 -0.430565686118262 -0.900237691365354 -0.883344689546978 0.444389607006578 -0.149063546738009 0 0 0 0 0 0
12.9429257354039 11.9531758997821 19.4171210316277 0.132136092526215 0.288644649427557 -0.948274332738931 -0.791109329994497 -0.545694348961806 -0.276339685524799 0 0 0 0 0 0
5.33290448903385 9.0246010302259 1.89205080549115 0.214469254745227 -0.955973572899903 0.200293425804166 -0.358854533534901 0.113600958853324 0.926454601282865 0 0 0 0 0 0
4.74434569654132 17.9395836042201 16.495211206583 0.504370376344638 -0.859830018615235 0.0793903739577888 0.2700448443184 0.0697376829619558 -0.96031886319213 0 0 0 0 0 0
3.94329701541788 10.8880658586136 14.3676624510232 -0.101015935869753 -0.0442704782878043 -0.993899283869785 0.652406297729949 -0.75716866394379 -0.0325819913110509 0 0 0 0 0 0
16.0817368528899 -6.247610072582 21.8923334138058 -0.110054210525143 0.571680969440181 -0.813061411995558 0.934588144992944 0.337935467524902 0.111105865874977 0 0 0 0 0 0
4.79920417627047 5.3161495310444 8.59234895298002 0.184317974935969 -0.468899110113952 0.863805774263335 0.868979906883541 0.488388575385653 0.0796895858337086 0 0 0 0 0 0
22.3081661451367 14.3669788530607 15.954357037823 0.292304527759132 0.952867410996517 0.0812511485447528 0.619725576220398 -0.253444970380437 0.742768971898534 0 0 0 0 0 0
25.425223776169 16.5706754780973 0.202441334042472 0.608833572911987 0.482383164316485 0.629784146997343 -0.648208608298595 -0.155157008385631 0.745487616622127 0 0 0 0 0 0
18.6419940105328 3.77918736748017 12.6741929674447 0.471376974782315 -0.634399814768319 -0.61265043167784 0.425386449239672 0.77206867714638 -0.472182463061553 0 0 0 0 0 0
10.9513880261276 7.11104683935882 15.4918329480147 -0.633492538551663 0.761290064052535 -0.138291691197329 -0.639281455092578 -0.615660893487034 -0.460739418089091 0 0 0 0 0 0
7.43534098161995 5.5221412084811 10.7108988476201 -0.653968821611961 -0.234757173954056 0.719175734432834 -0.31060792033913 -0.783495607741554 -0.538198203677282 0 0 0 0 0 0
4.76771482759095 0.842867092337982 -2.3142640925622 -0.711423315325786 -0.60617385248384 -0.355570037502523 0.306897187198662 -0.72314311775391 0.618771436690671 0 0 0 0 0 0
18.7798742003158 10.8961005830291 1.24250804528872 0.786388341387146 0.559313431073774 0.262224675486487 -0.45895582712394 0.24488232729956 0.85404454360689 0 0 0 0 0 0
1.35494693999845 7.13158259669107 9.42944392024926 -0.62687762136806 0.774916422951095 -0.0808018418351736 -0.774275340543722 -0.608077491819827 0.175326512077743 0 0 0 0 0 0
0.275239878073333 10.1168953372324 9.28307295208146 -0.649265217238723 0.149719154143894 -0.745680049370574 -0.748984043068064 0.0445563695975383 0.66108812890952 0 0 0 0 0 0
15.051420211897 12.8054124674383 15.8174599319469 -0.99847492600579 0.0272528243716106 0.0480102757829136 0.042269620695675 -0.181989537630071 0.982391455631806 0 0 0 0 0 0
