t = 10000
b = 20 20 20
E = -0.109789058371234 -0.109789058371234 0
-0.820110104547043 0.804877010966051 -0.306385375552129 0.96113976309217 0.131257049603985 -0.242861775722598 -0.257777175268469 0.741562394487616 -0.619383597671315 0 0 0 0 0 0
-0.797595603484229 1.33477698868734 -0.501115284422152 0.677837920540945 -0.464501871704859 -0.5698890250339 -0.240912227639851 0.592011642770219 -0.769079545483333 0 0 0 0 0 0
-0.630858268179492 1.74003349245619 -0.840290198698238 0.288165458714847 -0.740047981916001 -0.607691951262874 -0.0958527339809102 0.609132111422721 -0.787254873770397 0 0 0 0 0 0
-0.424402204369997 1.99954378634088 -1.25392563948364 -0.180149778956511 -0.883919183094151 -0.43154704320238 0.0826382473128805 0.423573381477309 -0.902084496960193 0 0 0 0 0 0
-0.0341313807842507 2.0359124498409 -1.67151888428748 -0.670376309475207 -0.64311158463409 -0.370139195056601 0.109656631671494 0.407485293729075 -0.906604139279702 0 0 0 0 0 0
0.0924324648014119 1.98716945939336 -2.20479554072884 -0.954650917632167 -0.2832793257439 -0.0916210026498013 0.0829406784842688 0.0425120849968938 -0.99564727042376 0 0 0 0 0 0
0.120926482159714 1.67669795583604 -2.68345524169091 -0.917777161553383 0.391818857446758 0.0645215637309408 0.0441198194252455 0.26209333564875 -0.964033425960433 0 0 0 0 0 0
0.274299239153689 1.58218315360381 -3.13842353564981 -0.777192652812968 -0.261219060398122 0.572482389650074 -0.597257632029853 0.0197711782667878 -0.801805683366496 0 0 0 0 0 0
0.0150371930733962 1.2980220422357 -3.45026230975059 -0.582775987261413 0.588381584352264 0.560516802563355 -0.673459239350845 0.0363221788874453 -0.738331369320731 0 0 0 0 0 0
-0.400516409562401 1.30843544326436 -3.52726791651062 0.210991933551144 0.976379533506679 -0.0465328522855068 -0.541746557783399 0.0771796244139696 -0.836990966122918 0 0 0 0 0 0
-0.820510215097578 1.45138089958579 -3.65181743137617 0.708698839658947 0.433114381216167 -0.556918080523636 -0.599097199368021 -0.0474426472840798 -0.799269450261272 0 0 0 0 0 0
-0.900362085721224 1.5073000783809 -4.11694935595305 -0.272606049054788 0.791803221680743 0.546565199913798 0.255059655674786 -0.488280920025112 0.834581485149944 0 0 0 0 0 0
-1.80927035111579 0.723492187973131 -3.75140517471072 -0.917946757034399 -0.396680247865013 -0.00429045662051772 -0.0834414042813176 0.203640134501205 -0.975483474155596 0 0 0 0 0 0
-1.59176289004285 1.7092374124408 -2.76723046696145 0.363454765896898 -0.647797059832614 0.669521865571213 0.92546043938438 0.333510414286013 -0.179704288038815 0 0 0 0 0 0
-1.17195565145669 1.9046812072114 -2.61482677580783 0.134561159440139 -0.97529296556041 0.175205052568254 0.974507480630376 0.0982161338294533 -0.201714153175128 0 0 0 0 0 0
-0.70405721569301 1.79061508356752 -2.38879430980033 -0.03648626592459 -0.607680526539693 -0.793342956711615 0.934009984573806 0.261576588966566 -0.243316653468396 0 0 0 0 0 0
-1.03336933989543 1.69889135897465 -2.19331011781047 0.981950477775684 0.141421170263175 -0.1255914442206 0.182829270509545 -0.539660456185759 0.821790703112842 0 0 0 0 0 0
-0.894097024571767 1.28155634010612 -2.00287317206725 0.76254240028918 0.62816942146657 0.154700376073992 0.332221966162852 -0.585415637264967 0.739538389109117 0 0 0 0 0 0
-0.588619700404441 0.921764040382453 -1.79164016162155 0.211156010123622 0.885952430036364 0.412918047538428 0.277746543403058 -0.459413556804746 0.843679995794636 0 0 0 0 0 0
-0.258247280245869 0.769537931708685 -1.49514534334642 -0.253272391313871 0.856072367568139 0.450547601629677 0.34319183691165 -0.355929478952899 0.869214280927482 0 0 0 0 0 0
0.0768063659247552 0.770845397262972 -1.1010285960078 -0.775185794996093 0.433900768118694 0.459148158573133 0.344168082117106 -0.319408099255478 0.882908090831494 0 0 0 0 0 0
0.333019209849686 0.847641567757736 -0.672660304654414 -0.974138068709821 -0.142424223150399 0.175414438808545 0.20956086171672 -0.27917600262101 0.937093847485106 0 0 0 0 0 0
4.62868710065114 4.73609345998087 3.18316706385742 -0.105590216913075 0.888518581556262 -0.446525935667564 0.0168772202243353 0.45057277449268 0.892580102464512 0 0 0 0 0 0
11.066892608668 12.6281190391145 15.8309049724283 0.86203271712956 -0.330834719231912 -0.383989423014923 0.295653004184579 0.943567695736442 -0.149228990495743 0 0 0 0 0 0
9.15020350398585 -0.272044882130831 11.4627481105393 0.504633537702972 0.0515036757817059 -0.861795941689963 -0.33523955988042 -0.908198310428897 -0.250579818705945 0 0 0 0 0 0
11.0532619577051 19.0167833537604 15.1115616428698 -0.608318126472165 -0.152055792493863 0.77899164085464 0.76859602175708 -0.35771817589848 0.530375110667957 0 0 0 0 0 0
10.6127288458722 11.5735309673989 5.20229790620784 -0.659517844528014 0.733222710767516 -0.165591708860492 -0.738162014111056 -0.673343056582654 -0.0415439997419975 0 0 0 0 0 0
7.63411982062638 9.91806717956728 6.4420241490846 -0.211824830586846 0.653067597515201 0.727071444808379 0.192106238624281 -0.701615693846343 0.686170934026914 0 0 0 0 0 0
21.2780253183449 17.760099011662 7.85944379976337 0.803279660373462 0.0700701953903133 0.591465836988303 -0.507603757439614 0.600036617567507 0.618299609188476 0 0 0 0 0 0
11.8924084580118 20.4165614986341 11.986773382547 -0.279842519743718 0.625635837642362 -0.728194953465533 -0.931710030037003 -0.359904501864893 0.0488371344151146 0 0 0 0 0 0
10.6325079941685 7.71871152230939 21.0385354054565 0.261992441610979 -0.533897744899313 -0.803935988310692 0.602571722492851 0.741196967886312 -0.295861995412062 0 0 0 0 0 0
17.7088848323516 5.85948983112733 12.709321795681 -0.70104991134232 -0.65730782773303 0.276541811853707 -0.0721319013127284 0.451169353541695 0.889518469900434 0 0 0 0 0 0
18.3038830562956 -6.28915252204288 4.65188277067151 0.599502595321967 0.665524011435698 0.444605850159351 0.768339748005317 -0.634128410516263 -0.0868050651647458 0 0 0 0 0 0
5.85168225407331 8.36809350597897 8.7363376063098 0.349666955187732 -0.936869477946946 0.00293038645679031 -0.928764086564438 -0.34622777528694 0.132376335531518 0 0 0 0 0 0
5.25977128937419 29.2449051915122 25.1525201550968 -0.46878627988482 0.85682815104747 -0.214673965988118 0.235182211931548 -0.11318813077178 -0.965338104790924 0 0 0 0 0 0
0.384302350048504 3.81450182358748 -3.48096481784834 0.950356384965251 0.235261910578004 -0.203652798595304 -0.0734320676335398 0.805571605255142 0.587930334649248 0 0 0 0 0 0
-4.05612305994555 -2.22105714648908 8.70959413083554 -0.730067844928325 0.309795346616287 0.609120412765991 -0.00690035690266301 0.887954587701594 -0.459879342911998 0 0 0 0 0 0
31.3920809086554 18.6306415300902 5.39859331980864 0.627261326132921 -0.529694151774601 -0.570935415394527 0.766441359708814 0.28972086410847 0.573262028940404 0 0 0 0 0 0
3.29090018854353 7.97308986369731 6.18888941599842 0.136558730604497 0.345912910829128 -0.928275749048842 0.720823508192866 0.608083928725365 0.33263693500981 0 0 0 0 0 0
17.5224263973544 10.0287804760731 -1.08588248635818 0.570754207473122 0.81886060475283 0.0608843605533431 -0.256512493116198 0.248245849685211 -0.934117351903117 0 0 0 0 0 0
13.5921252148897 12.8430969361438 7.16532398883727 0.378065986781337 -0.787151474175158 0.487297261429416 0.85963199543834 0.103096109241607 -0.500403743726694 0 0 0 0 0 0
14.3352512447269 3.2858963773025 4.13552523123881 -0.766348630582701 -0.611798899546047 -0.195989306669442 -0.301686213595835 0.0733794533125239 0.950579173867367 0 0 0 0 0 0
12.7145296513607 22.7052525238926 7.65718600230766 0.710842378185832 0.47073378220957 0.522601881806903 0.703179252574556 -0.49206241279121 -0.513238180887878 0 0 0 0 0 0
19.6663980887256 4.1789240028735 6.80700510093345 -0.0758369930431974 -0.926621418525559 0.368268217964711 -0.371896471731513 -0.316396866965301 -0.872688907694244 0 0 0 0 0 0
7.03051446019275 -2.70237925362054 19.5752994445435 -0.104435581591981 0.659134481138239 -0.744738126897191 0.698587409332297 0.581604108141301 0.416787972511668 0 0 0 0 0 0
15.1131269141414 10.8098248358278 1.72637713120639 0.770439421331401 0.234238373243057 0.592921048614763 0.537694966661104 0.260911133643693 -0.801753947339162 0 0 0 0 0 0
11.4378482466132 11.5620840991383 20.3589083793289 -0.84043410825833 0.169891100596565 0.514594411012739 0.41226709334355 0.816755989062875 0.403665032409381 0 0 0 0 0 0
7.08497515049676 10.8765110465006 9.94947976716348 0.23451230827664 -0.971746891281508 0.0266823895212474 0.766841523708464 0.168053561171689 -0.619444882335309 0 0 0 0 0 0
0.812960914472848 -0.894850526451039 14.0511126089214 -0.970310740966225 -0.0595316224495256 -0.234420419561312 -0.203237911741562 0.726124077347963 0.656839492700492 0 0 0 0 0 0
3.77445725545291 7.932556637212 16.2881570588816 0.012032646207554 -0.671366455819473 0.741027821304915 0.999031972334241 -0.0232864526960227 -0.03731943501917 0 0 0 0 0 0
11.0468081845643 0.610357295916686 4.08895748638324 -0.881530963450729 0.472118630976343 0.00265821832315681 -0.450806500830177 -0.843383593957251 0.292365486740125 0 0 0 0 0 0
8.70034366104093 9.60112954127733 2.45561729932985 0.798104508616576 -0.274968394838351 0.536117025442912 0.163929558147404 0.955323162587349 0.245936464510355 0 0 0 0 0 0
13.1522117555049 7.32082494792867 19.0531211032179 -0.826457812383064 0.374173806346421 -0.420667736433362 0.339628469664861 -0.264577173001241 -0.902580362768467 0 0 0 0 0 0
13.1601341763151 -2.40251755958215 15.5474970256805 0.242250522128212 0.588479393046191 -0.771366716006357 -0.0957618470243496 0.805668971391896 0.584574319792235 0 0 0 0 0 0
12.0982886034926 1.92068946150865 1.66704441929542 -0.277866878647703 -0.822282763108651 -0.496629657429892 -0.612692979559019 -0.246477174025429 0.750903591359326 0 0 0 0 0 0
22.295584218422 15.7792142031988 11.0369589328043 0.395586300413557 -0.688435090699369 -0.607921493375551 -0.35241027092572 0.497468621079768 -0.792673881415991 0 0 0 0 0 0
10.0406573136217 28.9004504547276 9.44220721089088 -0.563478424854912 -0.27338635241745 0.779584412835023 -0.0997778883801125 -0.914228371166636 -0.392722343102408 0 0 0 0 0 0
3.1924923988231 18.3078844824265 5.83420993311123 -0.138697741753588 -0.0844258102749396 0.986729497193773 0.936671920821494 0.31234506607591 0.158386125854863 0 0 0 0 0 0
5.03117350607313 12.9366266865602 15.1143207555932 0.725348566960441 -0.173885519416173 0.666057930619362 -0.427185201060377 -0.872427727342994 0.237450281285648 0 0 0 0 0 0
16.4236091782671 12.7990673710479 13.7980443775133 -0.124081598380078 -0.756371131984307 0.642266624256812 -0.867278548864924 0.397154498810552 0.300160161159152 0 0 0 0 0 0
4.97003712231549 7.10187281613893 11.9181269478291 -0.321413843964718 0.505821823145872 0.800523163580115 0.307750508521228 0.855287001578639 -0.416861772569462 0 0 0 0 0 0
13.8865322042977 19.2613422541598 18.0681917648437 -0.747300986361222 -0.308989162670578 -0.58827444726744 -0.640084993820834 0.572445757313147 0.512442167931617 0 0 0 0 0 0
24.562263502326 16.0479533844888 17.5548165122978 -0.0533103609232747 -0.827120122390044 -0.559491082056538 0.770009256567354 -0.390788816071398 0.504350815435028 0 0 0 0 0 0
0.466569534608049 1.00710259042369 6.98399089852483 -0.731615169914742 -0.331390222449529 -0.595751338645319 0.671974378258229 -0.497784229144015 -0.548325821487055 0 0 0 0 0 0
13.9318389153325 5.35436507042709 15.6625142023694 -0.0976056930757844 0.873152084356395 -0.477575688177803 0.226422701357824 0.486765352121143 0.843677759171373 0 0 0 0 0 0
16.1269158778205 13.2889774363275 8.56524956989054 -0.801222910275806 0.521953203439437 -0.292586080899261 -0.283295228658384 -0.761595220213362 -0.582852025734572 0 0 0 0 0 0
11.9926553675862 17.4442521125877 17.4884012881256 0.078963776038454 0.471738826635419 0.878195370539866 0.0249046300367623 -0.881604758953675 0.471330862384748 0 0 0 0 0 0
-4.22183706514115 16.9418265558183 17.5576298692016 0.0528728868518718 -0.963302907681258 0.263157666238403 0.107808408849938 0.267492414482669 0.957509814307859 0 0 0 0 0 0
-2.93626866102145 1.06061719496956 -4.98026464625969 0.463901318766076 0.485919297857962 -0.740727960424362 -0.663271149515237 0.744791326028449 0.073192962853622 0 0 0 0 0 0
11.1178385104028 10.9957824724332 12.226378688221 -0.710705603785908 0.69405845662677 -0.114805669494325 -0.703237633266983 -0.705293089597155 0.0895456811551378 0 0 0 0 0 0
6.09226713401348 6.86372208883196 4.43712534215116 0.965332450325181 -0.211769400358845 -0.152600352416483 -0.0465208763829228 0.435681562554119 -0.89889781818058 0 0 0 0 0 0
14.6529791007974 21.9713165913023 2.38665731347101 -0.41802817354245 0.817731244393964 -0.395686768253323 -0.771944268409072 -0.549378051242437 -0.31982138773611 0 0 0 0 0 0
1.1034281145775 5.97298743007146 23.3574784010305 -0.564293839914993 0.297028101807669 -0.770289984537357 -0.306921144069198 0.790683857295062 0.529734277212975 0 0 0 0 0 0
9.66197199760935 17.5352557384755 4.00077411362642 0.562989307963689 0.618540925108149 0.548133277118122 -0.0124053346960767 0.669476783880046 -0.742729343527592 0 0 0 0 0 0
5.50669972413711 -3.64229081429968 11.6889979589395 -0.436696118976236 0.499157673433391 0.748423694985908 0.841116509125037 0.521641299468804 0.142875071284325 0 0 0 0 0 0
4.73637089060085 12.078578263109 6.93562468150432 -0.769107825660621 -0.389255701630591 0.506905366028979 0.222465605749872 -0.90658271851786 -0.358631855125855 0 0 0 0 0 0
23.0292742274252 9.81704295732419 18.091456903571 0.368261921268842 0.290547170373915 -0.883156492352961 0.929552143861584 -0.133222562872301 0.343779643798945 0 0 0 0 0 0
20.0163601034993 -2.40753256987945 22.3574957182463 -0.41112427760009 -0.527329133854055 -0.743572946587276 0.731486312769997 0.295913844698782 -0.614298512105487 0 0 0 0 0 0
17.8256354702286 9.9776623390548 7.62674023059066 -0.852307334842952 0.10252106752071 0.512895232704481 0.433991900208759 0.685930637056428 0.584080583977363 0 0 0 0 0 0
22.6476358966921 5.9807224659904 9.96405834024602 -0.33201542433116 -0.685982720721467 0.647451466725558 0.703246034850459 -0.637465080364864 -0.314774864014465 0 0 0 0 0 0
14.2717513992268 2.51438937946611 -1.77245320436447 -0.552307914212406 0.820264508951884 0.148734879066831 -0.647678275889183 -0.534547504280044 0.542928845672142 0 0 0 0 0 0
-4.38990304211805 7.12076449243215 20.1046524867463 -0.568265009845864 0.475612460253545 0.67146673334809 -0.617060418442398 -0.786153547913021 0.0346264864224872 0 0 0 0 0 0
5.63915922731289 22.7158441841669 1.73928520931882 -0.469330237657546 -0.882072749560074 -0.040948333856462 0.857341297922948 -0.444087773975484 -0.260291859614823 0 0 0 0 0 0
19.2106260090768 0.0132279455959511 10.762960138704 -0.813131819886503 0.405387660325407 0.417704906274063 -0.490417632391015 -0.0905832752367055 -0.866767037822879 0 0 0 0 0 0
16.2428632169462 5.83982121589127 15.7891861186842 0.374001968339079 0.927244931200876 0.0184214148650102 -0.359860579013763 0.16339830146024 -0.918586546126869 0 0 0 0 0 0
20.7655726155631 10.0537943733956 12.9512606418089 -0.661893045497641 -0.749115508912359 0.0268979240220616 0.141187614903231 -0.159828852150113 -0.976995741676621 0 0 0 0 0 0
9.10595621263575 14.1683232639986 3.94656077343133 0.100122026871492 -0.988319852027239 -0.114888846523451 -0.751168391716025 0.000638256438713141 -0.660110233753602 0 0 0 0 0 0
3.04582094651568 16.082833784267 13.4318005754498 0.244610664052621 -0.684740246648264 -0.686510272564143 -0.0921531162537338 -0.721231549883896 0.686536814320393 0 0 0 0 0 0
14.1740306736274 20.0781432856185 14.4719266784284 0.611854656713798 -0.789877221970241 -0.0415669151646553 -0.768754966511929 -0.606215783627834 0.20376002979873 0 0 0 0 0 0
5.57194366369978 -1.81829748750296 8.95156537607563 0.469333672666499 0.805818090787376 0.361085954392537 0.824936940530162 -0.5459863757948 0.146211620339616 0 0 0 0 0 0
18.3617425174796 1.01272866117881 2.83756194945796 0.32363750732725 0.944361753181135 0.0586483595976545 -0.776655338744521 0.300544676932121 -0.553605702215888 0 0 0 0 0 0
14.8774085125876 4.33981576918222 1.64679671933893 -0.0667110994976544 0.922487342978221 -0.380219296570522 0.975766874065093 -0.0192727765776419 -0.217962034297804 0 0 0 0 0 0
13.7631889541736 -1.61115486162848 8.02998051256461 -0.853823251449329 -0.510366172020265 -0.102528715896916 0.338368866077085 -0.394445212715976 -0.854353196267972 0 0 0 0 0 0
8.49295828111119 17.6865323209745 14.0890295069664 0.390856689243168 0.387732473389372 -0.83480205813441 0.900638031389254 0.0260652041533204 0.433787531424579 0 0 0 0 0 0
5.14360294448111 13.8083258340912 8.78302764783761 -0.113069507025297 -0.085361226252047 0.989913445354251 0.69063493630903 -0.72301437266474 0.0165391891266025 0 0 0 0 0 0
7.339878480929 11.4025787944213 23.2835310022191 -0.536515862699939 0.605173218726241 0.588146264850113 0.796040624179784 0.59427999722739 0.114675770948231 0 0 0 0 0 0
0.00552017007544513 23.8029760365283 1.71436296253927 0.660991565973265 -0.126447011005664 -0.739662886602185 0.603283837571053 -0.496637287449967 0.624019171366873 0 0 0 0 0 0
13.1437756168386 3.2253403750758 15.6898162808101 0.00392714672568026 -0.860240877905634 -0.509872708140004 0.995653302397372 -0.0440825335195085 0.0820433585738326 0 0 0 0 0 0
14.5391027453477 14.2290362868505 19.4540446205919 0.751237825129733 -0.463394576039604 -0.470007556727005 -0.439036987210818 -0.882547426396326 0.168393995331502 0 0 0 0 0 0
14.7133709042335 -2.08111050666329 23.0927690102829 0.844604915798429 0.448204491257769 0.292839845246213 -0.412985163685368 0.893490846031432 -0.176401073104415 0 0 0 0 0 0
8.56357630520169 15.8412836610212 22.1922450783389 -0.96098517805509 0.0075338195752578 0.2764970341948 0.0173976036980584 -0.996003348597502 0.0876050912742028 0 0 0 0 0 0
8.13424704838366 8.41936064651535 16.836896400302 -0.538875450365017 0.806578110548625 -0.242991684882845 -0.059452165269289 0.251322334060568 0.966075780033568 0 0 0 0 0 0
21.756711854786 17.8982730220833 18.5784410747294 0.271906729903821 0.320283540129717 0.907460785474703 -0.348895130147748 0.911640636360229 -0.217217674603388 0 0 0 0 0 0
21.609936773412 -6.06373725725835 10.0803254725467 0.527423831883014 -0.228436183051808 0.818315891844935 0.50113595073984 -0.694131294136207 -0.51676343098636 0 0 0 0 0 0
13.8313030263144 14.377547735028 11.9803269814055 -0.725077421028651 0.179863432435395 -0.664764442366044 -0.580119714403122 0.36065557140804 0.730334561738481 0 0 0 0 0 0
3.64432206742527 4.13077405268207 19.4133089400709 0.970496689189187 0.168036725935261 0.172915352605089 0.178532373414918 -0.0187985184350956 -0.98375438407172 0 0 0 0 0 0
3.71390146437845 14.0195170916158 21.7759832875972 -0.302961163930715 0.869776632510391 -0.389490838996928 -0.623510165765465 -0.489991540305314 -0.609215292838437 0 0 0 0 0 0
10.5649159977803 21.0628106215763 10.096101187463 0.309151964071129 -0.432945358716982 0.84674865374082 0.068580865599749 -0.877897932518545 -0.473911233902645 0 0 0 0 0 0
21.9875350397225 16.7001506458101 0.78810421001637 0.239100472717783 -0.940755012981357 0.240439089563045 -0.932831977848384 -0.291288794197391 -0.212073643775049 0 0 0 0 0 0
2.89838528505787 -0.334062394552197 8.05258535364643 -0.692501872153694 -0.341396271380163 -0.635523121244284 0.719127568973092 -0.256561813234168 -0.645779733477578 0 0 0 0 0 0
15.5017700625077 12.1090885304163 -1.12622514681816 -0.0280418333733 -0.990950170535894 0.131268476596881 -0.878267551076451 -0.0382853018943445 -0.476634267914602 0 0 0 0 0 0
5.39709953692772 16.0224164189295 14.0993414075954 -0.250009478742107 -0.813010132030425 -0.525841939503962 0.966948204501558 -0.237726443920814 -0.0921802321523544 0 0 0 0 0 0
6.90140307067959 21.125908431631 11.6788027748471 -0.393564934551279 -0.785764564903341 -0.477158930784638 -0.541370039353435 -0.221395796002495 0.811111748550582 0 0 0 0 0 0
11.1318612500064 10.2249540289842 15.3546613588212 0.953984529576776 0.289466990677123 -0.0782449322058809 -0.15195645448487 0.691651056881972 0.706065145204477 0 0 0 0 0 0
-1.75980429112064 14.4328259632037 1.59002669124469 0.865630744208527 -0.497058118848241 0.0601377702563702 0.498944047216002 0.846378102209975 -0.186276439825734 0 0 0 0 0 0
13.9804115341156 4.37631002304911 10.7814677520946 -0.619323578937735 0.74941145076857 0.234138270621119 0.64944288722074 0.656558602710056 -0.383607442086279 0 0 0 0 0 0
4.34503936974323 12.8594358074475 24.5981167807228 0.310040797076768 0.91886540006871 -0.244051351451523 -0.854827737757784 0.157076042048071 -0.494567022259245 0 0 0 0 0 0
15.0388061561881 15.0017638091776 13.5533260864507 -0.955966998234048 -0.271144187163422 0.112284538605038 0.084574911099667 -0.620906442462721 -0.779308796864008 0 0 0 0 0 0
5.72120405389325 11.6393825210346 11.4508471340179 -0.533668998379148 -0.690743211616234 0.487925356426253 0.250312274027772 -0.680117711167744 -0.689045426919861 0 0 0 0 0 0
13.9955060653896 5.63147923768477 8.48418713410582 0.395572233456741 0.889998250372448 -0.226772347670605 0.911623412621309 -0.350466309077756 0.214746397396754 0 0 0 0 0 0
21.7493202282251 5.85747381621573 20.4081501097616 0.368822940448235 -0.763047226457242 0.530781046189759 0.918022321638082 0.209575963477741 -0.336619694214768 0 0 0 0 0 0
3.46711144084782 22.1654616174431 20.1520885825305 -0.884359335536409 -0.349629793433652 0.309301581884275 0.404788663085457 -0.904377544039097 0.135082842608244 0 0 0 0 0 0
12.5485417788612 9.05450974835012 21.6325655609541 -0.899455924608321 0.322587363152632 0.294815749269206 -0.376480647833701 -0.914539318497946 -0.147919360542366 0 0 0 0 0 0
9.45474385228883 5.43088443249306 24.8362509022785 -0.414050237339944 0.108473513119338 0.903767547604848 0.910095491200111 0.0678594043436979 0.408804573701187 0 0 0 0 0 0
3.62712169904591 19.3295361463452 3.69033489098625 0.920059432974311 0.0369548653972624 0.390031868790197 -0.376641796296432 0.357486245277804 0.854601917704971 0 0 0 0 0 0
13.2749437242069 18.7489753799544 12.7598116991838 -0.264223874234718 -0.396259032629303 0.879297687278427 -0.614347616248702 0.771956871856301 0.163277512943408 0 0 0 0 0 0
7.00328455736508 13.0436019457418 26.5199468175996 -0.356611229956662 0.897834070405355 0.258306774154661 0.0338241793526142 -0.263895964881556 0.963957848509433 0 0 0 0 0 0
6.14403117361939 9.95942577737494 22.3969168015158 -0.074134677715033 -0.924692741103488 0.373426521329189 0.3971927187309 0.316095675763948 0.861580733682089 0 0 0 0 0 0
12.901172679529 11.9711861285613 18.2702236980275 0.139685049529463 0.937141946392285 0.319770299956922 -0.92972948772579 0.0130072019332656 0.36801327851301 0 0 0 0 0 0
16.6900963051669 3.49141172180687 10.9945550576292 -0.218760330846803 0.939291824455058 0.264338366729221 -0.682126748655908 0.0465027315281663 -0.729753708984787 0 0 0 0 0 0
0.708241577641682 11.2413434945455 9.77848793587901 0.55226887953008 0.194695620992673 0.810612475340942 0.817929220589447 -0.314578006130434 -0.481697374658121 0 0 0 0 0 0
3.63064909543526 1.81453452457755 14.8714558115562 0.819825411260892 0.205112416516349 0.534616757544798 0.522227446375233 0.115132706120535 -0.844998719883449 0 0 0 0 0 0
7.59365522367596 13.5240434614374 10.8615130543794 0.453883824507173 -0.7529034256699 0.476577227562743 -0.868772073466733 -0.492793713648243 0.048880976803378 0 0 0 0 0 0
18.4046987517837 6.65313995514891 20.1011287643918 0.995582799140862 -0.0289214230644377 -0.0893214544954939 0.0687009806830038 0.872852079262604 0.483124616008057 0 0 0 0 0 0
4.90676166467437 18.2334700020219 17.0863071392786 0.0373294081674811 0.0744896668633799 0.996522797666274 0.195013147720044 -0.978587986065038 0.0658439116025855 0 0 0 0 0 0
23.9224645035371 17.673448274983 15.3066199619804 0.284001118468337 0.742393698275726 -0.606790662388557 -0.553336162546693 0.643732640747749 0.528608842760018 0 0 0 0 0 0
6.77957003440861 24.6628409689924 11.5537599368907 0.144044800819707 -0.651872644516211 -0.74452204946228 0.31345741377604 -0.683568580997111 0.659149741193602 0 0 0 0 0 0
19.0208176500913 18.3936889457196 14.9069902447225 0.993887742120667 0.0429459054352832 0.101698998417862 0.00745363106528373 0.893021530411746 -0.449952181307786 0 0 0 0 0 0
1.72116077413652 10.6786237613396 7.15233132495622 0.243752651358309 -0.951366541707573 0.188378175386623 0.470983606750209 -0.053675296381862 -0.880507402504397 0 0 0 0 0 0
12.9834488977373 19.0785842941299 10.7026185086059 0.985131191424836 0.12115591212552 0.121809946964422 -0.0654774717826779 0.920265048816658 -0.385778333195413 0 0 0 0 0 0
1.77605045119918 22.148591038005 18.5198236840895 0.930147433623414 0.136481153745128 -0.340879053928845 0.34859702953554 -0.619868274349546 0.703024437732587 0 0 0 0 0 0
1.45745831732593 19.5987088373866 22.5390807319982 -0.926610576286224 -0.244183150914847 -0.285949849838087 0.376022208270327 -0.602009930502541 -0.70440845143843 0 0 0 0 0 0
14.2570500158754 3.53021615957236 8.85858993373746 -0.435119990525405 -0.3899040637816 0.811569660476107 0.896963279441685 -0.109349975475523 0.42836822992944 0 0 0 0 0 0
7.93617550542416 21.9273281351243 13.4868817057053 -0.220335284353916 0.855133696589827 0.469253333912743 0.768172631607462 0.448599101988483 -0.456803632346468 0 0 0 0 0 0
18.5297884612254 6.92550251123075 4.75291617575246 -0.881574176250093 0.0704458508644916 0.46675929047771 -0.452407404847482 -0.408327317758746 -0.792840615935965 0 0 0 0 0 0
11.1244752650821 -5.02362510974176 13.2273093146058 0.734535054026526 -0.677782471668187 -0.0326972637964659 0.487034675201995 0.560142274168178 -0.67010281004809 0 0 0 0 0 0
18.2063509676826 13.5835340025652 7.38173504490978 0.0391764586109139 0.881057140395127 0.471384655857385 0.264059602301709 -0.46410509239087 0.845505113004505 0 0 0 0 0 0
7.94266822324451 4.05325463850157 0.617790473468024 0.156589364553712 -0.303905988979514 0.939745078503632 0.642920315878103 0.75365436786454 0.136596155622629 0 0 0 0 0 0
6.10401258656782 8.73673624047099 11.3034889797508 -0.126691364470612 0.773110603795314 0.621489536927155 0.584785974524203 0.564293082559109 -0.582750889939984 0 0 0 0 0 0
19.8986110782021 10.3207985217283 -3.69450346364915 -0.510360237695837 0.605407732580203 0.61074858132809 -0.706685428379004 0.109441333201361 -0.699012290394399 0 0 0 0 0 0
-0.562614862800975 9.69284423002558 3.94122571639328 -0.0227604381366537 0.915526851098138 -0.401612410272443 0.360787527161258 0.382167484429465 0.850752768018531 0 0 0 0 0 0
-2.97597993847499 8.93802846127178 4.90388494405334 0.918635773157955 -0.371134058443426 -0.135527577077322 0.377152298081023 0.925916392517379 0.0208557213049325 0 0 0 0 0 0
5.61859639151808 3.35294852010562 9.72411558436946 -0.752552932881642 0.573105013181749 0.324368073370535 -0.362618602649261 -0.771795878007734 0.522339758684849 0 0 0 0 0 0
19.061178983081 8.41461343694417 1.05080726367255 -0.396187828114577 -0.459629649837247 0.794843189452577 0.884087745966132 -0.424638158903685 0.195118409489346 0 0 0 0 0 0
-11.9711409563463 6.2251484654228 1.84544328778479 -0.808105603927154 -0.587980207971673 -0.0352778958974158 -0.19049835344936 0.204204965040966 0.960213827929696 0 0 0 0 0 0
8.0645515191124 8.68541791654086 12.6398181488453 -0.319395407458936 -0.938990462142966 0.127606706706941 0.396429253207659 -0.0100890059531129 0.91800977116964 0 0 0 0 0 0
11.6272872078523 12.7640628123434 13.3268175707136 -0.118877949459652 0.777683916084784 -0.617313301883956 -0.992908675530606 -0.0927807683350733 0.0743234343938908 0 0 0 0 0 0
18.8819838329048 4.16542746219343 -1.8572154927005 0.494857689887383 0.287804886850047 0.819929328984863 -0.741829528340938 -0.3514808510811 0.571095489145601 0 0 0 0 0 0
11.629027995933 5.62547465630325 5.89714777358341 0.189150939580295 -0.208880601393116 -0.959474180168225 -0.980014397582476 0.0211317265918246 -0.19780068631388 0 0 0 0 0 0
22.2854387993671 2.79629555225021 16.5520085305086 -0.950544067995546 -0.309039376024844 -0.030992435213742 0.302232825677118 -0.897360787112246 -0.321557014573252 0 0 0 0 0 0
9.59668923682682 13.57141793458 18.1885902762024 -0.16124451322881 -0.338832785680293 -0.926926342693198 -0.8385492514814 -0.448229306420283 0.309718495487375 0 0 0 0 0 0
6.9625362864221 9.42797942465564 14.2929612939508 -0.0364203537383393 0.848801704877343 0.527455391770371 -0.169466489091271 -0.525406957626923 0.833803664930197 0 0 0 0 0 0
-2.77802659836793 16.1743261392747 5.17237298250691 -0.272935679017833 -0.929185364542662 -0.249240159591226 0.0561528957480062 0.243247962640953 -0.968337321812192 0 0 0 0 0 0
4.24036735825064 16.4827820111696 2.67636075471274 0.129168681650659 0.816848679112877 0.562204275547861 -0.71442606778461 0.46983857457407 -0.518504594596796 0 0 0 0 0 0
17.9645494399388 0.106161518490807 5.58452078013319 -0.277565575908402 0.675030883589013 -0.683586565390292 0.845261214466523 -0.166593122715844 -0.50772048893218 0 0 0 0 0 0
11.9919935858814 -0.574320186295947 21.0149186650252 -0.0498844301866864 0.83595296452571 0.546529183870235 -0.405002071123988 0.483269573300068 -0.776159616663759 0 0 0 0 0 0
16.4492312400647 1.808039350526 4.74608133026789 0.313091167583446 -0.544807106421072 -0.777919696207859 0.908956715332473 0.409301979520263 0.0791800478304076 0 0 0 0 0 0
11.6222126968685 10.2284371699408 6.91255291652283 -0.500835072805557 -0.320907541508766 0.803854758471786 0.837895652027347 -0.412614037424905 0.357323989566507 0 0 0 0 0 0
20.416967670192 14.6560843204082 1.50653470095856 -0.52899174243576 0.773172297923871 0.349817504152344 0.207662344646297 -0.281746850768039 0.936747005840959 0 0 0 0 0 0
-3.98528621226788 18.7088174805318 16.4940272348408 0.332998760039131 0.646025989862533 0.686849457142685 -0.816797682258187 0.56157423960458 -0.132196210442746 0 0 0 0 0 0
-6.13496870927373 20.4276043068899 4.60997148880508 0.963391585900754 -0.192235574695405 -0.186874346107725 0.210942338334437 0.113309419893129 0.970908949172234 0 0 0 0 0 0
22.2111354797091 22.6287106623581 3.2305089057441 0.692456834783258 0.477529406531865 0.540804128898623 0.143036574580571 -0.825586831646244 0.545845109703825 0 0 0 0 0 0
16.3939035934735 7.95719570399449 8.80484700583107 0.513946886237194 0.0239593147350792 -0.85748727700396 0.798386247152806 -0.378967158714446 0.467935028486057 0 0 0 0 0 0
13.0065472988517 5.45293552023167 22.7362164990059 -0.553998736720098 -0.684783220603162 0.473452507844429 -0.770226555061613 0.63743435348875 0.0206985047390492 0 0 0 0 0 0
14.3961224756339 10.8604788136151 7.68548891879843 -0.438932591043647 0.0512162498083146 -0.897059060139679 0.291929115521796 -0.936081902708954 -0.19628562906953 0 0 0 0 0 0
-1.29702345487685 13.165875285211 -6.57617561496587 -0.752537877751091 0.51417535401448 0.41147340154715 -0.148717105853929 0.475992050703479 -0.866784112621646 0 0 0 0 0 0
5.91672117187392 18.4426680919227 3.79633204914282 0.0128866428705424 -0.418319969427789 -0.908208257650623 0.967190639649446 0.235687655318436 -0.0948339765991995 0 0 0 0 0 0
11.1283866428503 0.0169527660366647 8.06556372601679 0.790074784360557 0.101253825327178 0.604590257932703 -0.588895110599859 -0.148542586799141 0.794441647976523 0 0 0 0 0 0
15.3437066509556 13.3829424744771 2.61723018608018 0.975026178538711 -0.175582595690183 0.135994807697785 0.1735587767289 0.220345348486588 -0.959856846096992 0 0 0 0 0 0
10.7319515124014 5.23855023284536 8.17188607651934 0.105983844973217 0.220078626395077 -0.969707538061507 -0.989219234691729 0.122444891128961 -0.0803270622536763 0 0 0 0 0 0
-2.15896876684119 8.87091673813915 12.8784675851144 0.297971637378129 -0.202818219904571 -0.932779480202777 -0.0396136955784071 0.973698588004751 -0.224369803342388 0 0 0 0 0 0
9.92362382908135 13.1326851323997 7.15989238894501 0.37511971944355 -0.9161057517308 -0.141546559715938 -0.114254289733592 0.105839642990085 -0.987797453618555 0 0 0 0 0 0
9.28459774677181 11.854161028998 9.68861738608132 0.321229750817591 -0.718051164172115 0.617425230352201 0.943268380557383 0.184776506876498 -0.275866434362656 0 0 0 0 0 0
23.2861608976011 7.76774192052446 13.7724327790446 0.562201491120335 0.524903294461179 0.639066450755742 -0.398814133148213 -0.504880531037378 0.765534354394599 0 0 0 0 0 0
12.9308381244715 7.1163351173808 10.2030529999861 -0.916004549491878 -0.226386789956651 -0.331186614378666 0.152937773075938 -0.960276031055152 0.233409452389377 0 0 0 0 0 0
11.1328672540308 6.35037998967712 12.9746440835041 0.995169107018141 0.0249112818439472 0.0949618730770288 -0.0243556820272692 -0.874387342931615 0.484616907677125 0 0 0 0 0 0
20.8603568166526 13.4780761075004 6.42888219788912 0.600438351625107 -0.796771976406929 -0.0680305812154705 -0.374752594633896 -0.355518484631711 0.85625171284985 0 0 0 0 0 0
7.68553326580795 1.71986994876862 -2.23990474051657 -0.29210332797837 0.56827057472199 0.769249061732437 0.749511940671769 -0.36358891092401 0.553204167729544 0 0 0 0 0 0
13.5210164524446 15.0132242389668 1.44509307603181 -0.886161296441408 0.455784148217403 0.0835396461458454 -0.444733744704244 -0.785948982961421 -0.429530030302211 0 0 0 0 0 0
0.198144578967032 7.75581651604692 10.7971300175914 0.639505327499866 -0.737136983355755 -0.218316168512657 -0.764441660255566 -0.639861254238652 -0.0787810445952355 0 0 0 0 0 0
6.87723894272929 21.8404005280004 8.54078318050539 -0.0432888443114776 -0.524414573834327 -0.85036189018728 -0.768398523934179 0.561456845133664 -0.307131629497569 0 0 0 0 0 0
15.8007500416261 15.0172371559643 11.0537918842561 0.26745769437855 0.963555155603954 -0.00527591659926059 0.746703050508585 -0.203798362085137 0.633167172012669 0 0 0 0 0 0
24.5440644261106 19.9759668995574 5.91086301680957 -0.730836506899621 0.650779995693518 -0.205823537685807 0.105954965614709 -0.189725114035746 -0.97610338153673 0 0 0 0 0 0
-2.15203464395932 18.0857733407163 11.9213904650112 0.213146335885647 -0.448302190427753 -0.868097742368326 0.0600108626931233 -0.880830803170176 0.469612356977738 0 0 0 0 0 0
13.2300914587945 9.95229656421619 10.6973299957417 0.448349442989143 -0.583846850216733 0.676834953212195 0.786904738906191 0.616977258909241 0.0109508011053857 0 0 0 0 0 0
10.9145074234452 8.80487469415452 -2.73191026875028 -0.0914590376092929 -0.651348340006505 0.753246650026508 -0.396350951895621 -0.670109138098256 -0.62758234542556 0 0 0 0 0 0
0.884722714945212 8.20492977596939 7.14359950125496 0.116671152472977 -0.808834850397402 0.5763453701925 -0.609478978958664 0.399881102190501 0.684565831875416 0 0 0 0 0 0
11.0401984749009 1.5700277972971 15.4485190331075 0.21179074017291 -0.284884450921127 -0.934871874893026 0.718796854032263 -0.602714499017494 0.346505756665973 0 0 0 0 0 0
-0.939749608270978 11.5111886311111 -0.921200637989427 -0.843772075233162 -0.460695346591261 -0.27533323224342 0.133381898669219 0.316915924872535 -0.939027932722536 0 0 0 0 0 0
14.2052241878069 12.5910013205998 0.689030394476316 0.936029037212573 -0.00551239011815277 -0.351879433676409 -0.0952377879872035 -0.966535501842281 -0.238199243434435 0 0 0 0 0 0
10.8602956445846 3.60446565581101 -3.88175244375783 0.418803353060332 0.166247515961745 -0.892729185692627 0.907785284140481 -0.0517362460672231 0.416232050484639 0 0 0 0 0 0
6.62492473279034 4.54017046482266 7.50685604974431 0.962930077786693 -0.222104288713206 0.153085717492714 0.267502305814686 0.713113992209395 -0.648005317811054 0 0 0 0 0 0
5.12399016710866 5.42714085042457 10.5682608570704 -0.204932878613106 -0.803771555768087 -0.558528208067606 -0.941523836745085 0.00595268747161084 0.336893619927184 0 0 0 0 0 0
20.1017168174571 15.9950922331188 19.040119370079 -0.589593007223012 -0.0952013285365525 0.802070243027221 -0.776702533993619 0.33929155976852 -0.530673445417874 0 0 0 0 0 0
25.7124017486607 22.2646002886117 16.3789139540895 0.944621362338589 0.197486025896148 0.262087078714891 -0.319587288855466 0.734991610598476 0.598039498980583 0 0 0 0 0 0
7.94137561687526 13.8824378632006 21.8724058849275 0.354649313026235 0.293830891790628 0.887630082231546 -0.362500309182223 0.91829515407646 -0.159146213144803 0 0 0 0 0 0
10.761427473218 2.94460408470014 4.33682123406779 -0.148757137926808 0.930902110135687 0.333605394674142 -0.704140453858281 0.137150181963891 -0.696689264924173 0 0 0 0 0 0
15.5389130680562 22.7930428506262 0.264200634344174 0.197646911326807 0.965249379382126 0.17096586180914 -0.0820409223893615 -0.157506537124131 0.984104090818024 0 0 0 0 0 0
14.1690056927215 11.9135645229279 4.89958934057298 -0.408897271718651 0.72190502204783 -0.558261679895205 0.873609545859518 0.486508602030328 -0.0107540941071596 0 0 0 0 0 0
6.43779083517578 19.2286818714348 13.7502228801518 0.932449793267291 -0.296091929407514 -0.207043096038879 -0.201795974512435 0.048532179156437 -0.978224357357967 0 0 0 0 0 0
17.9385939172114 1.70890945310218 8.05864870107645 0.975136104600473 0.193849354001144 0.107386641293297 -0.188960152592285 0.474175649832034 0.859913612773231 0 0 0 0 0 0
13.0291034944338 4.45909476434895 18.7314081641695 0.356912731638843 0.619446728454383 -0.699213114246487 -0.879951906257145 0.474170993776584 -0.0290932797887846 0 0 0 0 0 0
-0.750209449991135 24.7598358540787 10.9421893509132 -0.938939541316887 0.156786576215409 -0.306284820047275 -0.344037460088402 -0.413466579816209 0.843020471045097 0 0 0 0 0 0
