#t = 473000000; extr. Ts: 0.0993833 0.103383 0.108383 0.10905 0.109717 0.110383 0.11105 0.111717 0.112383 0.11305 0.113717 0.114383 
0 6.39011e+09 7.98764e+08 4.29074e+13 5.82375e+11 7.84273e+09 4.79438e+09 2.98433e+09 1.89071e+09 1.21865e+09 7.98764e+08 5.3217e+08 3.6023e+08 2.47634e+08 1.728e+08 
1 8.06546e+09 761359 2.16005e+11 1.68363e+09 1.14897e+07 6.43212e+06 3.66985e+06 2.13329e+06 1.26303e+06 761359 467119 291588 185121 119487 
2 7.23627e+09 3.84111e+06 7.24538e+12 3.08494e+10 9.77041e+07 4.93071e+07 2.53515e+07 1.32756e+07 7.07818e+06 3.84111e+06 2.12087e+06 1.19109e+06 680131 394736 
3 5.5832e+09 1.67663e+07 1.71688e+14 4.18306e+11 6.69221e+08 3.08564e+08 1.44966e+08 6.93727e+07 3.38035e+07 1.67663e+07 8.46176e+06 4.34392e+06 2.26748e+06 1.20308e+06 
4 3.87816e+09 6.79279e+07 3.62317e+15 5.17227e+12 4.24127e+09 1.78843e+09 7.68357e+08 3.36219e+08 1.49796e+08 6.79279e+07 3.13413e+07 1.47081e+07 7.01809e+06 3.40369e+06 
5 2.67818e+09 2.49253e+08 6.40546e+16 5.5341e+13 2.39711e+10 9.27495e+09 3.65564e+09 1.46723e+09 5.99476e+08 2.49253e+08 1.0543e+08 4.53516e+07 1.9833e+07 8.81469e+06 
6 1.98533e+09 7.18997e+08 7.30599e+17 4.12952e+14 1.02241e+11 3.66243e+10 1.33564e+10 4.95733e+09 1.872e+09 7.18997e+08 2.80786e+08 1.11459e+08 4.49588e+07 1.84221e+07 
7 1.45721e+09 1.29857e+09 4.38147e+18 1.7177e+15 2.61077e+11 8.73817e+10 2.97545e+10 1.03045e+10 3.62835e+09 1.29857e+09 4.72238e+08 1.7445e+08 6.54434e+07 2.49243e+07 
8 1.03899e+09 1.03899e+09 1.01172e+19 2.87655e+15 2.84055e+11 8.95174e+10 2.86824e+10 9.34092e+09 3.091e+09 1.03899e+09 3.54653e+08 1.22899e+08 4.32246e+07 1.54251e+07 
