#t = 483000000; extr. Ts: 0.0993833 0.103383 0.108383 0.10905 0.109717 0.110383 0.11105 0.111717 0.112383 0.11305 0.113717 0.114383 
0 6.3492e+09 7.9365e+08 4.30652e+13 5.83826e+11 7.83043e+09 4.78284e+09 2.97444e+09 1.88261e+09 1.21217e+09 7.9365e+08 5.28154e+08 3.5708e+08 2.45159e+08 1.70848e+08 
1 8.20529e+09 774559 2.14842e+11 1.67831e+09 1.15497e+07 6.47843e+06 3.70435e+06 2.15852e+06 1.28131e+06 774559 476655 298498 190154 123176 
2 7.31612e+09 3.88349e+06 7.46986e+12 3.15115e+10 9.90102e+07 4.99347e+07 2.56603e+07 1.34313e+07 7.15847e+06 3.88349e+06 2.14374e+06 1.20369e+06 687221 398800 
3 5.63387e+09 1.69184e+07 1.76421e+14 4.2793e+11 6.79335e+08 3.12863e+08 1.46813e+08 7.01723e+07 3.41518e+07 1.69184e+07 8.5281e+06 4.3726e+06 2.27965e+06 1.20805e+06 
4 4.00047e+09 7.00702e+07 3.81014e+15 5.41178e+12 4.4041e+09 1.85484e+09 7.95881e+08 3.47801e+08 1.54742e+08 7.00702e+07 3.22816e+07 1.5126e+07 7.20604e+06 3.48915e+06 
5 2.79967e+09 2.60561e+08 6.70346e+16 5.7928e+13 2.50888e+10 9.7061e+09 3.82488e+09 1.53479e+09 6.26897e+08 2.60561e+08 1.10164e+08 4.7364e+07 2.07006e+07 9.19398e+06 
6 2.10318e+09 7.61676e+08 7.84368e+17 4.40984e+14 1.08609e+11 3.88824e+10 1.41718e+10 5.25709e+09 1.98414e+09 7.61676e+08 2.97304e+08 1.17958e+08 4.75575e+07 1.94777e+07 
7 1.56639e+09 1.39585e+09 4.75011e+18 1.85846e+15 2.81392e+11 9.41295e+10 3.20347e+10 1.10882e+10 3.90222e+09 1.39585e+09 5.0736e+08 1.87332e+08 7.02429e+07 2.67401e+07 
8 1.14875e+09 1.14875e+09 1.12096e+19 3.18362e+15 3.14124e+11 9.89876e+10 3.17152e+10 1.03282e+10 3.4176e+09 1.14875e+09 3.92115e+08 1.35882e+08 4.7791e+07 1.70551e+07 
