#t = 487000000; extr. Ts: 0.0993833 0.103383 0.108383 0.10905 0.109717 0.110383 0.11105 0.111717 0.112383 0.11305 0.113717 0.114383 
0 7.11147e+09 8.88934e+08 4.80125e+13 6.5309e+11 8.76928e+09 5.35662e+09 3.33142e+09 2.10861e+09 1.35771e+09 8.88934e+08 5.91554e+08 3.99933e+08 2.74571e+08 1.91338e+08 
1 8.21965e+09 775914 2.15268e+11 1.6873e+09 1.16045e+07 6.50642e+06 3.71847e+06 2.16546e+06 1.28455e+06 775914 477067 298460 189917 122869 
2 7.19193e+09 3.81758e+06 7.26587e+12 3.08968e+10 9.73958e+07 4.91191e+07 2.52388e+07 1.32086e+07 7.03846e+06 3.81758e+06 2.1069e+06 1.18277e+06 675159 391752 
3 5.52756e+09 1.65992e+07 1.73366e+14 4.20981e+11 6.67987e+08 3.07541e+08 1.4426e+08 6.89219e+07 3.35263e+07 1.65992e+07 8.36203e+06 4.28461e+06 2.23222e+06 1.18205e+06 
4 3.96769e+09 6.94961e+07 3.78979e+15 5.36938e+12 4.36657e+09 1.83911e+09 7.89174e+08 3.44895e+08 1.53462e+08 6.94961e+07 3.20198e+07 1.50045e+07 7.14861e+06 3.4615e+06 
5 2.76802e+09 2.57615e+08 6.56171e+16 5.69272e+13 2.47479e+10 9.57857e+09 3.77633e+09 1.51601e+09 6.19513e+08 2.57615e+08 1.08973e+08 4.68757e+07 2.04982e+07 9.1091e+06 
6 2.05302e+09 7.43509e+08 7.57417e+17 4.273e+14 1.05706e+11 3.78653e+10 1.38093e+10 5.12563e+09 1.93567e+09 7.43509e+08 2.90385e+08 1.15282e+08 4.65062e+07 1.90586e+07 
7 1.51956e+09 1.35413e+09 4.58212e+18 1.79329e+15 2.72238e+11 9.11123e+10 3.10241e+10 1.07443e+10 3.78333e+09 1.35413e+09 4.92495e+08 1.81958e+08 6.82721e+07 2.60071e+07 
8 1.08801e+09 1.08801e+09 1.06392e+19 3.02017e+15 2.97738e+11 9.38107e+10 3.00522e+10 9.78517e+09 3.23741e+09 1.08801e+09 3.71323e+08 1.28655e+08 4.52416e+07 1.61424e+07 
