#t = 487000000; extr. Ts: 0.0993833 0.103383 0.108383 0.10905 0.109717 0.110383 0.11105 0.111717 0.112383 0.11305 0.113717 0.114383 
0 6.86715e+09 8.58393e+08 4.59961e+13 6.25302e+11 8.43939e+09 5.15904e+09 3.21087e+09 2.0337e+09 1.3103e+09 8.58393e+08 5.71535e+08 3.86589e+08 2.65531e+08 1.85117e+08 
1 8.09952e+09 764574 2.16639e+11 1.68429e+09 1.1497e+07 6.4395e+06 3.67633e+06 2.1386e+06 1.26721e+06 764574 469557 293423 186497 120519 
2 7.31619e+09 3.88353e+06 7.40638e+12 3.13818e+10 9.89039e+07 4.98941e+07 2.56456e+07 1.34264e+07 7.15729e+06 3.88353e+06 2.14409e+06 1.20405e+06 687494 398987 
3 5.67618e+09 1.70455e+07 1.76545e+14 4.30201e+11 6.84283e+08 3.15164e+08 1.47899e+08 7.06942e+07 3.4407e+07 1.70455e+07 8.59262e+06 4.40603e+06 2.29734e+06 1.21761e+06 
4 4.01472e+09 7.03198e+07 3.75888e+15 5.3719e+12 4.40208e+09 1.85553e+09 7.96826e+08 3.48493e+08 1.55172e+08 7.03198e+07 3.24217e+07 1.52035e+07 7.24853e+06 3.51244e+06 
5 2.77367e+09 2.58141e+08 6.52044e+16 5.67712e+13 2.47637e+10 9.58801e+09 3.78124e+09 1.51841e+09 6.20647e+08 2.58141e+08 1.09214e+08 4.69858e+07 2.05482e+07 9.13186e+06 
6 2.08066e+09 7.53522e+08 7.61566e+17 4.30847e+14 1.06938e+11 3.83217e+10 1.3981e+10 5.19124e+09 1.96111e+09 7.53522e+08 2.94383e+08 1.16901e+08 4.71712e+07 1.93355e+07 
7 1.52857e+09 1.36216e+09 4.58174e+18 1.79734e+15 2.73501e+11 9.15604e+10 3.1185e+10 1.08028e+10 3.80487e+09 1.36216e+09 4.95528e+08 1.83118e+08 6.87215e+07 2.61834e+07 
8 1.09026e+09 1.09026e+09 1.06127e+19 3.01811e+15 2.98051e+11 9.39289e+10 3.00962e+10 9.8015e+09 3.24346e+09 1.09026e+09 3.72164e+08 1.28971e+08 4.53618e+07 1.61885e+07 
