#t = 486000000; extr. Ts: 0.0993833 0.103383 0.108383 0.10905 0.109717 0.110383 0.11105 0.111717 0.112383 0.11305 0.113717 0.114383 
0 6.25536e+09 7.8192e+08 4.00399e+13 5.59589e+11 7.66361e+09 4.68882e+09 2.92031e+09 1.85077e+09 1.19305e+09 7.8192e+08 5.20815e+08 3.52399e+08 2.42118e+08 1.68838e+08 
1 8.36546e+09 789679 2.21756e+11 1.72828e+09 1.18093e+07 6.61856e+06 3.78172e+06 2.20228e+06 1.30669e+06 789679 485907 304317 193915 125672 
2 7.41346e+09 3.93517e+06 7.52484e+12 3.18527e+10 1.00227e+08 5.05545e+07 2.59826e+07 1.36024e+07 7.25145e+06 3.93517e+06 2.17314e+06 1.22081e+06 697422 405019 
3 5.69734e+09 1.7109e+07 1.79048e+14 4.33927e+11 6.87696e+08 3.16634e+08 1.48547e+08 7.09858e+07 3.45414e+07 1.7109e+07 8.62346e+06 4.42142e+06 2.30524e+06 1.22179e+06 
4 4.02839e+09 7.05593e+07 3.83872e+15 5.45011e+12 4.43528e+09 1.86796e+09 8.015e+08 3.5025e+08 1.55828e+08 7.05593e+07 3.25055e+07 1.52302e+07 7.25522e+06 3.51273e+06 
5 2.81906e+09 2.62365e+08 6.73483e+16 5.83154e+13 2.52715e+10 9.77644e+09 3.85238e+09 1.54572e+09 6.31303e+08 2.62365e+08 1.10915e+08 4.76813e+07 2.08368e+07 9.25333e+06 
6 2.10519e+09 7.62405e+08 7.82115e+17 4.40474e+14 1.08639e+11 3.88989e+10 1.41799e+10 5.26079e+09 1.9858e+09 7.62405e+08 2.97624e+08 1.18099e+08 4.76194e+07 1.95052e+07 
7 1.56101e+09 1.39107e+09 4.70839e+18 1.84306e+15 2.79741e+11 9.36192e+10 3.18761e+10 1.10387e+10 3.88679e+09 1.39107e+09 5.05894e+08 1.86894e+08 7.0118e+07 2.67077e+07 
8 1.12063e+09 1.12063e+09 1.09082e+19 3.10127e+15 3.06294e+11 9.65299e+10 3.09307e+10 1.00737e+10 3.33366e+09 1.12063e+09 3.82545e+08 1.32575e+08 4.66313e+07 1.66423e+07 
