t = 4072
b = 20 20 20
E = -0.743878679074467 -0.743878679074467 0
4.41351054120215 -9.68561083730421 -3.25748287896019 0.867684496785367 0.42740869710399 -0.25386083701988 -0.383472128921692 0.250505930361732 -0.888929582644658 0 0 0 0 0 0
4.2450872403629 -9.37426465112572 -3.61470195682883 0.92573399290456 -0.3319201784211 -0.18123271695435 -0.167362599968518 0.0701678830307206 -0.983395201384223 0 0 0 0 0 0
2.67014677141281 -9.91319724765913 -3.62315243439187 -0.374232514396294 -0.864525795118092 0.335477313107545 -0.395988708403374 0.476103929566657 0.785186562420948 0 0 0 0 0 0
2.24855145705796 -9.77525174953811 -3.44805008583482 0.442708562040939 -0.50285982327619 0.742388740933958 -0.386623714163061 0.639974369111307 0.664044320069388 0 0 0 0 0 0
1.86905334503237 -9.56890323779576 -3.13557099906175 0.844310870473141 -0.369792130731182 0.387805196466046 -0.181804026314685 0.483104274955497 0.856479691198492 0 0 0 0 0 0
1.74139080122527 -9.65028938242421 -2.63397587602139 0.940933382344136 0.331690100741777 -0.0680147796686929 -0.153180732536589 0.596149865450389 0.788124940107819 0 0 0 0 0 0
1.86899685136029 -9.26089105307234 -2.23300887151626 0.718582504483848 0.247490001406624 -0.649913726822892 0.272664494975156 0.759445917680777 0.590674101922386 0 0 0 0 0 0
0.516383394730593 -8.73755014559877 -1.91523058852445 -0.442968371752937 -0.721697990539594 0.531912562804013 0.56980934422209 0.23142026159937 0.788518798982791 0 0 0 0 0 0
0.542686033469281 -8.47480914772281 -1.53571180771772 0.314973446060651 -0.94892104536637 0.0184508059251246 0.696078825447064 0.244176001143814 0.675168332939353 0 0 0 0 0 0
0.649375980191928 -8.41243952065637 -1.03384027596988 0.665106152352534 -0.612973645180256 -0.426493894807246 0.661344209037906 0.218288113062953 0.71761693570886 0 0 0 0 0 0
0.817773756210078 -7.13907690470247 -0.453792447431557 0.478381596492961 0.309490528133534 0.82180689401758 0.575891381831786 -0.817062578735096 -0.0275280115085922 0 0 0 0 0 0
0.70673252313903 -7.79531514659378 -0.739133227022513 -0.691295628908002 -0.339194299750451 0.638010608838335 -0.0850414734717062 0.915027770067916 0.394324798597932 0 0 0 0 0 0
1.76597513401153 -8.23904868540394 -1.1140548302462 0.605878973430349 0.626666734218408 0.490101351299571 -0.00819808631334436 -0.61109748254125 0.791512838649011 0 0 0 0 0 0
2.05018287031148 -8.56538939178714 -0.943172297261558 -0.141908547257045 0.681644111458321 0.717790497310937 -0.105867403320339 -0.73142107070698 0.673658091390728 0 0 0 0 0 0
2.43496715213124 -9.75180894429819 -1.46328976376908 0.176870129388187 -0.908129819627547 -0.379495780794524 -0.709793500623283 0.149423238654583 -0.688379107969929 0 0 0 0 0 0
2.47141474434035 -9.68704205193235 -1.89817888601444 -0.529084114428676 -0.845515157189449 -0.0719311117417939 -0.389464046798846 0.317269374279065 -0.864672087730988 0 0 0 0 0 0
2.57095355874935 -9.44179295075253 -2.20638877952923 -0.744397694081281 -0.605274559141054 -0.281983484204048 0.630409488523832 -0.497829653034687 -0.59560844951703 0 0 0 0 0 0
2.78505860230823 -9.91906731649031 -2.37257804738984 -0.885871127112241 -0.00351488266118372 -0.463918025527336 0.307854082504372 -0.75254033260293 -0.582158780703452 0 0 0 0 0 0
2.74013558928323 -10.4114910659739 -2.60697506715616 -0.416189675791613 0.587748572453527 -0.693785018530209 0.41297389898373 -0.557587584623259 -0.720103153952458 0 0 0 0 0 0
2.65533907275216 -10.8335637133396 -2.96326373206573 -0.0254953256816241 0.801549563790516 -0.597384490287669 0.434195464036311 -0.529390513886943 -0.728848333568793 0 0 0 0 0 0
2.54269679578192 -11.0236285073002 -3.39904258358214 0.744754106417767 0.624844327731883 -0.234330570915935 0.385565295219023 -0.689495949710228 -0.613135092456804 0 0 0 0 0 0
2.76788267577172 -11.0914919906752 -3.92715267963319 0.865790454546235 0.24832590063629 0.434443323415985 0.48311916120784 -0.641031465822747 -0.596384449088214 0 0 0 0 0 0
