t = 10000
b = 20 20 20
E = -0.304545152410999 -0.304545152410999 0
-1.11451578995654 1.26581372432278 -0.65877512304619 0.927609382450959 0.273666554215876 0.254258429260015 0.0865276905837605 0.504726553196493 -0.85893186854679 0 0 0 0 0 0
-1.08565457463766 1.79125604704729 -0.852384087293327 0.96105452771089 -0.26643655623633 0.0733857324245898 0.233425601184534 0.640457553398161 -0.731660101083536 0 0 0 0 0 0
-0.766333974815604 2.2428178741062 -1.00710382298979 0.63015623762566 -0.714865095707804 -0.303102069393845 0.0576405083380773 0.43235059173252 -0.899861357192938 0 0 0 0 0 0
-0.436442605461576 2.47322807649423 -1.36488579800834 0.0312373847140899 -0.958394658322234 -0.283731945142408 0.306497789983854 0.279379314486831 -0.909948485387718 0 0 0 0 0 0
-0.0564145154852549 2.54052192560616 -1.8028331961892 -0.636579444293585 -0.744107229416367 -0.20265973327712 0.124099758015771 0.160521212708627 -0.979199720887192 0 0 0 0 0 0
0.166341355339383 2.2341848610597 -2.18878016253122 -0.978954229581951 -0.0141649094321775 -0.203587630004528 0.202953729288127 0.0370791605174565 -0.978485992440797 0 0 0 0 0 0
0.127985509012314 2.07254776466304 -2.74794776464191 -0.831012855031367 0.544889427837968 0.111862030638089 -0.000607784178681146 0.200209565211645 -0.979752867115069 0 0 0 0 0 0
-0.140007076470831 2.76355855830173 -2.91374392316708 -0.649312339163256 0.025577820274175 -0.760091568821726 0.342754145394121 -0.882337214622516 -0.322491111861435 0 0 0 0 0 0
0.210149999209297 2.75099292267948 -4.04179380495467 0.730885794168748 -0.262727248978876 -0.629904906184209 0.314089840105564 -0.689915729199451 0.652199192214303 0 0 0 0 0 0
0.368904909289918 2.32103003762022 -4.01084604673688 0.827201778887145 0.556368839385952 0.0786815616813982 0.296923146204495 -0.551685376815259 0.779409917032115 0 0 0 0 0 0
0.66898094669482 2.06735540987302 -3.63806477527745 0.0274091439245497 0.932537450265602 0.360031327478386 -0.135547895284698 -0.353372869526054 0.92561022739344 0 0 0 0 0 0
-0.692506464480551 1.27928332822146 -4.1937587289401 -0.467188072953204 -0.692912625740164 0.549187853411854 -0.352366408684467 0.715599714745934 0.60312095258232 0 0 0 0 0 0
-1.08705997652457 1.52157198208558 -4.0869274339758 0.201906050046915 -0.579668989035878 0.789441320269931 -0.554133331437816 0.597012389599299 0.580096829172108 0 0 0 0 0 0
-1.58811532293258 1.34530566206197 -3.69492404648197 0.65575215878277 -0.625377025738513 0.422956958673422 0.263920253769605 0.714763952211862 0.647656164733825 0 0 0 0 0 0
-1.59608421030285 1.52313364803422 -3.17311625483102 0.954274218421385 -0.269567773300805 -0.129204431756463 0.285065845209 0.690503655568918 0.664787228963903 0 0 0 0 0 0
-1.39464987273206 1.52525219753469 -2.68445393393574 0.71839694461714 0.293399326286658 -0.630731808661101 0.375061337484998 0.600256675883355 0.706414060050099 0 0 0 0 0 0
-1.00935725562975 1.98489969067732 -2.36912804784997 0.964423198718307 0.250026965043562 0.0858738309910898 -0.011870573086616 -0.283548674643548 0.958884322824447 0 0 0 0 0 0
-0.791015650286184 1.58486150434728 -2.05202316692479 0.585875642219656 0.780499411660708 0.21810626168168 0.0951985304708079 -0.333554321616056 0.937911876247092 0 0 0 0 0 0
-0.475206911531036 1.34367436078511 -1.74798334810338 0.0509678801776283 0.947091978158501 0.316889483886434 0.201644492264329 -0.320525956470177 0.925528231968558 0 0 0 0 0 0
-0.063066312432386 1.33355217145994 -1.34734020384943 -0.614943078688922 0.749503651864372 0.245131012373369 0.0719367971824929 -0.256239891713127 0.963932634037493 0 0 0 0 0 0
0.0539408038023514 1.42623966647969 -0.808978811398962 -0.933378308859246 0.358616809746519 0.0141006446438733 -0.055240042493691 -0.182373269847049 0.981676337079487 0 0 0 0 0 0
0.00134259736967426 1.64809168531956 -0.419839275461577 -0.878337782264902 -0.457090646582642 -0.139966802014974 -0.058776129911709 -0.187310457623372 0.980540683260148 0 0 0 0 0 0
6.81900708410785 18.6954869710684 6.16645462191838 0.71413190610531 -0.688892704332195 -0.12426745335974 0.571886506075676 0.676530234509971 -0.463953231818068 0 0 0 0 0 0
13.0494118992149 4.99442805852002 13.8731174718025 -0.355134500954937 -0.448689409821279 -0.820095850822279 -0.407697605252114 0.863793110148861 -0.296047454419742 0 0 0 0 0 0
18.2570316013527 12.1445478326904 8.10025739009574 -0.028563503666097 -0.992333328600798 -0.1202442904487 -0.985344908103993 0.0077145562907209 0.170398880549664 0 0 0 0 0 0
10.2621115517719 26.0682526755155 1.56056798514603 -0.336389525334599 0.734689584162235 0.589129228017802 0.0546531694271577 -0.609301667250212 0.791052738067868 0 0 0 0 0 0
-4.4712678677843 5.72331211079969 16.7157701032407 0.0459582611388474 -0.99579413338565 0.0792583191039474 0.393412954240719 -0.0548873762220907 -0.917721910230377 0 0 0 0 0 0
11.8271903474978 18.0583660098477 16.8003377480026 -0.820743697595516 -0.317747244034776 0.474780332987814 0.209887923485633 0.60523174453509 0.767881188361602 0 0 0 0 0 0
4.08557558775391 -0.235194514187271 9.34767221187632 -0.525863039025538 0.752915039054149 -0.395710698011953 0.0812605429832508 -0.418631238198636 -0.904513411863382 0 0 0 0 0 0
-0.773465723080899 14.8066800386771 2.24904701031574 0.198640815933322 -0.821952264797068 0.533794213128501 -0.960105891332841 -0.0538215890913828 0.274408081352713 0 0 0 0 0 0
10.0122483493414 0.358134477890364 5.86499393739596 -0.393314744939109 -0.24889185466926 -0.885074146198024 -0.122489678351188 -0.939894029427385 0.318740455926881 0 0 0 0 0 0
23.7673077768327 29.1350362852457 13.1452521667328 0.36913876306349 -0.376768864738715 -0.849577361916211 0.784908691392637 0.61587843176158 0.0679119243928861 0 0 0 0 0 0
2.53295166188703 12.0301841229724 15.8351175684246 -0.041595247418279 -0.145155699911342 -0.988534036580402 0.859266911689964 -0.510058280337 0.0387406367860422 0 0 0 0 0 0
9.71188168249167 14.44442411609 3.82763267874514 -0.481860775361113 -0.0491229399736075 0.874869710879921 -0.154168306154318 0.98760530766621 -0.0294599170097359 0 0 0 0 0 0
-1.50880482248958 21.6124349857545 6.73228710003157 -0.0251360968415201 -0.613819459265127 0.789046116376446 -0.509538155907583 -0.671205875100498 -0.538380418850325 0 0 0 0 0 0
10.6469253590474 3.86493392122007 -3.94997218532012 -0.902182804893065 -0.162310123590132 -0.399651716206321 -0.28896750891752 0.915294878601515 0.280594092339589 0 0 0 0 0 0
18.9721227904421 3.08584630302173 9.91488322508317 -0.450576407102578 0.523780068919731 -0.722935166014369 0.741224862465901 -0.231840922377923 -0.62994870995311 0 0 0 0 0 0
11.8471283308456 10.9394639516666 12.7940341788367 -0.571296771005984 0.771207203014982 0.28081916093393 0.659636638919232 0.227852752803567 0.716214014533964 0 0 0 0 0 0
14.4593733153283 4.3087271457129 11.1516643606581 0.135986461906105 0.904459565426074 0.404302553784989 0.0417234667310583 -0.412959848744368 0.909792952692612 0 0 0 0 0 0
0.372778065841517 16.2519608665306 16.6663437636184 0.0750398733341537 0.481203244158335 -0.873391300400861 0.132147075299846 0.863337148073472 0.487017544745099 0 0 0 0 0 0
15.564869749735 13.5238881613617 -0.163728362103076 -0.62325420839898 -0.515871450246039 0.587733571483808 0.69036668886311 -0.00991017559163002 0.723391667169561 0 0 0 0 0 0
11.2393792771487 7.15950971412038 18.4280900823565 0.665947184851905 -0.698212839333896 0.262703477103962 -0.190440304048022 0.181367385845542 0.964799588856491 0 0 0 0 0 0
14.5836168048659 11.6190146967168 10.2216351352829 0.523492745728038 0.851775761032911 0.0208174293943989 -0.707745310910976 0.421109736475529 0.567241629871742 0 0 0 0 0 0
23.3189511507665 1.01141662029318 4.36651737399596 0.807960392028691 0.588921588658685 -0.0192688728388503 0.524942104259034 -0.704560889406982 0.477524533674521 0 0 0 0 0 0
13.8314782459837 15.5039452050492 9.61499454348973 0.211960213018989 -0.614517768049689 0.759895194521019 -0.00280829461415882 0.777176586426793 0.629276266662657 0 0 0 0 0 0
7.33288864559997 2.83292200767729 19.7291951756969 0.0097604783352598 0.275367547132235 0.961289413693436 -0.965498425462256 0.252771290217501 -0.0626047416660986 0 0 0 0 0 0
3.76745110803037 -0.125650566700573 13.6051096172883 0.271999913714498 -0.661985679280105 -0.698420317859221 0.795911881491334 0.562697049486077 -0.223374631362407 0 0 0 0 0 0
2.351333612311 5.61820600974241 10.1785903014962 -0.755008596335283 0.13561807142438 0.641536936696714 -0.4667869114038 0.575958559252855 -0.671104788912494 0 0 0 0 0 0
16.1802473235719 21.7437519286394 -2.74465466307286 -0.222555429923908 0.938924171859913 0.262469933500261 0.971221073952195 0.236954690096315 -0.0241244240663837 0 0 0 0 0 0
13.1508112040096 15.1072620496563 18.7024277265865 -0.333937413143233 0.796407169467374 -0.504203709749429 -0.942155030034543 -0.298360013839277 0.152725547715513 0 0 0 0 0 0
-0.988866405826479 16.4449014139225 7.67060812395139 -0.377552416869761 0.923062523978634 0.0735508783381432 0.552144361001341 0.288178581829446 -0.782361553426454 0 0 0 0 0 0
15.179006546084 8.99066433845986 12.0206984441483 -0.925693306319574 0.222472768963761 0.305937340636298 0.311569939974309 -0.0102202321371121 0.950168195722544 0 0 0 0 0 0
12.5109020213723 11.0177431926794 7.40181873274505 0.962233566160449 0.210260804242194 -0.172907039806035 -0.247632500388608 0.412252796808068 -0.876770025334943 0 0 0 0 0 0
17.9163372755009 1.67575204203458 23.0388199325764 0.990698038413443 0.135699944156665 -0.0101392714493903 0.0400859994162186 -0.219824857851751 0.974715359001035 0 0 0 0 0 0
3.23634174940756 14.9057154763795 14.6660740031657 -0.806412255270006 -0.432588747813097 -0.403194931657789 -0.253331668507472 -0.363371920734439 0.896539909587953 0 0 0 0 0 0
9.86221911210614 16.5242914134688 14.5127136508302 -0.293482050049223 0.606246290775001 0.739143860033149 0.0307104609365333 0.778771715901284 -0.626555213202036 0 0 0 0 0 0
-2.37034540502758 11.8084315401706 11.2199250524103 -0.103461119477856 -0.973641699134608 0.203267391042354 0.347758680140452 0.156055697991537 0.924505491170933 0 0 0 0 0 0
13.0994678183781 16.1522528633061 22.1846824986851 0.4007197472226 -0.181100278079163 0.898123743236959 -0.837231094360425 -0.470514847987942 0.278675043089079 0 0 0 0 0 0
7.18535403843119 17.6428202834382 9.07251905356372 -0.0451686761175753 0.700869500878914 -0.711857902101244 0.988474987588987 0.134421902969776 0.0696263876535159 0 0 0 0 0 0
9.20351010285515 9.91024305897099 14.2293748593364 -0.100066656862589 -0.714937971049289 0.691990103584714 -0.387672526298915 0.668533831637257 0.634643571132046 0 0 0 0 0 0
15.5694470834907 20.0486263049724 4.29721391774598 0.955466248165569 -0.29505355700826 0.00524769300441677 -0.28293732277045 -0.920993577999594 -0.267800826314079 0 0 0 0 0 0
17.7751816647358 13.9971316861119 13.9074047077826 0.695343460906146 0.698854850322189 -0.167628483762527 0.489076125504206 -0.289239477441454 0.822888181294939 0 0 0 0 0 0
4.27807333208883 13.3388909950335 3.43354247377775 0.0575293430350585 0.982561085189443 0.176816527620539 0.534351670609677 -0.179910030039761 0.825893793327555 0 0 0 0 0 0
2.91034441246047 -1.09629973442538 21.6909475986285 -0.0726156315477958 -0.644253589442747 0.761356823582143 -0.339964853737798 -0.701666753815912 -0.62616899020491 0 0 0 0 0 0
-0.129327649990386 27.8142017780023 9.92865010247299 -0.0820076110726628 0.978588061403611 0.188785997240583 -0.941910690243711 -0.13800517447631 0.306200435145815 0 0 0 0 0 0
11.1333666496016 1.49320399883605 10.6274488959069 -0.779371640769765 0.0859788666763218 -0.620634644312453 0.625207065358924 0.171819848110004 -0.761310678718453 0 0 0 0 0 0
-2.8233119211335 5.8111384519775 19.7718910517041 -0.252609183431789 0.340681438552756 -0.905607339026221 0.309630957310323 0.915206860722152 0.257924510279738 0 0 0 0 0 0
13.1842047472606 14.0650977347635 12.5976603328189 0.749419089222262 0.0844961458978577 0.65668204762998 0.133922804347645 -0.99066709602646 -0.0253650371851699 0 0 0 0 0 0
10.4869607356287 0.889397845572166 15.0843010747228 -0.248079362467145 0.60191288776857 0.759050347102302 -0.832793686243534 -0.532786762153613 0.150309204164094 0 0 0 0 0 0
20.0434823354748 8.2356244110174 1.37188901248167 -0.416486453781914 -0.371541982071167 0.829756281459547 0.603422722208712 0.569690625834677 0.557972695244218 0 0 0 0 0 0
28.6764422118266 -1.80503731377939 3.57433060695867 -0.0173523013604774 0.285586794236682 0.958195685185705 -0.828544798739968 0.532312204222499 -0.173658136250893 0 0 0 0 0 0
2.13856285028326 9.42098516882854 6.308022488328 0.525458776620031 0.576115243602256 -0.626086432147693 0.844843640104578 -0.440363717235787 0.30384029394558 0 0 0 0 0 0
8.34752953087594 9.52509800219559 10.7639028587359 0.716263461577111 -0.0222892017400289 -0.697473817390516 -0.451653588933509 0.747102057596689 -0.487696112827467 0 0 0 0 0 0
6.51901644451486 15.9970694031083 22.3611545417734 0.25297599682639 0.930265609052693 0.265723588710605 -0.340205138875069 0.342652452180959 -0.875699523400882 0 0 0 0 0 0
9.75810080222538 20.7227480291177 -0.984038779216156 0.769339900977536 0.504523466855558 0.391882762175924 -0.260149307277072 -0.312840567683441 0.913483995257941 0 0 0 0 0 0
6.22693832621983 13.8630132787607 15.1274903703678 -0.166806327316459 0.348646586160245 0.922291224292592 0.759951416905606 -0.55051544117328 0.345552470533916 0 0 0 0 0 0
15.3642906280911 13.8447045141719 3.32682667343076 -0.162954403973254 -0.909260212313985 0.383003535069743 -0.656300709443072 -0.189957079680421 -0.730195570895926 0 0 0 0 0 0
14.5678336020192 2.14194885002084 19.8895136320156 0.781959503063555 0.241877342833533 -0.574486356981081 0.493876595703946 0.321882433671667 0.807760793955284 0 0 0 0 0 0
