t = 10000
b = 20 20 20
E = -0.518533003456287 -0.518533003456287 0
-1.11115816918109 1.74868377362598 -0.0815320363692287 0.91042859637721 -0.166438448185589 -0.378705548604242 -0.280994655780527 0.423029991879214 -0.861445018366 0 0 0 0 0 0
-1.06223239633358 2.13550121259393 -0.422138307606989 0.84600713672716 -0.4705906947646 -0.250631309385081 0.0643543079491547 0.556768020764868 -0.828171339734103 0 0 0 0 0 0
-0.761532969528005 2.55458142869001 -0.653981137150254 0.176812095951675 -0.828546638316736 -0.531269987037878 0.119886588592178 0.553884996942101 -0.823916591180186 0 0 0 0 0 0
-0.457557670173198 2.72841666372725 -1.14916414684665 -0.341141986963911 -0.87062871160201 -0.354439991646425 -0.0383724560916811 0.389642780901539 -0.92016627751939 0 0 0 0 0 0
-0.285608219958443 2.74778679089296 -1.60616012949626 -0.857857898775021 -0.511411965332443 -0.0503741569240581 -0.0542491645072876 0.187602763752038 -0.980745706901878 0 0 0 0 0 0
-0.203663447775305 2.50883028995791 -2.01732181233165 -0.941471628096021 0.33474247371459 -0.0397312612052063 0.136148959206908 0.269779409454831 -0.953248368252557 0 0 0 0 0 0
-0.311182290319745 2.57435178145159 -2.60028980716485 -0.501374636303751 0.657002752048016 0.563001596428216 0.118066666706503 0.696560000342087 -0.707717707605787 0 0 0 0 0 0
0.491197743885845 1.7444199040464 -2.56229274930331 -0.562185283733 -0.24022841628477 -0.791351977486985 0.334930237206899 0.808762077208223 -0.483451720420874 0 0 0 0 0 0
0.756884618768732 1.91973697414446 -2.94696653263814 -0.941193408166381 0.189538733850278 -0.27969609313799 0.311880876362315 0.805763028055489 -0.503464162116615 0 0 0 0 0 0
0.814371392942482 2.12432965989134 -3.4621694348554 -0.73272115414065 0.606548524328791 0.308574983088777 0.201485579561961 0.626459437607503 -0.752962186875352 0 0 0 0 0 0
0.602464089100651 2.5696052153858 -3.92135113355485 -0.325223842450418 0.660546862930631 0.676688399811005 0.196300225353958 0.747160533552258 -0.634993914366784 0 0 0 0 0 0
0.40287740885356 3.03014623582442 -4.16598050375823 0.381857130447285 0.356093509865743 0.852867191535573 0.368122944678838 0.787835299808109 -0.493762028243055 0 0 0 0 0 0
-0.319554828698278 2.2444338309562 -4.02912240651367 -0.4213471791543 -0.898143034182442 0.125720046305274 0.110588690980933 0.0867081219226882 0.990076586616191 0 0 0 0 0 0
-0.576697185049988 2.26587219681984 -3.64978063600751 0.47795219855576 -0.87343489290495 0.0931294227464973 0.0489468406737698 0.132341727477178 0.989994844110971 0 0 0 0 0 0
-0.547177804404634 2.35241294809845 -3.11640405213858 0.726404355918365 -0.67966827328418 -0.101919721721892 0.0036704364873589 -0.144458339582725 0.989503967539999 0 0 0 0 0 0
-0.605272095111388 2.00552697430409 -2.76560762762686 0.970733750042231 0.239873751751867 -0.0116841519811474 0.0742630845016104 -0.253553083278228 0.96446654715388 0 0 0 0 0 0
-1.23098127889382 2.30239178072855 -2.21985752343587 0.970287254895341 -0.0264035446504861 0.240510697771926 -0.23900887768907 -0.259258970217231 0.935766768393492 0 0 0 0 0 0
-1.23301654744764 2.07101361008029 -1.74701772151204 0.860762041015624 0.489388931971424 0.139953987752741 0.0383418061357671 -0.336512702582478 0.940897996099292 0 0 0 0 0 0
-0.975928313115984 1.73363980007213 -1.53515149001755 0.523872302049703 0.795329385533536 0.304973519656511 0.20076550611092 -0.463237984597666 0.863193883415898 0 0 0 0 0 0
-0.588761485976819 1.52003758558197 -1.23850040634604 -0.0974058134444324 0.870805241937938 0.481882019190293 0.263980083021859 -0.444236268886747 0.856135827373853 0 0 0 0 0 0
-0.162144988989453 1.45212964126968 -0.846019177148477 -0.598994169435774 0.663868616278141 0.447754812119547 0.378563560074944 -0.257961376896361 0.888901262969407 0 0 0 0 0 0
0.033767244922603 1.5777820684641 -0.431383576614671 -0.977523636184689 0.00591999398558757 0.210742401901314 0.20071872967786 -0.279655126327483 0.938884911009437 0 0 0 0 0 0
13.2549283962737 12.8253793380659 13.1781489633089 0.502490805796322 -0.539542009113495 -0.675571851089979 0.30280211573421 0.84171981649863 -0.447010731940479 0 0 0 0 0 0
14.4201350181115 17.6935597555568 15.33450354356 -0.454672778801304 -0.889847194662094 -0.0380080195887821 -0.730050470289662 0.396789359227983 -0.556403104585637 0 0 0 0 0 0
9.96863874189093 10.5022389635873 4.43919110381307 -0.775305146730592 0.431084369356646 0.461593001347772 -0.131637018760059 -0.825089082534987 0.54945396815256 0 0 0 0 0 0
24.9318216323837 20.4167756670891 20.5037868406538 -0.596405956763234 0.337083153042572 -0.728474280265333 -0.737997523406565 0.126657479023594 0.662810245210688 0 0 0 0 0 0
19.1754873949807 13.1447573570037 -2.03824265835084 -0.897858089821814 -0.114237693351717 0.425206399652721 0.383750084822393 -0.6764854819444 0.628572351016209 0 0 0 0 0 0
16.1756520548732 8.48721872312433 13.6039280988717 -0.0445082066421117 0.00132808322049538 -0.999008076307388 -0.734852044651024 -0.677479667685908 0.031838779022341 0 0 0 0 0 0
12.6814273268008 5.45024565417277 7.31420621662444 0.735947519991971 0.589421819897464 -0.333111225047426 -0.562792216912519 0.806096403117846 0.182957557141119 0 0 0 0 0 0
9.37336519687814 14.9502855375241 -3.07676673674335 -0.539825793591719 -0.840411814908178 -0.0479172090493906 0.502757883760736 -0.367548280659565 0.782395468158866 0 0 0 0 0 0
4.52734459554493 10.6015535127922 15.1022047650975 0.350323125140629 0.199072748013225 0.915228733435065 -0.207429703684511 -0.936398008672319 0.283075383426746 0 0 0 0 0 0
9.88952385142402 0.896012997334003 15.0596634387712 -0.64140227054623 -0.140154123222536 -0.75429426102432 0.429212669949458 -0.880468152562749 -0.201375990332065 0 0 0 0 0 0
-4.58598535649942 5.57482470081204 3.09826270146784 -0.401204978102076 0.0431152990977524 -0.914972960005999 -0.909616974957846 -0.136363331676424 0.392430737392017 0 0 0 0 0 0
10.7423028977647 0.21850148375107 1.7586542942459 0.273908779731133 0.859506195001103 0.431535687976795 0.589117024556709 0.204722435238603 -0.781683914171429 0 0 0 0 0 0
-1.08275163305193 20.4780075206157 9.58514979655616 -0.917728271475783 -0.341815706925291 -0.202328290043959 -0.293355075559262 0.23983530480426 0.925430555936423 0 0 0 0 0 0
7.91472273278652 19.6942733886858 5.98212761965248 0.699263147941254 -0.249298237384725 -0.669986064756338 0.631328890306221 0.655012065715006 0.415190267189446 0 0 0 0 0 0
8.15232116794193 5.9229329802743 -0.569649620952002 0.23523731350938 0.916461144687983 0.323670136906079 -0.34193691482071 0.389761088276214 -0.855082065797707 0 0 0 0 0 0
5.06523871020789 0.590564290794977 10.3282709503112 0.834541344708963 -0.105662677278731 0.540718063988319 -0.23158216583238 -0.957800706336743 0.170257151275402 0 0 0 0 0 0
20.0303293929609 13.9989918791055 12.2385501543267 -0.23768601833175 0.740254950311078 -0.628910097982415 0.61732811505591 0.615007882394889 0.490582540286006 0 0 0 0 0 0
5.09956728060066 14.161201455509 0.3430533676763 0.474156157436546 -0.814452245544953 0.334430019522616 0.727796100585947 0.576331090335479 0.371692387158496 0 0 0 0 0 0
-5.1019753444139 10.5484081976256 -1.02265315688905 0.441054700454567 0.804133298309639 0.398547798427791 0.490899542265636 0.155602082909903 -0.857207976441245 0 0 0 0 0 0
5.20373074209035 5.41249187694548 8.03239218533217 0.084995294393139 -0.979579554231307 -0.182207826517192 0.137688224376271 0.192662417918054 -0.97155701366708 0 0 0 0 0 0
12.7261837966405 14.4856088629425 6.53175471109172 -0.681852119981469 0.647291458965435 -0.340721857773986 -0.730178301003594 -0.630166951485829 0.26406285260999 0 0 0 0 0 0
6.17970390311741 -5.41176112548639 10.0715716690835 -0.789656174237571 -0.282460139333973 -0.544664379666602 -0.577169509490924 0.0408407895390082 0.815602395909544 0 0 0 0 0 0
0.693799231264817 5.72473732029749 15.095874109326 0.683103063864577 -0.730194248241817 -0.0136568050635456 -0.542029365012001 -0.49436334701629 -0.679565271711572 0 0 0 0 0 0
9.14324633344844 7.40008368729575 12.3769815359809 -0.102606229967723 -0.882368208180284 0.459236627860244 -0.799421463282998 -0.20158770538015 -0.565939578680566 0 0 0 0 0 0
