t = 40000
b = 200 200 200
E = 0.00999025380892088 -0.361469234054639 0.37145948786356
-1.18794745509231 -1.47079825768552 8.11604461251976 -0.51559547549309 -0.702172409246913 -0.491034754375849 0.591850713323863 0.122536211463107 -0.796679055794389 -0.152472228012309 -0.140600225868929 0.677646755088698 0.240217033610403 0.0918500307401083 0.239782377063002
-0.819611426813481 -1.67481882213895 7.86137540356103 -0.75604519577648 -0.176343110813371 -0.630316326437061 0.620858416273375 0.111636171469911 -0.775933051076106 0.456577346960338 -0.186783997611887 0.101163088398658 0.0585258974400684 -0.0779481895090045 0.424978983074059
-0.612855543538444 -1.84615485018253 7.44580552919897 -0.761164577771198 0.421249722449639 -0.493129834976237 0.54255140895381 -0.00300681624622113 -0.840017145745461 0.256474614344194 0.000402315624069531 0.0458898801506359 0.0961052099900199 -0.637273549231298 0.0907569096632685
-0.432345923980051 -2.0278427326646 6.96588126569079 -0.614320626407927 0.759932055728192 -0.212398927125518 0.394195054150743 0.0623900348326326 -0.916906538403763 0.353857859456567 0.337484349637776 -0.171567191187347 -0.265038658107401 0.11973322874038 -0.0669761880670326
-0.494384058465187 -2.27668373821635 6.40923574024899 -0.199391630086486 0.979919301497313 -0.001007954153029 0.302539869955669 0.0605816733827296 -0.951209379209164 -0.209635078534471 0.0925784215593859 0.237391183552161 0.547619563495376 0.011342920812391 0.838758333952922
-0.834432284462309 -2.14557845753333 5.98953508142186 0.510672791984382 0.855883034703967 0.0817153343725846 0.246530258530495 -0.0547147659161353 -0.967589252691238 0.317416188423094 -0.0244595082407413 0.115847005879063 -0.1913603691697 -0.11861711906371 -0.310219873987617
-0.55586600357006 -1.64250284118367 5.21049457710515 -0.708215850874192 0.611335480516435 -0.353127719057945 0.124963827890189 0.60083486161805 0.789545092290149 0.676756077185418 0.215036740560615 0.633987896099494 -0.235739838281472 -0.0684262777447231 0.248736389439296
-0.377359022299572 -1.32636758036111 5.42822200296381 -0.988541353559906 0.133379468137343 0.0706807324119871 0.142619077916477 0.671867825101075 0.72681035683998 -0.0347426531331278 -0.00807419255161896 -0.254176834514408 0.178013254670362 -0.531482588115851 0.634153423146565
0.6656469764701 -2.4739455021344 5.49289175996691 0.459952084503966 -0.240969966803964 -0.854621087603392 0.830838508437063 0.456380932091766 0.318470838629816 0.441104866345765 -1.16035325439618 -0.740839291580201 0.197363854515819 -0.450571160301385 0.0555522118845936
0.804790619770529 -1.36265456616474 6.28999085353991 0.470002932989277 0.662886745193294 -0.582819209685564 -0.750988126944493 0.647275736558835 0.130578934626288 -0.231558615536343 0.0751145246585777 0.266863546852545 0.584611657431715 0.0977326059433482 0.0635955580956286
-0.174579812608954 -1.09024813889567 6.14562831808974 -0.526307766217656 -0.832496028305727 -0.173061684007605 -0.457872700432549 0.105975430836289 0.882678666236965 0.0328262587274369 0.265717673739458 -0.304937870595531 0.155154723389484 -0.323614295320233 0.519450554920634
-0.676581070757749 -0.974023787617455 6.39615532741537 0.117139917551919 -0.986106587142661 0.117779269115265 -0.511388105104886 0.0417703318671096 0.85833400758404 0.754044928729645 -0.0570939051593864 0.179007041303217 -0.512120873592571 0.0224501775457386 0.663782974506797
-1.10478827546257 -1.12165672003189 6.73859533073826 0.538099216576505 -0.840520316424541 0.0630452212113987 -0.501769010717651 -0.259334491964995 0.825211095551584 -0.23973637773544 0.11088532533788 0.250761118432559 -0.706818287956081 -0.379118311366487 0.147410847471407
-1.51022263614479 -1.36399046241709 6.81296246535247 0.753428789900483 -0.438384715024085 0.49006509408652 -0.641803366294458 -0.32827903352377 0.693052101420104 -0.0452014762751903 0.0291539829569563 0.161993879032204 -0.157296160381531 -0.422606559307509 -0.408402956756649
-1.81177226084148 -1.6747197190827 7.06296047106552 0.798107405298087 -0.00780979976457532 0.602464510335749 -0.54831951354491 -0.42387603041674 0.720884713648987 -0.0441345124724524 0.0387772665010762 0.0145608550368396 -0.497446765718737 0.597556986942488 -0.244043037671595
-1.81170694972158 -2.12150835787074 7.29380146149405 0.341654237694222 0.597056279545805 0.725807222346553 -0.577994792066118 -0.475476555431829 0.663207312103801 -0.122703571291714 -0.38493085372923 -0.110865611848495 -0.237544063951246 -0.0667025475962663 0.271068244591076
122.67103612175 142.536671778548 15.3755293811233 -0.188390496574446 -0.933318108344159 0.305656997512782 0.596230431256383 0.138619126568939 0.790755204052861 0.351632061774157 0.0290571121216952 0.445453752050006 0.534712372012707 -0.0233780146168396 0.417130600881061
193.189533816914 132.270849684491 22.4132001330934 0.357192771469528 -0.816781571357374 -0.4530795463651 0.924820644345935 0.241322090645835 0.294058392759555 0.47895123984695 0.169147667461239 -0.173151969158978 0.0203069537839282 -0.175606867479443 0.0302144146010213
122.006060065675 103.993248094057 144.063700423362 0.0975641174319308 0.25928442752182 -0.960860411348158 -0.75077633832591 0.652948754574187 0.0999631187794769 -0.170564246456896 -0.205591072482424 0.212186649781767 0.239531236228727 -0.0345760804858512 0.0525606144512369
52.9347026717583 15.8113730423746 76.6297293959944 0.457597405307883 -0.760730879738017 0.460318370128009 -0.349756333241716 -0.629966815367937 -0.693406238565967 0.152897412422801 0.413669476231384 -0.296508172168257 0.643327637811838 0.552329670443692 -0.0547278768351958
182.862466061991 89.5625803616325 43.4775075655641 0.96163385742719 0.0315456921888943 -0.272516287425722 -0.104049636755687 0.961084718207317 -0.255909705410528 0.105070534413238 0.246607059477682 0.0771755563116278 0.0110117139882561 0.623421290503358 0.185063739782698
32.7743463723783 129.231637300383 63.8442333732557 -0.0807402162170067 0.994959828916901 0.0594626637996612 0.973441278155024 0.0915348922688473 -0.209840910809668 -0.363277416888838 -0.0631389101181031 -0.0933117156305524 -0.329430971472294 0.185029369920287 0.183902966643136
91.1029210598644 47.0207267022359 144.787147620436 0.609761913596492 -0.782040157196545 0.128854805902795 0.456362753182775 0.21350301406745 -0.863799388619587 0.365478442845095 0.514392580099487 -0.0726159752501514 -0.0938551684320745 0.380700861192955 0.137038679871258
85.6282850650589 35.5783265188061 145.742801425725 0.0883561757238586 0.671036211465959 -0.736140963598796 -0.758040954080865 0.524730954750917 0.387338684537358 -0.661050762301901 0.345592378040894 0.0474918118413831 0.271858686412328 0.269100433606313 0.165738687043798
171.665481334369 32.5444436228456 82.5833014969834 0.150814933886949 0.520134014942421 0.840663662575055 0.955086585610784 -0.296089521909222 0.0118536509875615 0.230287972018781 0.486203343449067 -0.577655811191731 0.412066183065535 0.0269841509725573 0.378728739252597
150.802580526625 149.035093923518 200.732183893476 -0.472054019982103 0.723374404404329 0.503879381987816 0.85081221520441 0.523492375416847 0.0455433720847942 0.459939500282038 0.121975208964019 0.288259040053436 0.0687195298213878 -0.660927788954587 0.0887214547448747
78.2145348037341 10.0443602467286 37.4773039918876 0.564368845313688 0.825522595358738 -0.000366907327270501 -0.746519462386002 0.510168461352329 -0.427126099184527 0.337346150588797 -0.181776505244531 0.139931810334131 -0.0354556389803229 -0.385535240364887 -0.0139270619047751
133.057660144075 63.9648092759974 193.487337370897 -0.0415419616869936 -0.8700814069618 -0.491154223218177 -0.874005115490496 -0.206551875218404 0.439830920943392 0.591258694711167 -0.243327381112848 0.344388413518156 0.272842876092531 0.31738426693118 0.421072338641734
15.7600390264433 138.801843500742 157.077685006268 -0.465788622564446 0.520922172809314 0.715318753844772 0.8774113458459 0.166966426591919 0.449745973057958 0.348407878279743 0.503151293396713 0.315800636615784 -0.281334844277435 -0.259525937972648 -0.227067269350122
180.653510794589 31.2954327960025 74.7179598022031 0.717998012315907 -0.415491636372033 -0.558431244926916 -0.427326175827256 0.370164542014427 -0.824845690545361 -0.423411663214798 0.227647767473773 0.204692355459335 -0.416139473734415 -0.249968543292643 -0.471964194406609
152.152317747176 136.768276162117 125.010566572517 0.90598867297199 -0.423290203635492 -0.00313936185238301 0.358587659973099 0.771401523185912 -0.525694302248 -0.0950768452533503 0.37180272008186 0.12519021882789 -0.107139135269968 0.69895117941454 0.221136606756567
103.460386233601 20.3187949317949 85.8199697837429 0.744845454596187 0.0844263539642531 0.661874112257263 0.0987457559459097 0.967091940077261 -0.234483216699965 0.00394313651694426 0.0983965243405624 0.564540042612222 0.0450478343040364 -0.792655985458955 0.386882872651577
189.735159062218 209.497566330352 95.7056697958123 -0.685370462924666 -0.428283440983697 -0.588931672963759 0.0521253396785601 -0.835535625966651 0.546958001412133 -0.0167440471606014 0.751535681542409 -0.292074235840249 -0.10846142998172 0.232323186505144 0.23822889111085
161.494291499638 173.543101220698 73.6291761775538 0.315294705484001 -0.254141815943365 0.91433094306573 -0.786778439411387 -0.608730632627132 0.102110941059112 -0.370182731571201 -0.0342661134561278 0.00296085822208029 0.460212061161002 0.221531356099286 -0.0574857779823917
57.6719086236051 129.931157778418 174.089728504382 -0.671087600154628 0.094263359687545 0.735360952356239 0.0439705201913651 0.995198502349769 -0.0874437013980652 -0.696184469111709 0.440907785414444 -0.315325899652451 -0.228037226398804 0.482036838624509 0.66261925884034
178.347463247922 43.4827286337433 26.9856620799354 -0.820272393407401 -0.176844619616102 0.543947680347263 -0.50598049783678 -0.21910549855815 -0.834251996770246 -0.126347062434995 0.0289232305802859 -0.221182988626681 -0.0367514459387373 0.308621814899766 -0.193877465377627
180.84233061791 95.0778966516386 29.270757827508 0.589123739044831 -0.767522820412885 0.252669271538462 -0.647966306177557 -0.635549022768965 -0.419782113086069 -0.334068733756153 -0.844803852948521 -0.224958787201347 -0.822690657670936 0.0265412602868202 0.471395210472006
137.028073466689 186.128865698361 98.4252234729281 -0.135657247476339 0.952199940311192 -0.273701033325813 0.938917844129936 0.211744357852538 0.271288517429296 -0.503860413550774 0.423517691741468 0.229555144327301 -0.0408109254426378 0.296755173225714 0.252218548631722
73.9113434747336 170.715459612591 166.203474932371 -0.438538978305041 0.894713788682346 0.084679710986738 0.730451043079214 0.299955523904354 0.613569753244388 -0.316635253387355 0.502430129890818 0.15001310792844 -0.106519566308815 0.0274435916376534 -0.0282620054368219
34.3916471927492 151.579569583723 3.12963945292084 0.451165412198433 0.690010232167849 0.565981895402105 0.358920507079417 0.440353500398667 -0.822960931194044 -0.127231733361195 -0.116792247777963 -0.0140061603484586 -0.782968359631191 0.680407902530364 -0.0368145378474998
166.964244393897 159.437540933911 86.8636298735938 0.0446081090455725 0.499038838169572 -0.865430692539429 -0.218762525233368 0.850147057436128 0.478949746681136 -0.489623305669193 0.734645115878893 0.29061764299048 0.275063975647384 -0.310584726392744 -0.318385941157493
113.439964373902 82.3409319637508 156.934251198334 -0.632017745864263 0.773316072417059 0.0503563633409392 0.626989722046964 0.548453790325106 -0.55324695663061 0.357177170945798 0.754344735257849 -0.317965581998037 0.367299790425073 0.105201633311188 0.0768653833039393
66.7400676824013 56.5013822859487 82.7122289687273 -0.767359271405608 0.576734243095573 -0.280244945378596 0.536675460431154 0.816844864789578 0.211527435610123 0.576859016707262 0.228109079926463 0.215050840287191 -0.323097284524846 -0.429949691442887 -0.0720540721001785
64.0597091111533 181.078907008715 157.887666526869 -0.222822475519461 0.74801266554643 -0.625161679007187 -0.889295733778021 0.106753939065605 0.444698312090945 0.552468178031167 -0.183384614759194 0.139240117766223 0.187882420020071 -0.240925287587959 0.367702492439824
