t = 10000
b = 20 20 20
E = -0.211258393698183 -0.211258393698183 0
-1.47150378398208 0.789311235404872 -0.235038145876761 -0.590509157138645 -0.615807216303099 0.521613177446961 -0.384771790482644 0.782975618781119 0.488773634022217 0 0 0 0 0 0
-0.711182547516068 1.92632411751825 -0.512522089791958 0.942064165115558 -0.323170065139766 -0.0898662392397728 -0.119783878577497 -0.0738690067898396 -0.990047937142708 0 0 0 0 0 0
-0.648897137594465 2.1301551092221 -0.9430749568232 0.584250554659868 -0.808667974265523 0.0686093738293827 0.0820808195640119 -0.0252268958885979 -0.996306298413493 0 0 0 0 0 0
-0.4216658848622 2.21484763775946 -1.43435143206087 0.0634826663550123 -0.979018168336983 0.193631830769972 0.138343326897127 -0.183517011210257 -0.973233046112386 0 0 0 0 0 0
-0.0553209517504105 2.02173327047189 -1.78304663169725 -0.70674389538217 -0.684673271893873 0.178144598844744 -0.0309674900224235 -0.221625109402598 -0.974640049656807 0 0 0 0 0 0
0.191210449324296 1.86660505091992 -2.15235729316547 -0.93331291427759 -0.358981876728844 0.00767944469005657 0.15796489846283 -0.429709847718056 -0.889042432322601 0 0 0 0 0 0
0.0938083091922522 1.51758441005704 -2.47438073848251 -0.841836479920163 0.528704568619585 -0.108548554340724 -0.0258546748572171 -0.240386853816869 -0.970332729070201 0 0 0 0 0 0
1.62540813282256 1.82708027864047 -2.94940834386625 0.454174618608113 0.216963178556296 -0.864090447523683 -0.41877374197662 0.908056260836844 0.00789077407984383 0 0 0 0 0 0
1.68893208261354 2.25007145747501 -2.89533914749576 -0.41287081099141 -0.179829835285395 -0.892859873589962 -0.51860589186356 0.852292911820868 0.0681512128401317 0 0 0 0 0 0
1.38378698024228 2.67090914003493 -2.9374389162684 -0.00975896302892188 -0.273785841879213 -0.961741126430335 -0.503687866690337 0.8322064461093 -0.231799250034428 0 0 0 0 0 0
1.03525642311244 3.07126878068493 -3.24438474336439 0.141900947422599 -0.52854085499391 -0.836963910597126 -0.581960379413603 0.639419329690886 -0.50245891491563 0 0 0 0 0 0
0.0979046121800012 3.10763143429465 -3.48938822921777 -0.0024361689014284 0.804391971395705 -0.594093889225918 0.810339997831518 0.349702209982603 0.470167360689569 0 0 0 0 0 0
0.328056030400793 2.19329002394211 -3.53910460178973 0.390091536271718 -0.778570996758246 -0.491584875294569 0.810551156873342 0.543651312838464 -0.21783006731259 0 0 0 0 0 0
-0.59342955879764 1.49555459827293 -3.46420100369517 0.179021765187391 -0.917429466930906 0.355350956770376 0.112256833024022 0.377874548658899 0.919026194429354 0 0 0 0 0 0
-0.678463345209795 1.71885882623318 -2.92862254355995 0.368626221717099 -0.906860360560988 0.204251991499864 0.0145573844369905 0.22533035838089 0.974173562853622 0 0 0 0 0 0
-0.869462159288416 1.5956637825038 -2.50467402221685 0.962634562518406 -0.258283711064823 0.0813889998800387 -0.075683081463546 0.0319753536152806 0.99661906182705 0 0 0 0 0 0
-0.857366282399618 1.25393948724992 -2.08152733894901 0.810766834478665 0.585320354256469 -0.007558124043501 0.0331272445655393 -0.0329881282085189 0.998906532664659 0 0 0 0 0 0
-0.732063219467172 1.07980988112643 -1.61053782270772 0.500917613914868 0.845447047622722 -0.185204677185151 0.301243209273475 0.0302966737497851 0.953065881955295 0 0 0 0 0 0
-0.370015029503926 1.00564855283014 -1.25896275900032 0.0479671564535726 0.98664905843154 -0.155636380037084 0.47463376913585 0.114585739668641 0.872692823990011 0 0 0 0 0 0
0.0693493395271826 1.16098519924125 -0.949192794013719 -0.605162623934646 0.789873244335156 -0.099390006846949 0.294113700849737 0.337836975389944 0.89407114710936 0 0 0 0 0 0
0.391875427300803 1.52731302940845 -0.612439124340327 -0.967490491322433 0.240271730896016 0.0789401607722743 0.112060065415331 0.127447222894908 0.985494615978993 0 0 0 0 0 0
0.34091340492833 1.5976491840057 -0.101976348550021 -0.891646705863985 0.24396481213684 -0.381375392103822 -0.305429580173203 0.29765531979194 0.904496498799856 0 0 0 0 0 0
19.676886707166 13.2051776997639 4.00716560227621 -0.604507223479908 -0.351651056933424 -0.714781397666571 0.791711677166381 -0.364464504751866 -0.490263339074193 0 0 0 0 0 0
16.5128332714138 3.95929559350075 6.72050882084464 -0.345963544767394 -0.570681775035266 0.744735830311049 -0.264977994141086 0.820868282033084 0.505926760796349 0 0 0 0 0 0
5.71453237057488 13.1673847910976 -3.55345900725646 -0.976650043854736 -0.0770365961184083 -0.200549086747369 -0.197986710711528 -0.0396502628666451 0.979402368801687 0 0 0 0 0 0
2.13759694897399 11.7721506437592 8.19328002728471 -0.547792010063526 0.829728759074497 -0.107117052496702 -0.621817856027982 -0.48945546549153 -0.611372072125081 0 0 0 0 0 0
2.12773321983684 13.8550002508522 13.5084015549514 -0.0151219834793727 -0.597499722401003 -0.801726468750726 -0.989987157092882 -0.103596853037742 0.0958801486333076 0 0 0 0 0 0
9.29470519986854 12.9094266612052 9.80596469463375 -0.772589668769845 0.150572716322807 0.616792464531392 0.0188520925410464 -0.965602361548529 0.259338909380615 0 0 0 0 0 0
21.5842040552547 14.5184295638494 -0.220334893044952 0.615983989430238 0.00279379892814199 0.787753641848008 0.329648974727309 0.907313284808929 -0.260986849470124 0 0 0 0 0 0
2.55378086861602 6.18049433524654 13.3815769069048 -0.21019258736846 -0.258981572744787 -0.942734061111749 -0.00926625496227289 0.96476046764774 -0.262966477577219 0 0 0 0 0 0
16.1075518604089 5.19459144006138 17.8013747270127 0.666628864599697 -0.413875455981239 0.619929806533977 0.743706984797727 0.313455264289319 -0.590462200785033 0 0 0 0 0 0
13.4320532415877 6.26689205526999 24.092761753836 0.962668621852302 0.240834993239188 0.123561799264559 0.0983741515848956 -0.736553071615062 0.66918760034638 0 0 0 0 0 0
15.423047698465 14.0366225716292 11.2474847136995 0.914230842088937 -0.1383768563367 -0.380832897839815 0.186560544306104 -0.690577998060415 0.698782605353379 0 0 0 0 0 0
17.1779512664579 13.8715248350419 0.117111666867665 0.381639565646404 0.068234096003227 0.921789146942832 -0.893487623979048 0.282626925887834 0.349001112995906 0 0 0 0 0 0
11.9879676541041 3.18153015204314 0.545156307212817 -0.863587119833039 -0.242700606232382 -0.441942971440292 0.146234154055921 -0.959413125676392 0.241126558029424 0 0 0 0 0 0
17.1867723843685 12.6765781783563 7.20124976641094 0.887499867614373 -0.42605003297895 0.175571230025116 -0.401558261601786 -0.901949100992924 -0.158867112790273 0 0 0 0 0 0
22.7058822185431 3.28125659871871 7.83035022954071 -0.785040245194613 0.585739096164888 0.201547627966653 0.611889493577355 0.783932356412225 0.105077410847381 0 0 0 0 0 0
12.5040257136402 4.28344078925607 10.797020916871 0.571849820860753 0.809429406463854 -0.13346077036672 -0.0420977682762267 -0.133517322390153 -0.990151900186916 0 0 0 0 0 0
7.26134510949965 5.18805387874202 9.1614503563977 0.246670871841203 -0.815832240027143 0.523040339985076 0.830086537555305 -0.100653662817876 -0.548475215783923 0 0 0 0 0 0
8.96992106325125 12.4302151283596 13.9912031435766 0.650961819184254 -0.288122352773331 0.702306279683938 -0.0309259212651999 0.914336342350311 0.403772981887505 0 0 0 0 0 0
1.18534163615571 5.67377917152347 19.4704215071026 -0.216140212693701 0.788197913303481 0.576218198923768 0.311364286795028 -0.503710387687127 0.805808933483412 0 0 0 0 0 0
11.8191082812231 17.6069256990488 4.15390694111344 -0.184861525359164 0.489257244387326 -0.85232240061056 0.615101179959722 -0.618793623781159 -0.488615304730157 0 0 0 0 0 0
4.16120335720114 2.66985513172623 11.9202529749181 0.914540579887299 -0.292730082041655 -0.279149633374544 -0.387614781929487 -0.831508893636595 -0.397929269903414 0 0 0 0 0 0
-3.7411615505089 1.29151703471455 10.8158092212624 0.369886723919555 0.855986836837254 -0.361206747952437 -0.381306733940537 -0.214663999447403 -0.899179864252307 0 0 0 0 0 0
7.6362003770981 8.05287603437243 14.1587656992851 0.303176612496203 0.922485904935563 -0.238963760989022 0.00830601712425002 0.248198590042858 0.968673504393813 0 0 0 0 0 0
4.88656285974468 -1.84119718073791 -4.65098687005107 -0.395273270842235 -0.479915812405382 -0.783223954311824 -0.775657327450927 -0.282362553991504 0.564470538443051 0 0 0 0 0 0
12.7621900749787 11.0197607278355 12.2434449136487 -0.735756286662013 0.251888119701441 0.628661236394337 0.653771946736302 0.50644169410166 0.562226790096283 0 0 0 0 0 0
0.0306408099567041 8.57322000068099 5.87505256353207 -0.64876354315217 -0.713848749903513 0.263677395457447 -0.344391464901583 0.584394433695365 0.734763626121704 0 0 0 0 0 0
15.9046284156527 15.6151246457709 4.18634640752506 0.384293179834464 -0.57420445770795 -0.722916255714535 -0.910390302604774 -0.105652030778706 -0.400033782869519 0 0 0 0 0 0
12.8507657891458 20.98947121058 13.8330423236179 -0.570478250303249 -0.483906900870328 0.66361780109222 -0.584798455884137 0.80666093231696 0.0854918980341669 0 0 0 0 0 0
2.24584202972578 9.58603931785822 2.13868316105698 -0.543521512884996 -0.404752695297831 0.735363529827598 -0.712603757789505 0.685473111762571 -0.149406941735641 0 0 0 0 0 0
3.82534645727681 8.81257451521724 17.3294453853688 0.911712741297535 0.356976483880166 -0.203341002491121 0.313240655073028 -0.924277462629595 -0.218154639451666 0 0 0 0 0 0
10.0647123770554 -0.407087671156252 17.0534436196905 0.706682592230405 -0.33795308709146 -0.621600610657474 -0.69001920896362 -0.523445601187882 -0.499878092450332 0 0 0 0 0 0
12.9787910728833 14.4504286137058 7.98594016559978 0.53591197230264 0.807578027676048 0.246203260933823 -0.163185080390584 -0.187035037420363 0.968704500493301 0 0 0 0 0 0
15.4087855356243 9.81226007671826 4.63245012206868 0.575304143624697 -0.15919544407422 0.802297847888252 -0.377238793526094 0.818683165968108 0.432953493009607 0 0 0 0 0 0
16.1537950605014 8.68298226873327 8.74628622982157 0.0826467854998509 -0.0750443324782467 -0.99374933382191 0.870230827467208 -0.480511273285242 0.108660625281691 0 0 0 0 0 0
18.9398264213994 21.4425092062565 2.35935049694272 -0.676322117655899 0.732543215770225 -0.0772578472338781 0.26392818877511 0.338911616313031 0.903039712294654 0 0 0 0 0 0
9.69906265720608 1.99492039930664 6.31891124761296 -0.481588199257786 -0.848158534498031 -0.220680477705761 -0.710154266637149 0.230104635480624 0.665381590825899 0 0 0 0 0 0
12.4367512661303 13.4947665624943 -2.2071002817332 0.0483601212372415 0.00620229354032361 -0.998810648233211 0.84334959096294 0.535547754706543 0.0441586325956222 0 0 0 0 0 0
2.03074501399368 7.20852033044776 9.09959891465484 -0.170595595333489 -0.125253707045901 -0.977347703933969 0.571286754865938 -0.820732321574147 0.00546453369755531 0 0 0 0 0 0
9.31457884865912 18.39035008608 8.76512071916178 0.275787199270598 0.86205220869169 0.425214510085733 0.331528729250343 0.329918430258441 -0.883879191305949 0 0 0 0 0 0
21.3168978076238 19.0797282196868 5.89392929129356 0.572508256353243 -0.215622131654269 0.791038102167865 0.676077145601383 -0.421671298748506 -0.604245737257753 0 0 0 0 0 0
5.5090990226718 14.969992850648 9.0969506216673 0.934337891980977 -0.191038578932971 0.30086018365539 0.322058026455567 0.0910930261307063 -0.94232720960705 0 0 0 0 0 0
4.72890105111484 15.5754188883367 2.62539432763598 0.624771156215959 -0.541931575155061 0.562113054475517 -0.595871012421107 0.134300510989984 0.791770795271531 0 0 0 0 0 0
18.7405822238099 -3.36953645120282 10.6794316832172 -0.841337442578272 -0.365111576986646 -0.398553309794635 -0.446964093554761 0.0553360141442663 0.892838678467244 0 0 0 0 0 0
14.4867796310556 20.5629658541905 5.3715133787868 -0.00431635519430718 -0.584445826979779 -0.8114212012966 0.660525529550723 -0.610885561599301 0.436491444038285 0 0 0 0 0 0
11.8466385764042 5.56785948371721 14.593603800273 0.140550276265389 0.295690258539988 -0.944887708703941 -0.95382497305318 0.296313816638 -0.0491521526185056 0 0 0 0 0 0
11.1723626904403 8.53065016556079 8.44180691667849 0.389995511881069 -0.1394169937327 -0.910201233617564 -0.432482105513253 -0.900396177264767 -0.0473912419447497 0 0 0 0 0 0
9.74143521974108 10.2181026232938 18.5482196379308 0.989290626157472 -0.0784644051998816 0.123074268790208 0.0325745807630887 -0.703255152841855 -0.710190838040936 0 0 0 0 0 0
13.5383534082006 8.20380536602467 19.9060301941415 -0.519004474488321 0.512279066673031 -0.684254649516174 -0.663502219803327 0.26323307594089 0.700337804989622 0 0 0 0 0 0
1.28534408230459 -0.192381828713132 14.3273959056747 0.178062856246894 -0.950553935198645 0.254442182049606 0.982498995091442 0.157374634819416 -0.0996435281535882 0 0 0 0 0 0
19.1355966798068 17.7082144117241 20.1904819438025 0.471451835925927 -0.407017929836468 -0.782348689353448 -0.71319264996509 -0.697782105657887 -0.0667556431555931 0 0 0 0 0 0
17.4487591842822 9.57625485346178 0.20710361810302 -0.441204019204617 0.792421463562911 -0.421197332812696 0.829215388034972 0.539446063564001 0.146286363794347 0 0 0 0 0 0
5.52831960791263 10.8251935855403 11.0187335883598 -0.559902924897672 -0.737688742631261 -0.377258504673801 0.222576775414757 -0.57249521518326 0.789118956495075 0 0 0 0 0 0
15.8119101991327 16.7880534694401 15.1691100582221 0.553541745480486 0.83099746550493 -0.0550882151308181 0.0867025744036612 -0.123288455220835 -0.988575997586301 0 0 0 0 0 0
8.59969259284353 7.23856433193347 4.017235145694 0.461571407695361 0.887085040523645 0.0056516436680963 -0.859348372115342 0.448702413405928 -0.24532921623396 0 0 0 0 0 0
7.1255309424855 21.4613067070777 2.16667837622565 0.253502345430689 -0.954769455839038 0.155408611466845 -0.757520114606221 -0.0960275658415613 0.645710356472228 0 0 0 0 0 0
2.81919331027125 18.6124117627662 9.9342465933171 0.911789467683133 -0.152604117569394 0.381250355396344 -0.348703601907018 0.202642665714902 0.915063732061849 0 0 0 0 0 0
0.722893075226798 10.0986740610634 -5.01683456009833 -0.844059911752352 0.535798507090359 0.021971349199822 0.527909685536642 0.83743400079627 -0.141476579753086 0 0 0 0 0 0
-0.539568685833088 15.3344066476386 16.2873478505854 0.939401991142073 0.14151711227822 -0.312244598270128 0.203572022834214 0.502564493768721 0.840230487438839 0 0 0 0 0 0
22.0459150558503 4.0920748165045 3.09776506114348 0.274077306248436 -0.527542510665347 -0.804102259421833 0.466941090368366 0.803947906242589 -0.368284862590457 0 0 0 0 0 0
-0.79149662358928 3.38970016098338 13.7835498207791 -0.404197775907132 0.602434874733845 -0.688255987050764 -0.188794893510693 0.681309512720669 0.707229646003483 0 0 0 0 0 0
11.8393483720145 16.677471928004 14.149272631992 -0.574755958527597 -0.763217624473356 0.295219233893271 -0.811657610799639 0.485726219375017 -0.324471680672485 0 0 0 0 0 0
16.4985609593629 8.08401401810148 14.2844605114796 -0.128527595891569 -0.910105411970943 -0.393940066160245 0.844486166764437 -0.308702144262809 0.437659676486262 0 0 0 0 0 0
4.20142840640601 8.73753028053893 5.8021148644033 0.0174370949678298 -0.487335925416994 -0.873040407208919 -0.27006303660534 0.838422724723038 -0.473406015505398 0 0 0 0 0 0
6.3880913357655 5.3765021302218 -2.55232134291408 -0.438124964380742 -0.450499436400913 0.777879604034605 0.697802821135948 0.375070100127326 0.610240559423883 0 0 0 0 0 0
9.04536160512071 15.5144877597221 20.1864442331936 -0.264871980283031 -0.941239039096186 0.20955164457513 -0.783935902323413 0.083645542020334 -0.615181116398465 0 0 0 0 0 0
11.9273497942469 11.3786228683001 2.91956119111115 0.175604300003106 -0.914036986335072 0.365649419277052 -0.784949147834054 -0.354164345100482 -0.508352582089998 0 0 0 0 0 0
8.4574640195703 -0.756179614061958 12.7880647004755 0.54035493382174 0.368010310144209 -0.756693368583002 -0.227350868188669 -0.801984210123656 -0.552388329809549 0 0 0 0 0 0
6.52751454342624 -2.5370124412729 5.76395870192697 -0.356284207783418 -0.786283924533864 0.504796105169905 -0.786571740069463 0.543997519796099 0.292184038319164 0 0 0 0 0 0
14.9357277102988 -0.617011276615051 18.1873917021945 0.312980137129124 -0.948622045293348 -0.0464718948539273 0.129967865871586 0.0912476815074262 -0.98731053688471 0 0 0 0 0 0
7.92513519406181 10.852895171473 5.70148909843702 0.0924121737378658 0.465957235065183 0.879968040276703 -0.463241044777242 0.802404505508709 -0.376237559949803 0 0 0 0 0 0
7.93078224188381 3.54172337987404 13.0744943963608 0.0438650506866548 0.867243709358874 0.495947755671021 0.244241357365579 0.472052393933221 -0.847061157230489 0 0 0 0 0 0
