t = 10000
b = 20 20 20
E = -0.0480864364130026 -0.0480864364130026 0
1154.18232673839 173.410541411454 -416.60038898648 -0.492140896527001 0.81460043660891 0.306958077472991 0.86868972467876 0.482389457733984 0.112598555978714 0 0 0 0 0 0
1154.33899738574 173.864388593916 -416.823619254445 -0.0148391533952062 0.235679671565591 0.971717411049042 0.859764672316962 0.499153922619344 -0.107934935518137 0 0 0 0 0 0
1154.55591832954 174.368817137736 -416.865478571419 0.272814186822812 -0.325745588043631 0.905241460220381 0.80298953490632 0.595345856276284 -0.0277667836421363 0 0 0 0 0 0
1154.77955066316 174.790915000959 -416.623972418401 0.496727821724243 -0.702931011530088 0.509067122872071 0.730985562924498 0.655048180460395 0.191237697229733 0 0 0 0 0 0
1155.08703583477 175.131257337429 -416.277854840261 0.507709133599927 -0.861290883071913 -0.0202314680477221 0.810246642062265 0.46937542148885 0.350980013301088 0 0 0 0 0 0
1155.40399059685 175.30961912825 -415.959266679372 0.530460256772114 -0.59921173804067 -0.599630793431161 0.842909630651294 0.448006503611322 0.297982191747867 0 0 0 0 0 0
1155.89158862573 175.24708171032 -415.707378086952 0.269802795369577 -0.218571500652729 -0.937780794160887 0.946247820986332 0.24060217312092 0.216160873769447 0 0 0 0 0 0
1156.37728589761 175.047771523861 -415.723802557049 -0.12887721022146 0.716109712310536 -0.68598645862137 0.868199689657773 0.415747206774476 0.270893762233139 0 0 0 0 0 0
-2304.0489045829 4334.64299054893 -4737.83272692515 -0.704075743080489 0.0627810313350529 0.707344144870113 -0.459790921902785 0.718795948795086 -0.521463860060623 0 0 0 0 0 0
-2303.77503490169 4334.96782631606 -4736.79765254149 -0.356109118318574 0.301194245093822 0.884572316915017 -0.767155839062723 -0.63472444315164 -0.092718038347764 0 0 0 0 0 0
-2304.03160966904 4334.49347071253 -4736.57536604087 -0.370568334625003 0.691504372260617 0.620081171175031 -0.738797772878831 -0.624056627665294 0.254422918491274 0 0 0 0 0 0
-2304.26746337175 4334.18224125174 -4736.2132299592 -0.626377070481178 0.776595382181845 0.0674629478475174 -0.76391413767617 -0.628764472402238 0.145224934824784 0 0 0 0 0 0
-2304.71289533976 4333.96978248871 -4735.95807828353 -0.336023583726655 0.825115755581791 -0.454171788967549 -0.93776999994652 -0.337953391279068 0.0798423906599915 0 0 0 0 0 0
-2305.10940252962 4334.07094725853 -4735.72886905743 -0.242611384278733 0.150854256389246 -0.958322762973552 -0.920707763267665 -0.347059703455735 0.178456288680277 0 0 0 0 0 0
-2305.63301353922 4334.12254963072 -4735.6436949783 -0.0528160932022701 -0.257527374997776 -0.964826364616842 -0.989088418867156 -0.119572741488889 0.0860600924720689 0 0 0 0 0 0
-2306.15432920171 4334.23945515747 -4735.83697155038 0.229379857971576 -0.716706172870436 -0.658571906811008 -0.970981854548355 -0.215532138959163 -0.103633996294373 0 0 0 0 0 0
-1.47112937378287 11.836543687351 8.62155428176629 0.868412305784909 -0.0356790577843879 0.494557330285799 -0.313975803955578 -0.811536657688984 0.49277520946006 0 0 0 0 0 0
6.53743841909001 6.48232840793566 7.38323915522426 0.388657732913288 -0.667750649971711 -0.634865473981786 0.902621387967463 0.414273112903724 0.116843139115717 0 0 0 0 0 0
15.0250536398221 19.8888047139064 7.01908514856043 0.788357067353197 -0.60995527771673 0.0802970652125544 0.113032791030584 0.271900634939696 0.955663917114731 0 0 0 0 0 0
14.5442120204826 13.6242142938808 13.2353645995026 0.586440486416747 0.803564200363242 -0.101843456107203 -0.690129622839404 0.429870952160831 -0.582178641816377 0 0 0 0 0 0
14.1864696551464 6.8059397445335 3.99565959617266 -0.644397236829461 -0.211227612852284 0.734938761288832 0.569366119279009 0.509038603420233 0.645524464389536 0 0 0 0 0 0
5.24949790733269 5.48919623546808 14.543705592269 0.468871070901171 -0.867519202878256 0.166043132998181 0.764404300325502 0.492727936313948 0.415818657772971 0 0 0 0 0 0
7.29101284515128 -3.21319374215107 17.2549903045059 0.740709790752197 0.617649141940466 -0.264307528481405 0.273824061928339 0.081701103302489 0.958303289368586 0 0 0 0 0 0
13.8928695704549 20.0822617404339 3.0403865395534 0.217178045626588 -0.549255578482966 0.806939850767781 0.00590995292890927 -0.82591585042752 -0.563762399044798 0 0 0 0 0 0
25.1386995409492 3.32305236901776 12.9514496881251 -0.93367951945784 0.230130426271257 -0.274376436585259 0.281611515476752 -0.00146345141458431 -0.959527328142254 0 0 0 0 0 0
2.39323102188969 0.250402342032147 -2.93925141784533 -0.507753822794782 -0.844739436341664 0.169119206428717 0.0383931558291108 -0.218300262074589 -0.975126067560124 0 0 0 0 0 0
2.7401611047155 16.2786006150002 13.9893772061029 -0.133120678856534 -0.0899308027354035 -0.987011254918082 0.230386604711056 0.965786929830902 -0.119069771646728 0 0 0 0 0 0
18.7872271547907 16.7727283357085 12.7174524700813 -0.0220872490782951 0.728210479546709 -0.68499751453037 0.998306358448935 -0.0208188864867691 -0.0543219061545124 0 0 0 0 0 0
21.6988503000125 20.7481934308861 2.67911848041193 -0.961834870716794 -0.271443637205189 0.0345242359550526 0.134101041904262 -0.357629639485968 0.924184963932433 0 0 0 0 0 0
17.5826322794982 3.91491609943843 12.4647733509115 -0.911711882624891 -0.315745642579405 0.262842205416138 0.255223471744862 -0.936650490452754 -0.239889190210443 0 0 0 0 0 0
15.5411633153327 20.646927007398 12.0650169097484 -0.95648765640892 0.0454712797363087 0.288207576051909 0.241466428184775 -0.431119820838382 0.869384591011036 0 0 0 0 0 0
13.7123345013891 15.7902098390489 12.7408058340841 0.347398471390257 0.0238230450589537 0.937414873712909 0.47210807276529 0.859293202274239 -0.196797177236238 0 0 0 0 0 0
11.9175054783603 14.4611455893641 3.12536097516303 0.638580517150243 0.61738932680235 0.459396635268825 0.498373815438858 0.123087924372872 -0.858179926096682 0 0 0 0 0 0
21.5173008289701 13.1911115323682 6.38890383997806 -0.192632470530179 -0.634002517005401 0.748954917492536 0.977702368098912 -0.189041496008337 0.0914400199670207 0 0 0 0 0 0
21.4620512500978 4.47427196333825 16.672246818512 0.0618908554493276 -0.971884657169726 0.227177746623338 -0.156283389606463 -0.23424314301669 -0.959534022020325 0 0 0 0 0 0
0.0161355438699952 16.7258402826031 -0.456179228175848 -0.188108941492975 0.686063002059162 0.702803329699274 -0.29003321869607 -0.722468326380307 0.627630617834469 0 0 0 0 0 0
9.7499235167023 2.55106384327751 17.8471408044051 -0.530408252461464 0.823543570711042 0.201104536255625 -0.844164392170182 -0.491321271505038 -0.214452318071057 0 0 0 0 0 0
13.5531592083418 7.5352380391247 6.04249047727871 0.56283957247844 -0.379693894004019 -0.734196200266089 -0.492441545126137 -0.867437212590076 0.0710913309564122 0 0 0 0 0 0
17.5703615324492 7.67451670500346 22.8237105891106 -0.245280346127029 0.145057641112692 0.958538322581691 -0.833857100811953 0.472761103834106 -0.284919605435276 0 0 0 0 0 0
7.65953604259173 9.92209725288735 0.817961572683971 -0.313583780800201 0.654089966689107 0.688354167335512 0.351416817868402 0.75338913362492 -0.555797608764626 0 0 0 0 0 0
11.6053805763245 4.10346923852952 22.8548767034851 -0.0746501266747804 -0.825823919981514 0.558965270713192 0.946192692830508 0.118333198440458 0.301191840262948 0 0 0 0 0 0
10.5208357986156 16.9065198824162 3.04674225703241 0.723662324338809 -0.431506619992299 0.538623040931804 0.566617360211301 -0.0741054072068229 -0.820641844640679 0 0 0 0 0 0
4.03297123954537 14.7372634061255 24.9679451067736 -0.907030224983234 0.323988664337944 0.268937557160264 -0.0366080202131652 0.575611201489946 -0.816903616018126 0 0 0 0 0 0
15.8089606065046 8.63047767089072 8.30257327263679 -0.90068556771925 -0.236031773527648 0.364766222969751 0.433487525585941 -0.431731229875704 0.791009869294782 0 0 0 0 0 0
7.14680627682731 8.99003814630053 12.3701847735498 -0.462723049666345 -0.838418369206358 0.287996496633487 0.113434409183313 -0.378194815280062 -0.918749810530531 0 0 0 0 0 0
15.1461186133395 11.4463415919212 19.8285605322669 0.484511127006288 -0.849486082064787 0.208859596381432 0.703606619302655 0.236563744804741 -0.670056122559435 0 0 0 0 0 0
10.4902330836809 7.0278597251595 19.6386210399263 0.78472635371609 -0.332385728087779 -0.523186555167467 -0.0309528711441051 -0.864024496230981 0.502497322844372 0 0 0 0 0 0
21.7839385624565 19.9182486025597 12.7927358276762 0.39148275476682 0.516896866212054 0.761287590245423 -0.843776849192757 0.531723577186056 0.0728737313821843 0 0 0 0 0 0
15.5412503305071 7.49170570742395 10.6805412573013 0.553502499332101 0.407770808377083 -0.726194086784733 -0.202408132320688 0.911660788567956 0.357638832380778 0 0 0 0 0 0
6.91538975052239 4.68368997841448 9.08451393780842 0.786016857411026 -0.535344082511205 -0.309166828979493 -0.417875558369647 -0.828644818463213 0.372461736554739 0 0 0 0 0 0
10.8198915973022 20.1690953190372 10.2640587594097 -0.780023102840327 0.203548293966923 -0.59171947474144 0.504693499843477 -0.354382790353315 -0.787208488825553 0 0 0 0 0 0
8.80532460534693 19.6481007625534 12.7425966528565 -0.216361818413975 -0.56886301557807 0.793462256447952 0.850745403988168 0.288863262365206 0.439078767405692 0 0 0 0 0 0
3.81708247024597 20.8167504680916 1.05720177792759 0.672951613128762 -0.689898247178411 -0.266789191042403 -0.377695828970201 -0.0103761731535246 -0.925871522735609 0 0 0 0 0 0
28.7252162356269 16.1398153369167 19.3072809567114 -0.989673936801769 -0.117209096242134 0.0825070239542729 -0.0708655124270867 0.900451867746318 0.429143904148516 0 0 0 0 0 0
12.7167429510725 16.9989622659458 9.02337149034539 0.981926034060734 -0.187876910367337 -0.0228782687962044 0.179742876204432 0.887829110271607 0.423617686321511 0 0 0 0 0 0
17.1990481881269 5.1374368823032 18.807385656503 0.14437680031927 0.981339041120049 0.127000084628083 0.355610019351617 0.0683141284935944 -0.932134419132754 0 0 0 0 0 0
-3.39457287099391 0.861333346327781 5.87802192258989 -0.529584731041705 -0.316154711308588 0.787137919218109 0.516701773692368 0.615693112139706 0.594929571215966 0 0 0 0 0 0
17.965135091054 16.2678169523183 21.0864007303784 0.390209247696475 -0.64764300814591 0.654442669608193 0.0878963317234677 0.733745963795318 0.673714361175882 0 0 0 0 0 0
6.37527653498157 11.857157762469 4.42760752392119 -0.392802638984289 -0.0300747470669148 -0.919130827083056 0.0675137615681899 0.995824969316413 -0.0614371344673907 0 0 0 0 0 0
15.8617766019681 -2.85111635784459 7.09121798751243 -0.626232428347216 -0.534039286474379 -0.568009595849621 0.777937997523757 -0.476088228702982 -0.410063871012647 0 0 0 0 0 0
11.7115807234116 9.21669942439865 6.88977063170084 0.715799540457199 0.686803250529289 -0.126223016780791 0.352755981165331 -0.199639812834072 0.914170141946002 0 0 0 0 0 0
6.00285288532748 8.38099445024688 18.9612484264978 0.0271239945860722 0.949874769663032 -0.311451760669322 0.879427390532637 -0.170804022032277 -0.444334710671002 0 0 0 0 0 0
15.0790781634146 9.65749565654368 5.68166071259497 -0.185478054237375 0.911579527794534 0.366906848877392 0.676411245782514 -0.15240326011135 0.720583760881376 0 0 0 0 0 0
6.51330493766866 6.35368352965027 5.31347846719475 0.221331767611624 -0.0457817887654311 0.974123276338234 -0.905274555991198 0.361782165667497 0.222691578811285 0 0 0 0 0 0
8.14025816418708 7.30272138055966 13.3895980440922 -0.922073733121443 -0.386710643385949 0.0153234329505775 -0.127882616764033 0.341815574723899 0.931025264922827 0 0 0 0 0 0
4.5880442207854 4.41429889740825 19.1460835580971 0.61382152294007 -0.289824783024505 -0.734319156718946 0.0316245191359635 0.938452348414722 -0.343957941210527 0 0 0 0 0 0
15.9942372352792 13.4710074721222 5.63158791554586 0.881920795680372 -0.467758179249308 0.0584628323407856 -0.0878387015728569 -0.284913747048041 -0.954519989165586 0 0 0 0 0 0
25.9187430663201 16.8904765118084 9.94238239670446 -0.228239820118321 0.454660956620605 0.860923866825888 -0.944753912517195 -0.317097020085205 -0.0830025145029136 0 0 0 0 0 0
1.69258946270503 -6.35217903421781 0.174254840239128 -0.791709744618615 0.550573781905718 0.264696255887329 -0.572638500789236 -0.517917818389297 -0.635488940561524 0 0 0 0 0 0
2.75123921485287 9.41735541095356 11.267620833312 -0.394942285530625 0.404214348599839 0.825003788933163 0.868218859431478 0.457811461501707 0.191323243807729 0 0 0 0 0 0
10.5179973564169 9.99001621339185 3.53438303222153 0.134534654450354 -0.589734889939457 0.796312192918206 -0.420872817279216 -0.761537440415014 -0.492875997028117 0 0 0 0 0 0
16.2278345591585 14.9740101901406 15.407365720876 0.111209954802191 -0.605936010380971 0.78770160710506 -0.839153018439916 0.367372108536463 0.401073362855361 0 0 0 0 0 0
14.3497386410097 10.3647682849122 8.31103572076119 0.88806654673973 -0.459701740577313 -0.00346760070658562 -0.18885187290114 -0.357932300945596 -0.914450290669096 0 0 0 0 0 0
10.2181813159758 10.6577265017453 14.5758297765174 -0.841061484831774 -0.140038732271644 -0.522498435715207 0.0908457621549921 -0.988757104578977 0.11877050550381 0 0 0 0 0 0
14.9688372672268 8.76812966986549 12.3211001826796 -0.719384318344489 -0.691005947681444 -0.0706888994169171 -0.0173564929824101 -0.0838535006196398 0.996326866150915 0 0 0 0 0 0
-4.20049804127013 8.74583491108209 17.3246640900567 -0.896602072040803 -0.332650101631911 0.292315802306964 0.307050837286919 -0.942645667335961 -0.130915682375911 0 0 0 0 0 0
1.35657699839174 15.8135561867054 7.32654991655125 0.816320258244432 0.422814356909964 0.393508777122629 0.4197558373017 0.0337292912737815 -0.90701006217553 0 0 0 0 0 0
1.08566800847367 8.9611300306384 1.53661892060232 -0.692671997734492 0.67813669927925 0.245633988398516 0.416200967197661 0.0976717573600734 0.90401154010658 0 0 0 0 0 0
13.0436749892952 4.97681534152252 12.0462385672352 -0.180156235435011 -0.613343968534223 -0.76899468966485 0.13991161374147 0.757858868267019 -0.637239849183861 0 0 0 0 0 0
-0.752849900797085 14.2423201102419 3.02565417382869 0.902366020388293 0.273336621115249 -0.333200459938295 0.428238337994053 -0.481767984612668 0.7645334808454 0 0 0 0 0 0
10.8219829041051 6.39272546028831 6.81430656790972 0.301026885078957 0.871559519531283 0.386997144328031 0.358907795580425 0.272434204132547 -0.892728787666637 0 0 0 0 0 0
17.6470147301582 11.5348799720994 -1.4209056254702 0.558866837679499 -0.370763584641871 -0.741756104945232 0.828127720386636 0.202858306933422 0.522544612192766 0 0 0 0 0 0
6.23131649874049 1.93729458237412 14.3897335739895 0.526034026762344 -0.386186732870259 0.757725483676511 -0.821702068162566 -0.460533040330852 0.335730451426264 0 0 0 0 0 0
7.62628402875852 11.4034710753204 14.1023884216057 0.389073583065063 -0.327973363053225 -0.860845580636922 -0.892090207094035 0.0989430304256339 -0.440891393763638 0 0 0 0 0 0
-4.09357042308658 6.19128581346529 12.5360867672606 -0.759967875660827 0.0468999324277454 -0.648266230305712 -0.277767502523584 -0.925160056800687 0.258696862498996 0 0 0 0 0 0
2.86845045063623 23.7508334224988 10.0420436209164 0.295276882005558 0.945758085072594 0.135473963887336 -0.898709540505872 0.226824261353446 0.375328926661822 0 0 0 0 0 0
9.30976410762661 10.1772585277983 19.1649251364378 0.654915384262671 -0.741990512912183 -0.143303400607877 0.619143478414437 0.635561794707756 -0.461218480970464 0 0 0 0 0 0
12.5989237390402 20.3831018468801 12.9877584729802 -0.249376092467495 -0.92962311079061 0.271316089093325 -0.968326491802006 0.235764296729778 -0.0822124630386349 0 0 0 0 0 0
18.3702575276186 2.60958431687386 -0.89450011559198 0.259932832253429 -0.551014598018401 -0.7929802976569 -0.930845596090024 -0.36140069076852 -0.053999197332438 0 0 0 0 0 0
4.58425217081541 11.7964318553153 1.43258776298384 0.0529312501434535 0.699616221225385 -0.712555517062217 0.995621726905801 0.0180782544753414 0.0917084208668802 0 0 0 0 0 0
17.0998057104556 -2.24718261141824 13.6676685122426 -0.441691046148095 -0.883557718626336 0.155675147222566 0.693899509707149 -0.446426114662561 -0.564984158294855 0 0 0 0 0 0
3.28937037841223 12.6365104842435 18.4926578160851 -0.561349892971243 0.24707996839426 0.789833954035738 -0.71548166840351 0.334734779465916 -0.613219784206478 0 0 0 0 0 0
8.05409613021648 7.05545829201465 10.3235057085298 0.59458353947988 -0.421365963223935 -0.68477809659201 0.482052344584125 -0.494817066105917 0.723036318693374 0 0 0 0 0 0
16.230693552078 13.0927570158279 16.3686120562353 0.971057724001562 0.018773344025349 0.238105730808253 0.182582748871141 0.584352122450459 -0.790693403475136 0 0 0 0 0 0
-2.67717546365782 1.78191553657693 12.7449529714099 -0.945242319033771 -0.248616533194839 0.211439508817263 -0.0618135627767495 -0.499751714105948 -0.863960194840285 0 0 0 0 0 0
3.5856825121979 20.5433737111441 10.3822629694917 -0.584124734518199 0.448872543207579 -0.676248208343789 -0.626752947902795 -0.778835721978923 0.0244051954716008 0 0 0 0 0 0
12.0535770254095 1.73331046062009 17.9191348683868 -0.678713496733811 0.700182590231173 -0.221567752442165 0.376653958589873 0.0728753884410724 -0.92348300182622 0 0 0 0 0 0
6.81552392643478 5.53743909395191 3.32329435542119 -0.279546863549759 0.0543281983882508 0.958593698645018 0.523997981290238 -0.827968772778336 0.199734297055388 0 0 0 0 0 0
3.00636859799006 9.79662272159389 8.39800635311753 0.372883389892582 0.637494798938682 0.674209380019049 -0.794343362848075 0.594857522122701 -0.123138431234203 0 0 0 0 0 0
0.586184263228818 7.03428074029417 23.9215801691138 -0.968567078379417 0.106872295793314 0.224624151025002 0.246591185378355 0.531285066086042 0.810511493001074 0 0 0 0 0 0
8.47651107456893 5.5597879862201 17.5458564849486 -0.199030923168425 -0.934722582476636 -0.294415302549879 0.796344200428933 0.0208323208111626 -0.60448474728091 0 0 0 0 0 0
0.296460073543927 4.48164125290405 5.09599267843279 -0.767598489192723 -0.494007501839455 -0.408349185622234 0.629656593517313 -0.46225597242779 -0.624381210846733 0 0 0 0 0 0
7.00511351758778 7.68018828686615 17.0865033643132 0.346325161398826 -0.0435477783926796 0.937103171799098 0.555864512482964 -0.795151286954936 -0.242381993511527 0 0 0 0 0 0
22.4034932466417 17.036545929369 8.75492372161623 -0.314641760088412 -0.91354668048326 0.25774600998927 0.490222987564424 0.076129065870391 0.868265897795556 0 0 0 0 0 0
6.89198812744896 17.409348851585 4.99265297796282 0.306246650542932 0.440121925329442 0.844100458332996 -0.0100308892619698 -0.885163550857283 0.465171843179774 0 0 0 0 0 0
5.7695249553376 16.1142723412932 13.4631401062373 -0.158776988924406 0.656498855602985 0.737427320180695 0.130248031576029 0.754302184745369 -0.643477748625673 0 0 0 0 0 0
12.1234635310759 9.06524047175647 13.9777903890224 0.824357423568264 -0.524795674280216 0.212189189373242 -0.23755694765945 -0.66096698731225 -0.711821094919672 0 0 0 0 0 0
10.5922673918475 12.4781500244874 -4.47046049545904 0.106715075068868 0.299169295592998 -0.948213856040744 0.829806318138211 -0.552167395961274 -0.080824243587889 0 0 0 0 0 0
1.89646379469671 3.04443924672035 15.0208292821368 -0.822399444740776 -0.100443426632957 0.559973350553123 -0.454285678668107 0.708456711915688 -0.540105128768306 0 0 0 0 0 0
9.66437203569098 16.5545629172085 10.0366380604418 0.260366552082195 -0.734677429075567 -0.626464906357712 -0.827598343574686 -0.504004593016633 0.247103749471575 0 0 0 0 0 0
4.41854719487302 6.16627433537377 10.6426218726778 0.803251414910694 0.313586087546827 0.506409737914222 0.202094020049885 -0.943243514587464 0.2635330455578 0 0 0 0 0 0
20.1083569375199 17.3497318549568 21.9881968628177 -0.43614135892122 0.853330670861313 -0.285670174854607 -0.26582247987024 -0.425458881338087 -0.865056675516466 0 0 0 0 0 0
13.2640377623146 2.28248421647028 4.85779192930378 0.211942561398892 0.415622214508759 -0.884498969393214 0.402278986776484 0.787724683512057 0.466541953681764 0 0 0 0 0 0
15.3831803148436 5.81061834368866 17.7732593288797 0.436668197547438 -0.572588458672458 0.693875537917393 -0.400255214052481 0.567097467075621 0.719858420516544 0 0 0 0 0 0
12.2568944768445 20.9734677805502 6.60625281704237 -0.47871301030736 0.627524706694443 0.614041141931332 -0.871995553382108 -0.25836722007585 -0.415776410129854 0 0 0 0 0 0
13.512195027284 4.5706440709433 4.06745619409379 0.202880787645283 -0.792698669672535 0.574863601911102 0.585520279479544 0.568763509189935 0.577645213159504 0 0 0 0 0 0
8.84763207125805 5.28947885823205 8.39103217105398 -0.153194008533899 0.0893242201839678 0.984150730924743 -0.774193938060981 0.608072688934712 -0.175702237065928 0 0 0 0 0 0
11.096274959482 16.0246733477431 12.0666001171166 0.473597394229821 -0.880415701176897 -0.0239515029493184 0.364986499506492 0.220939753654721 -0.904417142165518 0 0 0 0 0 0
9.38793864942269 14.9675868548505 7.360022623856 -0.361451655785708 0.754484125572171 -0.547819635865232 -0.645960701294471 -0.626327639909519 -0.43640392691107 0 0 0 0 0 0
11.5082170755932 10.0964896649989 9.33740313213586 0.502085373049919 0.700631583216121 -0.506976924601221 0.449212286335072 0.289650553039827 0.845169077594182 0 0 0 0 0 0
11.8865604350632 12.2465298230822 13.8086257906324 0.92978999603923 -0.345263100610579 0.127608187916723 0.190658004541418 0.748280077576381 0.635394679191845 0 0 0 0 0 0
4.18048790551352 20.7571964680226 18.5476259855972 -0.747659552392987 -0.27781924410127 -0.60317621912193 -0.635644678175147 0.562339113853698 0.528895530918488 0 0 0 0 0 0
9.2847529617057 18.9083238126861 23.4145275618015 0.232758265794485 0.961307545774273 0.147347830303814 -0.837841710193268 0.121278119850162 0.532271330103475 0 0 0 0 0 0
-1.78279841870686 1.6570446140203 4.23557798431781 0.74470114162904 -0.400496788940792 0.533874921321578 0.442919697590977 -0.301808605219763 -0.844235511543152 0 0 0 0 0 0
24.7944887646602 -4.68832940289815 -0.0849341486776687 -0.893217906842238 -0.289162788384689 -0.344305886485219 -0.203316676661896 -0.423239521534509 0.882910266418551 0 0 0 0 0 0
27.4698293327059 20.7251009811421 19.1392934704621 -0.0513046300449706 -0.835192652202146 0.547559158984913 -0.424735961941362 -0.477976640146525 -0.768854734090555 0 0 0 0 0 0
9.62378843951998 10.0100933743963 11.5049155163692 0.630172491034101 0.218264140928084 0.74514648412144 0.404593590093138 -0.911399121483935 -0.0752040426145071 0 0 0 0 0 0
17.2071418147319 -1.4546927532209 5.83259797253942 -0.26665919738838 0.576163758711415 -0.772611232095225 0.244515366831098 0.81585327191089 0.524018734621326 0 0 0 0 0 0
15.2323442126015 9.14479683017769 22.4414782407581 0.0682140563178666 0.85549650531634 -0.51329576264481 -0.778772165324768 0.36724010891329 0.508574983447517 0 0 0 0 0 0
9.13458392157891 12.147900481166 6.07832527082822 0.935319365290248 -0.291216040900875 -0.200924844993192 0.349375841797957 0.670651976119933 0.654341182031488 0 0 0 0 0 0
17.5369239292208 7.38438024937658 13.0872851605436 0.465422992200983 0.65773078040806 0.592259732884394 -0.575932198855783 -0.283050203137618 0.766931923423676 0 0 0 0 0 0
19.6697144541098 10.1189323811704 0.201998362734029 -0.2518837612985 0.790882768339086 0.557726611247852 -0.244046620623149 -0.609592685327343 0.754213451250434 0 0 0 0 0 0
17.6024143091317 12.6202114532923 10.9681753150458 0.0568491961263879 -0.531753195615302 -0.844989125581623 -0.855758833083786 0.409984607838842 -0.315577790350635 0 0 0 0 0 0
8.34940408915582 5.36658470044652 5.41860955928153 0.567590729836657 0.775105545591491 0.277582616543433 0.801908243214203 -0.596842370944657 0.0268752109912179 0 0 0 0 0 0
4.73776772481042 8.82013669009612 16.9472750082699 0.0665330667107947 -0.50914283495151 -0.858106541371478 -0.691261880544914 0.59666237289695 -0.407616177922832 0 0 0 0 0 0
3.83969267567047 11.7491776102074 16.5857908971991 -0.620893828999445 -0.666539214229891 -0.412572736322435 -0.736605728417432 0.676128054002594 0.0162108217075442 0 0 0 0 0 0
13.8241981045619 17.4364738483256 20.9916842205022 -0.191836819505787 0.53774717921738 -0.820991182162358 -0.824035512474758 0.36611226178473 0.432350763524995 0 0 0 0 0 0
14.4428493134761 18.1481919205471 12.0903915870881 0.826331290997632 -0.531853914209707 0.185223988644275 0.509681413131941 0.566314366629527 -0.647698088834139 0 0 0 0 0 0
14.6177382037341 14.639579543679 -1.94712865501318 -0.161540817251849 -0.53553397199777 0.828919684998157 -0.685461202825834 0.665159627891077 0.296151215391267 0 0 0 0 0 0
14.0969995480555 3.69791517003936 8.45921945058662 -0.411708714276047 -0.267417884182298 0.871196590399826 0.640979126820581 -0.764518783429731 0.0682403050306457 0 0 0 0 0 0
2.59852820407096 5.51479906415922 15.3028550725145 -0.636201700618554 -0.728910428415863 -0.252857524318558 -0.245147167546871 0.501738329903525 -0.829554956196384 0 0 0 0 0 0
20.0731702551911 15.5942978512916 4.46999884487669 0.443828971440751 -0.713533548971349 -0.542112220933962 0.25958838873229 0.681395945592713 -0.684334253055354 0 0 0 0 0 0
-5.99797036371225 22.6710937543614 18.9099333816295 0.404034640211185 -0.535145853878692 -0.741872522415988 0.849060500402391 0.521171491258122 0.086466505229156 0 0 0 0 0 0
7.47343421271597 8.98473438202125 5.21401544934464 0.113306940838751 -0.344352371111229 -0.931977937825901 -0.214787629300851 0.90734853037221 -0.361365324379922 0 0 0 0 0 0
2.86804331793463 6.47674732867441 -0.209770402353753 0.236722995645603 -0.304628153225523 -0.922585390870742 -0.960007330659265 -0.219445442248376 -0.173866355251054 0 0 0 0 0 0
-6.95320784426697 6.8792969579371 12.8709654780178 -0.867824043276434 0.458694133728238 0.191000071903203 -0.208756005657357 -0.685425490107943 0.69757635023592 0 0 0 0 0 0
11.9881825781917 10.4850608955011 12.2111845841286 -0.257361162186748 -0.669747904862684 -0.696565079797597 0.637063951017738 0.424410308485632 -0.643447989062035 0 0 0 0 0 0
-0.896405950794407 2.80790370041876 14.2620007361424 -0.0992793551071943 -0.981919068121482 0.161178624628378 0.0639070707475928 -0.167936418857834 -0.983724112585632 0 0 0 0 0 0
-2.31115667213882 3.83427672647601 16.4158283589092 0.278361507377117 0.872022353806742 0.402606330194003 -0.65539218741478 -0.133971495381115 0.74331191436122 0 0 0 0 0 0
0.630894183035817 16.6520439194699 13.688615324312 0.446712236785189 -0.89467758647528 0.000412282289202998 0.852618680358257 0.425572570094303 -0.303198410069099 0 0 0 0 0 0
5.75686036192718 10.4550329334745 13.0283502434507 0.567566662487389 0.0309525113692933 0.822745347344958 0.737045668687796 0.426240993242531 -0.524482793232544 0 0 0 0 0 0
10.3923594411314 0.163939460840555 16.5122895747113 -0.724162574917043 -0.681719701454775 -0.104147731277148 0.668087292141902 -0.656044646609965 -0.351090762952614 0 0 0 0 0 0
12.5187656940619 11.1170406137192 17.4661734340627 -0.409302721989042 -0.586190144212433 0.699179746813246 0.349715085804913 0.606991837920757 0.713624685790869 0 0 0 0 0 0
19.2464218072191 18.6307875832368 8.79155746544887 -0.720488447029996 -0.266130463459522 0.640367756331377 0.367637619117411 0.636397442491697 0.678115628245203 0 0 0 0 0 0
2.52393654418749 5.80373647502097 6.333728214191 -0.853888880334792 -0.492420134982872 0.16851142513294 0.000139962858703342 -0.32399422627223 -0.946058991319807 0 0 0 0 0 0
16.7140211787581 15.7100235374091 17.3560993229228 -0.541748513821224 0.517133709961992 0.66263201436693 -0.700656717888539 0.157643738984515 -0.695865287961614 0 0 0 0 0 0
9.09563129618093 16.7823935334598 4.85270896870929 -0.0587889993180986 -0.996208224988292 -0.0641328708427433 0.272899488389087 -0.0778349126379418 0.958888667742261 0 0 0 0 0 0
4.38094841235623 17.8799123683647 8.50253224713562 -0.723255783328189 -0.67110709024601 -0.1628382012447 -0.392341076568766 0.593366250222018 -0.702840590387798 0 0 0 0 0 0
4.78031361180526 8.36192360670573 12.255966245956 -0.146418626335767 -0.00178245117869569 0.98922105189934 -0.340641872295541 0.938929543203905 -0.0487279552430842 0 0 0 0 0 0
6.85703285355055 17.3309732392721 15.3086848580827 -0.376696595106618 0.80741325878228 0.454074292691001 0.513464647328947 -0.225993370226544 0.82781697218413 0 0 0 0 0 0
5.07285205261242 17.7028150398592 18.5976412242197 -0.495877356253032 -0.534111532657368 0.684711934346158 -0.702930326233736 0.709855592789446 0.0446534960125255 0 0 0 0 0 0
15.348630246723 5.18107159812715 10.0693333831087 0.875877276216457 -0.417116658003983 0.242595532017221 -0.409179302693797 -0.375562327677074 0.831579902283375 0 0 0 0 0 0
10.0286327579145 14.4496433369904 1.23183663941281 0.413528632708043 -0.168755381632444 -0.894715359925326 0.888127307638953 0.29122187610715 0.355555333532611 0 0 0 0 0 0
16.8682135197807 8.80901256257504 14.7531988000365 -0.969406411610994 -0.201510818864891 0.140158783667989 -0.00339286887099063 0.581948108850417 0.813218794795589 0 0 0 0 0 0
-0.152341265126142 6.17212609337144 1.80431188718831 0.419843214236451 -0.67525672137061 0.606432165085413 -0.0640602454082999 -0.688554726059629 -0.722349369410618 0 0 0 0 0 0
2.58803042674554 10.2467322238957 23.4308606765826 -0.406493964019358 0.0804177374970762 -0.910107425677494 0.613540079351627 -0.714080839361506 -0.337130638570365 0 0 0 0 0 0
18.4342112128038 12.4272337579743 4.6373944030018 0.967697998445653 0.189595867819042 -0.166174233219534 -0.248226589603372 0.831795671017349 -0.496487145010219 0 0 0 0 0 0
16.3075343067058 13.8994834192771 8.51879096871048 0.210308995466724 -0.709361614201319 0.672737814828021 0.374270656836556 0.694124186709441 0.614908958369323 0 0 0 0 0 0
2.15650123893284 5.3442189340334 8.63379038087038 0.117739018634894 -0.941077706608367 0.317033531320159 -0.980749862420525 -0.160277666281507 -0.111537710692656 0 0 0 0 0 0
13.7857402554043 4.18409877874913 15.2185741439997 -0.252823753240534 -0.95707138388783 0.141755091355143 0.831556745300849 -0.289845993072878 -0.473817022119114 0 0 0 0 0 0
-2.32102632134114 -0.0845635804395505 17.5223593818248 -0.99533829656701 -0.0897941032273098 -0.0351934108119692 -0.0595998606412594 0.285783544088887 0.956438975087449 0 0 0 0 0 0
16.0013908117279 17.8128929978847 19.1583380704949 -0.00133604064098674 0.812238756463541 0.583323561096951 0.521694357610474 -0.497086426854705 0.693354160383383 0 0 0 0 0 0
19.9512322435325 13.5269027001878 -6.98111277781443 0.0392854149125267 0.97080831683536 0.236617542207276 -0.583731804821027 -0.169895273151662 0.793972707611994 0 0 0 0 0 0
0.0170146899441641 11.9488994080713 15.5420110283815 -0.664489426737542 -0.424012159166753 0.615359563877632 0.586767458091794 0.213891174879218 0.780995775710564 0 0 0 0 0 0
15.1823788081396 3.10689884736085 10.358264259092 0.485338091780353 -0.199858021780975 0.851177768359297 -0.41397304756184 -0.910014148477628 0.0223728624426445 0 0 0 0 0 0
0.311157747263174 10.6478318882249 18.2557005174516 0.11472322524662 -0.876578827326255 0.467384331639765 0.962096451049926 0.215217702889315 0.167486254816649 0 0 0 0 0 0
3.92321959953395 21.5579639906462 15.5189824166584 -0.679311476913277 -0.724287016687504 -0.118085469549542 0.719088886211161 -0.689085013146869 0.0898496287126733 0 0 0 0 0 0
4.85019401283868 16.1267826505017 15.3063557830164 -0.185298535406898 -0.553640909296068 -0.811878139661628 0.00656029374079725 -0.826864381636619 0.562363067085131 0 0 0 0 0 0
2.83562063536441 8.96280978177536 17.7467232818802 -0.504592624968488 -0.862391208675837 -0.0408369376288789 -0.47235067286341 0.315351323524354 -0.82306638689875 0 0 0 0 0 0
12.4079029859183 18.6106252675643 15.71434280123 0.486174265389709 -0.14649076686067 0.861495747085406 -0.0796189932100574 -0.989174121634915 -0.123269503288128 0 0 0 0 0 0
6.93947927049652 3.07185835737883 4.60064649634959 0.0323677453344841 0.986561702254873 -0.16015097103518 0.264183882930224 0.146091110326398 0.953343666690274 0 0 0 0 0 0
13.8932073156435 10.7137994136969 10.7950616829392 -0.472441696229208 0.718721767971788 0.510135086302791 0.0301527697800856 0.591644775587876 -0.805634652006295 0 0 0 0 0 0
10.8894621401494 7.38455755942142 13.1844819649189 -0.412456380556947 -0.00262319039097094 -0.91097350883632 -0.733914989037081 0.593366902480983 0.330581957567634 0 0 0 0 0 0
9.79945246511473 0.416589459195367 19.8343189179989 -0.961338338766897 0.274827354694596 0.017274643935254 0.0722479244214783 0.312261592984141 -0.947244861362829 0 0 0 0 0 0
22.6973000800248 10.2987129169634 5.5619458541829 -0.733906374771412 -0.635044900227713 0.241038039799376 -0.639875306549487 0.527304918537094 -0.559025070002855 0 0 0 0 0 0
9.57437332381493 12.6707198719785 12.8582435475577 0.583461308621593 -0.487054389048197 0.649885245655152 0.81142235674006 0.383254900674934 -0.441258811120788 0 0 0 0 0 0
4.51863889316506 10.7213369440145 11.2824316150857 -0.459748032233814 -0.855453657002792 -0.23839202085195 -0.690092196608617 0.175194243225606 0.7021962843608 0 0 0 0 0 0
13.6211457555102 2.20561519808958 2.00979817823499 -0.4532052167233 -0.864557626096489 0.217129253183595 -0.89011998306342 0.425840699474706 -0.162314561362314 0 0 0 0 0 0
17.4245289916161 8.84712433143812 10.6053134017172 0.46300852987615 0.208336411052027 0.861521286479204 0.832089399566588 -0.437037235847736 -0.341504888942101 0 0 0 0 0 0
12.9308404364222 -1.25510169593346 4.33477493281041 0.254400859632732 0.153164926771551 -0.954892973799944 0.027339030980014 0.985845332368047 0.165413284479694 0 0 0 0 0 0
17.5181676229305 -4.59888076674155 5.95074726600029 -0.590760632266943 0.609740558058582 0.528411063787208 0.781849037992848 0.594366920825395 0.188255061345516 0 0 0 0 0 0
12.6611720023926 8.60594469530226 23.8716196596916 0.343995872301322 0.904881353611137 0.250712094098054 0.18122190499154 -0.325968171797507 0.927848729903505 0 0 0 0 0 0
6.18508014184846 12.2897771397304 9.04607498473994 -0.562095668244273 0.693557526936035 -0.450584459013395 0.712235845475519 0.682853895070358 0.162574889770081 0 0 0 0 0 0
5.27658960053648 21.8777436179971 3.00278858894588 -0.0561198074624232 0.287411502583577 -0.956161642208613 -0.779285754916112 -0.61128374976604 -0.1380065751774 0 0 0 0 0 0
-1.97413012855901 18.0748760538982 22.1012805623116 0.345575594526795 -0.545549115167391 -0.76351397346596 -0.566513723512226 -0.769928477914886 0.293721452101732 0 0 0 0 0 0
3.51885864040167 14.0306590540779 15.2366006952496 0.600580785053564 -0.0548972741611666 0.797677184745864 -0.561357027530682 -0.739369153075186 0.371768058177748 0 0 0 0 0 0
11.7527797787439 4.69052893460417 8.12013156727473 -0.847049466195791 0.531257950922648 0.0164956307745323 -0.0912697515033937 -0.17595656468681 0.98015764256861 0 0 0 0 0 0
12.6104558942241 7.95806865436059 8.90806120632213 0.839947705033904 0.147672060539387 -0.522188374760137 0.54256455724117 -0.247244040694179 0.802803820148388 0 0 0 0 0 0
18.2912050191702 9.13160603116502 24.1269001351792 0.277977730415457 -0.903798911795552 0.325385750452228 -0.855209851833995 -0.387105006726457 -0.344624029556325 0 0 0 0 0 0
8.66392243240998 9.1586100921945 9.62311526340106 -0.502568664277211 0.832940646351281 -0.231591409252288 -0.532079404539364 -0.086865717191821 0.842226653658038 0 0 0 0 0 0
15.4309875883896 11.4797686573562 14.8343392251391 0.9777697233469 0.0439010166865812 0.20503402122691 0.149055097480962 -0.833265561365054 -0.532401207473645 0 0 0 0 0 0
0.876195635854633 9.96158802700908 15.437987225761 -0.44035879944308 -0.803175495821881 -0.401239589716518 0.440220364261107 0.196339719923912 -0.876160162673563 0 0 0 0 0 0
3.88942776732905 15.9327940312144 17.4324441108211 -0.531304484132418 0.361628867904443 0.766120097255835 0.696282808618612 -0.328753626537199 0.638052660158658 0 0 0 0 0 0
0.912631552037938 6.96107008968544 -2.4747147465717 0.738558907018597 0.584542588815717 -0.335917585498967 -0.653754849419235 0.499204086432815 -0.568682501443322 0 0 0 0 0 0
2.80544375948784 -1.13603945052049 0.203714849247942 -0.40905691980949 0.613553910536765 -0.675443529014728 0.52671797660038 0.763202961694126 0.374285135444747 0 0 0 0 0 0
7.0180529574651 7.86564748608067 3.4884311555548 -0.112096226168481 -0.580540850683455 0.806477946216798 -0.389276700441254 -0.7210702670304 -0.573167744443933 0 0 0 0 0 0
16.1553763116404 20.6364283788713 23.1925170460688 -0.352757800399408 -0.381467227322535 -0.85442646662773 0.137333658068959 -0.924345685524559 0.355983851682123 0 0 0 0 0 0
17.3925452320253 9.46009210269423 -0.935869050507431 -0.284679403681603 0.68642017642252 0.669167329954503 0.354185377393243 0.723972640839191 -0.59195969206507 0 0 0 0 0 0
14.0515583670084 16.5566291936797 10.8215535324773 -0.55440237521845 -0.783806590209897 0.279794906177611 0.192031649474268 0.206643615269899 0.959386339150978 0 0 0 0 0 0
-2.88292700939064 2.32751501070923 10.0978993588455 -0.895178494736484 -0.290347932343388 0.338161842296751 -0.0584493457349966 -0.675682597102022 -0.734871850850184 0 0 0 0 0 0
15.1675606597061 11.6155794832131 1.97125038633959 -0.101683761176144 -0.751794962649803 -0.651509550977382 0.116699163809587 0.641368123567788 -0.758306115671703 0 0 0 0 0 0
10.4933098870981 7.40069210384123 16.3318160207076 -0.115138104026651 -0.659757886453608 -0.742605333231314 -0.812713499277254 -0.367289688301151 0.452321732655431 0 0 0 0 0 0
14.1198518381764 21.400419676298 14.2622812205245 0.711354969358587 0.629040059466218 -0.313500620599682 0.700554550096184 -0.598717488926969 0.388279041818276 0 0 0 0 0 0
12.1056303278024 -0.48628000551129 17.8839417143929 0.108348547189317 0.704037512605103 0.701848782178764 -0.585243315744905 0.615869192396952 -0.527442248249433 0 0 0 0 0 0
8.07400566168466 -0.477142473615815 5.44389716485012 0.703750358619021 0.687981860991462 0.17724652014937 -0.143276572168764 0.381797809922379 -0.913072918431965 0 0 0 0 0 0
10.3402304474751 7.91805774201421 4.85641170906402 0.614927646245219 -0.735102866802577 -0.285460523208589 0.588587927151785 0.18693664803834 0.78652325241399 0 0 0 0 0 0
20.4885069236239 21.4292672910841 10.192029450427 -0.105833690909306 -0.54238968877798 0.83343420330361 -0.660564872411904 -0.588137436888235 -0.466635110864861 0 0 0 0 0 0
17.8819984647381 17.6876887983591 16.957407720871 -0.692116517764271 0.256684701854471 0.674601792405561 0.102355529078423 -0.890279725386937 0.443762697291917 0 0 0 0 0 0
-0.767987451952673 14.3241371659438 9.16324292283581 0.84450590830724 -0.29102420775356 -0.449571542941426 0.435626289884533 -0.114996437657319 0.892751610054403 0 0 0 0 0 0
15.2064307124739 11.6176703593004 17.4773679485514 0.944639706627774 0.327355973100478 -0.0222212759096837 0.327370123130345 -0.944891093579017 -0.00310015801788419 0 0 0 0 0 0
24.2818058310483 5.18730438531022 12.6240571773562 0.190288992325026 0.969125935921144 0.156796085657677 -0.92588726333879 0.230259088412493 -0.299521977326472 0 0 0 0 0 0
9.4707092270942 2.22910227830691 21.4912399730007 -0.114919294696619 -0.555231841964177 -0.823717836954101 -0.360494865209123 -0.749373004953607 0.55541290886918 0 0 0 0 0 0
18.0772005025078 25.0476185788382 5.54557704967086 -0.429616371431152 0.855723361023739 0.288387362552109 -0.884391496363882 -0.334204532749994 -0.325820357795706 0 0 0 0 0 0
5.35336835246184 10.9132520623179 -2.23508058661269 -0.283946102112872 0.916095704149354 -0.283095836721212 -0.958257594110719 -0.281413798006496 0.050483144236938 0 0 0 0 0 0
10.7312206898969 13.4835627590815 10.5292585574088 -0.149982509126114 0.205227488817836 0.96715397460868 -0.611528019559561 0.749394511386762 -0.253852900977455 0 0 0 0 0 0
8.28531442770119 -0.950593117695304 15.2431423715416 -0.179431257259579 -0.295673970347595 -0.938286320048147 -0.983674962573682 0.0672117649951928 0.166931207331415 0 0 0 0 0 0
12.5378875520536 18.560820808243 7.69060615058063 0.324836854172946 -0.296646044818788 -0.898043447470888 -0.466301916747166 -0.876337903227192 0.120807177538907 0 0 0 0 0 0
-2.36609575737229 0.507549385336236 11.0681350060747 0.778570163250815 -0.623097183217015 -0.0746882068090191 -0.624196627133664 -0.75659594749483 -0.194784732307041 0 0 0 0 0 0
1.84713978867898 15.7433232655889 0.494114879901608 -0.790092733235821 0.0187567163763309 0.612700203453021 -0.500940772399429 -0.595823622059891 -0.627735993116529 0 0 0 0 0 0
16.5719606634112 5.74290826603053 7.3039117417115 0.0138496840472022 -0.937201266380441 0.348513928049439 0.199171510085137 -0.33897702368336 -0.919470054691119 0 0 0 0 0 0
5.39547289265689 21.4872441495967 7.73051469473099 -0.896468888863094 0.00512513457715874 0.443076906518489 0.0443218096702721 0.995955499615549 0.0781550958719767 0 0 0 0 0 0
4.37702063550119 -3.08456536703717 5.85415199168259 0.0128731788730116 0.530769047428955 -0.84741867688346 -0.0735695899123883 0.845694710203785 0.528571602171932 0 0 0 0 0 0
7.48302639647205 11.4413758293405 11.9662652061538 -0.369228085927539 0.0854786636186265 0.925399319369743 0.917579992030354 -0.124370123031988 0.3775962305919 0 0 0 0 0 0
16.2820103450953 5.26309231961648 3.02106160745225 0.0640621350455423 -0.736138045424322 -0.673792821512965 0.989253268357811 -0.0420776336444497 0.140026157527963 0 0 0 0 0 0
11.6804010367787 4.90868947592117 17.2892801589542 -0.987163954012762 0.0423442737239914 -0.153994062824328 0.000995090371578094 0.965823969389802 0.259196955881655 0 0 0 0 0 0
17.9500067161804 12.1871730262239 15.6730364155334 -0.572937623610057 -0.0524609678408743 -0.817918215608416 0.218785428090926 -0.971525840640247 -0.0909421284730166 0 0 0 0 0 0
14.8660496797951 -1.62719371249307 9.04293785038562 -0.496995831734828 0.548684725060378 -0.672264927244375 -0.116735158503549 -0.809952369462978 -0.574760838058045 0 0 0 0 0 0
-0.581186038007605 2.5500458794729 11.8926736850663 0.619752627542173 -0.278725824358888 0.733633754363767 -0.757192230471066 0.0333858102238012 0.652338251763252 0 0 0 0 0 0
7.95758015002225 17.3352675059031 11.6955158599552 0.317970707489427 -0.389072189714547 -0.864590862319095 -0.825767937469996 0.334408094512914 -0.454178856721148 0 0 0 0 0 0
2.85527800927773 18.1135483709922 15.9115455080262 -0.988735902603926 -0.123793862165891 0.0841206110869789 -0.0708322458641484 0.882140015529036 0.465630496750584 0 0 0 0 0 0
5.85341722729033 3.14908246673567 20.6657936993655 -0.837980716189438 0.545447396987875 -0.016594356594868 0.314714304363764 0.507896947653467 0.801870007379624 0 0 0 0 0 0
12.6439162790601 2.47600587864619 15.5204515774085 0.897190795736979 -0.068313121832491 0.436327714885704 -0.0280233226253783 0.977168080834668 0.210611561424154 0 0 0 0 0 0
8.05118404626787 12.999877278023 16.7083621026908 0.0858439545157088 -0.111353798228333 0.990066174233873 -0.404617765882694 0.904199106455802 0.136778717898617 0 0 0 0 0 0
5.96068897430614 7.78113890918181 10.3661864324507 -0.283111819131781 -0.958548387747612 0.0321352849115628 0.642500078727647 -0.164676007990112 0.748381817824871 0 0 0 0 0 0
6.48976078543247 8.6324703829122 7.7098383591273 -0.185856254952389 0.881000786795967 0.435080497697189 0.981000021275797 0.191451467024141 0.0313875642787817 0 0 0 0 0 0
9.99310622600526 4.68723105540091 19.003466711685 0.273425155205417 0.960919755399341 -0.043265448671887 -0.373643342524771 0.0646560485789126 -0.925316232029967 0 0 0 0 0 0
5.26932870157126 20.4977596157603 13.2165539125529 0.774098324365111 0.126877668509944 0.620220706005815 -0.397649936035192 -0.664866923330359 0.632318302850213 0 0 0 0 0 0
3.80693077231386 19.213185442419 3.94806224838329 0.813445566184701 -0.298142233211321 0.499417071211337 -0.286032979813835 -0.952684504048126 -0.102846289147308 0 0 0 0 0 0
9.74323003906146 14.4725238755962 15.6268707954386 0.231758661440336 -0.972744653175526 -0.00746700449839293 0.769351559263316 0.187986450590379 -0.610540054097167 0 0 0 0 0 0
12.3871562393559 6.61847047276372 2.63008895055453 -0.986848516859355 -0.100928512652901 0.126266868620403 -0.160194445158374 0.506128322299685 -0.84745015926281 0 0 0 0 0 0
4.30510284260741 4.62456072377796 1.67631053752252 -0.117395062902044 0.221962164371081 0.967962335764025 0.658510477182031 0.746997157986427 -0.0914283583564343 0 0 0 0 0 0
16.0989108666688 19.7617830636855 0.173366930485304 0.640810892652233 -0.184744079568968 -0.745138181669568 -0.083196397082569 0.948184581578652 -0.306633896911772 0 0 0 0 0 0
23.5080632235186 12.7301586626814 5.44553995109715 0.421385158547643 0.720442895059243 0.550814420453295 0.286483988769476 -0.682019228101876 0.672886790566587 0 0 0 0 0 0
-2.84206448310988 11.9467965118152 13.6211026658036 -0.627514497416808 -0.45019341997623 -0.635256912668555 -0.739925771405746 0.598767357633073 0.306573690607367 0 0 0 0 0 0
-0.1370011510072 18.688376856852 15.8854850604975 0.711150999850296 0.623750983035699 -0.324343789434643 0.694931764899517 -0.553810372761717 0.45865436933281 0 0 0 0 0 0
16.4136779612299 3.45014584536295 6.80502215518556 0.387054505912407 0.878276978177099 0.280746027224327 0.100845385855699 0.262329284810717 -0.959694453186326 0 0 0 0 0 0
21.4316072807198 20.2967778875452 4.96513900393445 -0.644949397979367 0.523990177565952 0.556304306456408 -0.170311794596566 -0.80817469116687 0.563779673126345 0 0 0 0 0 0
20.9038271825344 7.67451977407297 6.30263946052032 -0.204837139173851 -0.964670247760397 0.165689623170769 -0.977724557846887 0.193741550272957 -0.080738998917956 0 0 0 0 0 0
8.40025532650199 3.94454181385253 2.43339790880784 0.0440931051970164 0.84408029491285 0.534400804207717 0.596280469164663 0.406955404384932 -0.691980347602408 0 0 0 0 0 0
14.3434973769323 6.26579804501417 14.5473119105202 -0.102552052420929 -0.424278563681998 -0.899705884827951 0.260592664199894 -0.884344909060571 0.387331278370444 0 0 0 0 0 0
5.62884178263558 -0.345680295986319 15.4711898526072 -0.598772081677018 0.736634255337472 -0.314391338215332 -0.765418701459773 -0.410729461431942 0.495414394087037 0 0 0 0 0 0
8.18497315633227 10.6299781936282 2.72672850029868 0.0102577536855448 0.963262832182141 -0.268364464912627 -0.825114887968187 0.159761219516555 0.541905580544437 0 0 0 0 0 0
13.9757743602729 5.97301452962193 8.66323421677589 0.794614028797043 0.504206652378696 0.338177627930384 0.0928153433773572 0.449587470344276 -0.888400992474421 0 0 0 0 0 0
17.9803896967432 7.39752228720695 -0.44360439257535 0.849366207360176 -0.324802284094916 0.416029344407571 0.522564618994411 0.406712424604342 -0.749340458775185 0 0 0 0 0 0
1.04517260913766 1.18123782889845 7.76450801063268 0.0614834660138086 0.110730913876745 0.991946737668577 0.649975779405196 -0.758656666735948 0.0444015495959385 0 0 0 0 0 0
11.3693582879494 17.9227872296762 1.19887269008527 -0.768869173580985 -0.639125741985973 -0.0189317018068382 0.0289346529200105 -0.00519998624087207 -0.999567719965702 0 0 0 0 0 0
1.89280732420211 11.9618131986198 13.2391530813717 -0.888532413494578 0.171718852935754 0.425467589860636 -0.447693848732153 -0.121566622946909 -0.885884674517579 0 0 0 0 0 0
8.80891926929153 22.0070772107932 8.61156176845557 0.705700828118541 0.573973763381262 0.415379802357406 -0.669635976614512 0.348803651663872 0.655685569998055 0 0 0 0 0 0
13.9623608788264 7.92909507621287 18.3322432065212 -0.993199608402309 -0.0881933809016237 0.0760022838641675 -0.0644786107071793 -0.126864515261756 -0.989822098277264 0 0 0 0 0 0
-2.21752462695673 8.35213798378703 7.62332991059559 -0.182162027294011 -0.265073277235575 0.946864849212674 -0.691646264325189 -0.649920408161905 -0.315006093979111 0 0 0 0 0 0
9.83249670322811 16.7482759614469 17.3016615297635 0.807231692832955 -0.558484890553258 0.19097523159428 -0.0221146344810746 0.29471294094434 0.955329846977703 0 0 0 0 0 0
9.2015120127978 4.824440687244 12.3020150254743 0.628207175299024 0.506673208645214 -0.590455684990699 -0.650879202907078 0.758016621365705 -0.0420358685344628 0 0 0 0 0 0
8.3327588045136 1.54729111364951 6.30570556656592 -0.356518345231387 -0.92168800938644 -0.152924376496314 0.0164379883223217 0.157466709522137 -0.987387417217164 0 0 0 0 0 0
15.1450093993318 18.7689011100857 1.81396220913842 0.482406090668688 -0.745305071977137 -0.460222403170416 -0.112175178964815 0.468509560232461 -0.876307838691564 0 0 0 0 0 0
3.27293506959824 21.1821901811701 6.15697911382169 0.339368467366008 0.739047646988256 -0.581925738166448 0.0663713962960079 -0.635911317083789 -0.768902831023146 0 0 0 0 0 0
9.07497516852342 17.5116567065872 21.001221113124 0.303211682925288 0.665227091869107 -0.682301637932258 0.0813411075884636 0.695327794827476 0.714074800271482 0 0 0 0 0 0
8.26156311563185 17.8235014697794 8.05987420464664 -0.938170494561648 -0.269782684603151 0.216917762503141 0.0835087434787996 -0.784486523334647 -0.614497468361994 0 0 0 0 0 0
16.6231306949534 13.3356991183337 -0.752864257644023 0.164393186413515 0.611703747289107 0.773817375877469 -0.0685100234688938 -0.775515305351326 0.627600462345396 0 0 0 0 0 0
23.7738701269526 10.5034348033228 19.0492181458824 -0.300449571040617 -0.465517222396603 0.832480436729757 0.798722681171825 -0.599847899599493 -0.0471646012605407 0 0 0 0 0 0
-0.388650049090808 4.19995452994879 17.6488183297946 0.531681470944386 -0.191832248591433 0.824933383390654 0.707171756685352 0.636547825849061 -0.307757861064342 0 0 0 0 0 0
11.7248366936301 5.44575655965649 0.149741442451772 -0.550768157541415 0.508971930218684 0.661514869492803 -0.603136776544031 0.305160745194153 -0.736955114145007 0 0 0 0 0 0
8.70002813944436 13.169342439967 8.43613908392249 -0.425307677339371 0.612847320774055 0.665981581261667 0.847874896994541 0.527194932678177 0.0563345003353931 0 0 0 0 0 0
17.3570828826563 4.17440519815144 8.94268088143743 -0.611743466045865 -0.525179680502296 0.591570915958491 0.542773115281133 -0.822685283139238 -0.169074633540914 0 0 0 0 0 0
11.3418978075525 4.65159195555746 5.25373924390565 0.165622727759297 -0.0921307699105251 0.981876221877192 0.342626723820062 0.938982487171854 0.0303117601765874 0 0 0 0 0 0
16.8069622235738 -4.17088006059517 9.08955832256062 0.760651038884968 0.229495903512005 -0.607240903088474 -0.170197585898109 0.973205255462547 0.154610174929581 0 0 0 0 0 0
-1.22933224515826 2.20909438798013 8.17199405631766 -0.805653809171248 -0.370730303414086 0.46203991069312 -0.580294415209266 0.65069345928949 -0.489751309318285 0 0 0 0 0 0
12.9973488015844 16.4344855551932 2.72599774751314 0.883259709437356 -0.340725934118995 -0.322114914484855 0.077927429741973 0.784100605949891 -0.615721941727792 0 0 0 0 0 0
17.7941503425089 14.8429977922337 13.5384911512844 -0.315954686386753 -0.478388684966816 -0.819339252274899 -0.88752672066368 0.454274679230058 0.077011306376354 0 0 0 0 0 0
3.0039645592507 23.512990515463 13.2197846727601 -0.0385791479076583 -0.374604984862728 0.92638148307376 -0.441005003465853 -0.825518529176854 -0.352184194610313 0 0 0 0 0 0
20.246219369965 18.0475341883333 4.09954342041278 -0.16504005926925 0.568379504252775 0.806043694401037 -0.829907204408683 0.361564504813607 -0.424882380552867 0 0 0 0 0 0
6.80656791473597 8.67593796362602 14.8433290705021 0.658558756616481 -0.75203911146412 0.0271567141435143 0.539804397917708 0.497233376236458 0.67924229241806 0 0 0 0 0 0
4.3414148356682 14.6187328036647 12.0357352008473 -0.800877863408478 0.185829309861204 -0.569264438030419 0.592675098065841 0.381896897009933 -0.709148000324087 0 0 0 0 0 0
4.81224587561719 2.53188988815667 25.0259874745502 0.261292634036166 0.965250267315828 0.00425120031451997 -0.301381865753472 0.0773982822551321 0.950356963674041 0 0 0 0 0 0
5.72619089116077 12.9262210734379 11.196763223086 -0.3665070104562 0.0136799598654002 0.930314651501072 0.461391331327712 -0.86561444955581 0.194498416982445 0 0 0 0 0 0
11.2970645949651 -2.9322062714773 6.41637948957976 -0.702498139912485 0.280299290142413 -0.654162488623331 0.540813330565351 -0.387243124129713 -0.746701816633712 0 0 0 0 0 0
13.6099155522487 15.4203821269388 7.85243964848402 -0.168883477366375 -0.765786479046012 0.620523480846171 -0.054162969539469 -0.621404830135635 -0.781615210085772 0 0 0 0 0 0
7.93961916162536 13.4610473069866 3.53411993961076 -0.629645755311238 0.39329799607071 -0.669972244451745 0.776157231167002 0.281211736780009 -0.564357866802732 0 0 0 0 0 0
5.20536660958222 14.7275259973243 9.67697796740675 -0.359057640350864 0.572275971746105 0.737277249682529 -0.778510601399163 0.252064121674223 -0.574791101565208 0 0 0 0 0 0
16.0526398319137 22.9304265802446 1.40423397476102 -0.943905981244637 -0.314115870306686 -0.101846016834337 -0.219563603337389 0.366649802418419 0.904079445232723 0 0 0 0 0 0
8.15707751523454 4.91571992780913 14.692969683084 0.971075289918283 -0.174280464218475 -0.163214538302982 0.0521638376426115 0.82188893289227 -0.567254332154763 0 0 0 0 0 0
12.9093110378379 1.85119427684927 9.24246181146627 0.721525810393626 0.583935693703695 -0.372047754990413 -0.0216276973365315 0.556085862698215 0.830843350860493 0 0 0 0 0 0
5.26042901563993 -6.48005218034428 6.81517061987975 -0.509142364089712 -0.327680080843096 0.795864128666776 -0.849949734951278 0.336997675061255 -0.404991246064119 0 0 0 0 0 0
11.7385999007678 12.3846077729094 5.92632732764653 0.891685094680309 -0.451739403875561 0.0287942360324129 -0.165112339580107 -0.383824171741029 -0.90852452848476 0 0 0 0 0 0
12.2064834857427 18.1667449075651 13.6903285925907 -0.0295563313281782 -0.30378762694587 0.952281152173661 0.655014679823523 -0.725523426197049 -0.211119565165316 0 0 0 0 0 0
16.4314232242996 10.8298283817328 9.60208085614371 0.278153868881809 0.779220769873141 -0.561645235177141 -0.124575531097586 0.609047022835588 0.783289592703017 0 0 0 0 0 0
6.06657058897128 10.9739882793128 6.68328150845681 -0.520936181558947 0.398630448485035 0.754797429789758 -0.61377891386194 -0.78944967926032 -0.00667861511550885 0 0 0 0 0 0
10.2239561289065 5.85779445127293 14.5165257018721 -0.713199180743993 0.435819942419809 0.549006201976348 -0.700959432320715 -0.445257970775173 -0.557136534546341 0 0 0 0 0 0
6.07358300676297 4.75094666226284 17.417041059902 -0.0187048962939873 -0.111249364118504 0.99361641899878 0.618251797988363 0.779727846916335 0.0989401450090997 0 0 0 0 0 0
14.9260252972888 -1.84783622430329 4.9327425873974 -0.096593505653577 0.928243403443066 0.359212836819169 0.0322926751624757 -0.357787755893288 0.933244341485459 0 0 0 0 0 0
3.17061275566244 8.19470021567413 4.56085873737986 0.0107332824452544 -0.796303624983055 -0.604801860007111 -0.353764258306012 0.562696116930174 -0.747143793437704 0 0 0 0 0 0
-7.17126872761177 2.78701823478248 12.6254944275082 -0.0365862471899603 0.962757062417853 -0.26788108661685 0.611457309468062 -0.190458728264891 -0.76801387789595 0 0 0 0 0 0
21.842588541307 7.5636130582381 12.8539863252872 0.522689424779662 0.787526882625905 -0.326492157775914 -0.669222948925621 0.141771109627112 -0.729411735779653 0 0 0 0 0 0
7.59840388665239 -6.70049006186199 19.3719263928585 -0.622766983912377 0.246616142048609 -0.742523838183472 -0.458682477798149 0.65375859041258 0.601838866943235 0 0 0 0 0 0
10.7698220691323 14.5405688508061 17.9015692725694 0.388121917691002 0.365270164606153 -0.846131774933633 0.662643696592804 0.52747980141165 0.531665594549288 0 0 0 0 0 0
19.0986126375648 19.6665375070821 6.46369389152348 0.372576769279979 -0.0990320294310776 -0.922702059225779 -0.627057450864224 -0.759826220061309 -0.17164794853863 0 0 0 0 0 0
-0.0281054047116941 13.6531368469035 -1.80657094587857 0.0249496594087626 0.850910739490534 0.524717443029239 0.963119890861963 0.120206588178641 -0.240728757105857 0 0 0 0 0 0
0.47795801068961 11.0551654273615 5.45500714244688 -0.449488418421072 -0.0945751465431048 -0.888265492529486 0.63051744618803 -0.737979668716604 -0.240486391147642 0 0 0 0 0 0
10.4764488450609 6.9349857210247 10.536237195195 -0.502209170970925 -0.851161474226197 -0.152676326065122 0.247594466929338 -0.310698372414633 0.917694608038689 0 0 0 0 0 0
1.88007165649308 12.3596023936196 3.97874988120947 0.289292721664699 0.908480013323335 0.301618576620015 0.208013855904396 -0.367224844872015 0.906573795080732 0 0 0 0 0 0
14.3993503119092 14.4664149197453 11.0119905476237 0.103709775898648 0.200048321607559 0.974281703085123 0.987817274555812 0.0935504947592064 -0.124359233084755 0 0 0 0 0 0
-1.2020606109927 7.19746897213291 9.21110771959328 0.431336701909157 0.8993299233383 -0.0717935636458507 -0.157547074695002 -0.00326992332653048 -0.987506003854393 0 0 0 0 0 0
2.85293933020931 2.56734715133179 2.56520326677381 0.0743011485640872 0.862095988101673 0.501268207658567 0.971350319694291 0.0512186210601388 -0.232066995477462 0 0 0 0 0 0
15.7825818858427 16.5666685213876 1.76349073480747 -0.452443957122637 -0.410633529297464 0.791627735221358 -0.701485184704871 0.711982903645775 -0.0316041417532831 0 0 0 0 0 0
12.0471501054797 13.9181847854329 12.4469983177978 0.669529572368337 0.258660236235687 0.696293704323974 0.476608139585024 0.569389634708724 -0.669805975343969 0 0 0 0 0 0
17.7135542372857 11.2928501577465 0.883808894426846 -0.622820904975735 -0.555940461302738 -0.550476376828663 -0.45332274182766 -0.317019090111054 0.833064992073487 0 0 0 0 0 0
6.38948566458373 1.08614630313731 1.32885931468781 -0.589047821424809 0.641870024064813 0.490943444997814 -0.659571171709633 -0.030873304724368 -0.751007715945263 0 0 0 0 0 0
20.2581782134796 8.92998947008099 10.3268518201845 -0.283364569064335 -0.95814725379382 0.0407228593874635 0.739523021269815 -0.245349289515857 -0.626824788208547 0 0 0 0 0 0
9.81682717544034 18.6669823313728 -1.54871767166768 0.52669636931185 0.39037346330852 -0.755115482992777 -0.164056454031544 -0.82493354471909 -0.540897484374114 0 0 0 0 0 0
11.7444254034828 20.9131728248311 2.39667966331671 0.568774415414962 0.204334041790476 -0.796707693889628 -0.411485201697471 -0.768020681634795 -0.490738334015403 0 0 0 0 0 0
4.33424482842136 8.06035836959309 14.8199456960091 0.820905139883928 -0.361138534022423 0.442372701344003 0.528624421952554 0.773605155731993 -0.349415563009878 0 0 0 0 0 0
20.8010415278304 17.8757424527968 7.59789854066622 -0.0961051718389885 -0.648809956296871 -0.754857183530927 -0.84398860691766 0.455153562257927 -0.283757593103324 0 0 0 0 0 0
-0.314234930445622 4.88006260733042 15.2920720163908 0.178329377621976 -0.15892602567689 -0.971051510086436 -0.67162186066534 -0.740891140563475 -0.00208334778979129 0 0 0 0 0 0
13.8437048703191 17.2018850402421 15.2871316447967 -0.338883165311377 0.940618875620142 -0.0198574257753996 0.801309424615773 0.299624753626435 0.517810877182943 0 0 0 0 0 0
-3.71842923472848 6.94391754060662 16.2498600243468 0.045695304914017 -0.500185066752131 -0.864711945518323 -0.992964402174025 -0.117402139915464 0.0154374865910327 0 0 0 0 0 0
9.01168604590291 6.28437352039818 23.5834194379862 0.942644504933053 0.286158761641585 -0.171855727305343 -0.251389412152967 0.947314783135934 0.198489427625835 0 0 0 0 0 0
-0.12197352301386 11.8445324407807 10.6886973606388 -0.117376953573538 -0.357304451008568 -0.926583010889476 -0.809244758057253 0.575229777223491 -0.119304422332374 0 0 0 0 0 0
10.5491299821281 9.63221104500234 17.4041490202058 -0.591752600034433 -0.744605904719296 -0.308854098069792 -0.282288382221209 -0.167468999213164 0.944599008944811 0 0 0 0 0 0
21.9380411991541 11.7152424905958 7.83093691110277 0.24888105557477 -0.945700947869592 -0.209064403426571 0.311267726409206 0.282505221344801 -0.907360508680904 0 0 0 0 0 0
1.98716112237894 11.0814588177608 0.123564112752332 0.688981754806104 -0.721370369805797 -0.0702059394554504 -0.30333351342398 -0.374969802765869 0.876005892788063 0 0 0 0 0 0
3.8384316288985 3.88465343095253 16.5775843566536 -0.616297450478512 0.773601581548601 0.147370274111931 -0.38453417233427 -0.132307025698025 -0.91357988382825 0 0 0 0 0 0
23.538619963716 11.982194913784 9.8582080775749 -0.926484453287165 -0.0882773754541201 -0.365832672843496 -0.343132020343536 0.597379660135393 0.724843349699448 0 0 0 0 0 0
2.44973244591956 5.42968589855997 11.734050246202 0.287232158010623 -0.140974235408497 -0.947430121705761 -0.57466105979696 0.765969449620221 -0.288193371425213 0 0 0 0 0 0
10.1943050458981 16.216888217114 14.4673639254548 -0.341293738828357 -0.209380044358709 0.916339711503192 0.232337336145211 0.925832259651571 0.298083834171173 0 0 0 0 0 0
9.23952598538566 2.1381396035061 11.1268825634358 -0.47504280556609 0.238363003929699 0.847063928402889 0.593112099897851 0.797827643926068 0.108115883259616 0 0 0 0 0 0
0.131367849631601 18.7693969453683 11.8825375184571 -0.713994094009358 0.639147572916982 0.285836917214944 -0.261577631374966 0.135180973542404 -0.955668943790432 0 0 0 0 0 0
11.7140633762742 12.4972019644723 3.8031638102863 0.719592844279394 0.389634419441117 -0.574779137179787 -0.0858444046867951 0.871306182149439 0.483173101924665 0 0 0 0 0 0
19.9451175032909 7.77471694554422 14.1268776037238 0.625021710309826 0.291454178315782 -0.72415620863227 -0.767945092763309 0.395990010911326 -0.503440309513343 0 0 0 0 0 0
17.9199711033611 4.28092927821272 20.5440743197569 -0.602038080009128 -0.460981944187891 -0.65195529254303 0.690420611140675 0.109604189245992 -0.715056769518785 0 0 0 0 0 0
-5.6563047089703 20.2796985218012 16.9562084264048 -0.0187008109093102 -0.817062309189682 0.576245974343159 -0.139435031345752 0.572845888247268 0.807716150798863 0 0 0 0 0 0
12.9627716924056 8.99639082209199 -0.117064815061701 0.966820501391588 0.0914126783275538 -0.238540818554758 0.145805528198198 -0.964207829225488 0.221458803451823 0 0 0 0 0 0
6.14874985945708 19.4815231520855 4.63607932328985 -0.436988011513643 0.562435334974305 -0.701931542435806 -0.103952542163051 0.743577063514029 0.660520223987155 0 0 0 0 0 0
2.32182288720397 9.40658250516807 13.6790707932704 0.906814175941753 0.233374968471141 -0.351032849866611 0.392145023370817 -0.161568694223646 0.905603512357901 0 0 0 0 0 0
10.0606003987192 12.3885458459014 -1.10772690607165 0.832965736873057 0.529454776642289 -0.160765776500853 0.173177685599033 -0.525401148343075 -0.83304443832748 0 0 0 0 0 0
16.6073350484173 13.0863951700191 21.79853279881 0.810459097723429 -0.254675646633765 0.527537917548657 -0.201038691647605 0.724934001422484 0.658827808673008 0 0 0 0 0 0
2.71268047949065 16.0118108749684 23.4749758048799 0.705144717200548 0.186122844769164 0.684199604925 0.41740338648596 0.671069082783592 -0.612732105864159 0 0 0 0 0 0
25.5892371635533 -4.50416682980694 23.1152483736409 0.9805207506799 -0.10168483152409 0.168045037258876 0.0827898926724523 0.989808136059616 0.115869258407585 0 0 0 0 0 0
17.0842060046512 7.518275509541 4.89550202977223 -0.198178367079452 -0.37873478637316 -0.904038270375042 -0.520975858271763 -0.740556984414028 0.424451945574088 0 0 0 0 0 0
8.45892238854178 1.65183290674483 14.8411826488974 0.873487535109618 0.389344642638405 0.292284406218427 0.0900035898138558 0.460872354962503 -0.88289066840867 0 0 0 0 0 0
2.6819689638665 4.27453032922968 4.13814807309535 -0.541244541158415 0.741062354131447 -0.397342270860594 0.831626161080434 0.541619270344129 -0.122663808678209 0 0 0 0 0 0
20.8622178779741 10.613298455989 9.27739099935765 0.267772282845536 0.907498436444183 -0.323642659976999 -0.445162407928442 0.414436449970011 0.79377122697249 0 0 0 0 0 0
11.3594005065785 12.9389778670786 0.823723768977494 -0.0856452835409813 0.716173236444951 0.692647618014233 -0.366437112412795 0.623832776476553 -0.690330672086355 0 0 0 0 0 0
4.21460143630734 7.89568612357835 7.43232143757372 -0.48244567700385 -0.180293725800622 -0.857169893220087 -0.875601916915138 0.125876509639019 0.466343510832097 0 0 0 0 0 0
4.98614581071058 2.43092985641581 10.7693526300824 -0.468123294554336 -0.763401515339315 0.445060285508559 -0.629734314349685 0.641529980652349 0.438034139202987 0 0 0 0 0 0
15.0143977024127 4.66054871989997 -0.507732765276803 0.882893759119767 0.468791585377315 0.0270733554549632 0.201869953781525 -0.326870340858302 -0.923257383157568 0 0 0 0 0 0
0.0437087217709864 10.8801411935002 12.9464756851088 -0.156324290453488 -0.5855757235894 -0.795401602855063 0.435382333260465 0.681989793541621 -0.587649624883636 0 0 0 0 0 0
20.262067927406 6.00979322059483 8.02100434857593 0.532001458883146 -0.519638160809826 0.668543598096963 0.814112952427843 0.0968307820229134 -0.57257644227691 0 0 0 0 0 0
4.14539319745978 12.227993750691 13.4668117210618 -0.195636474868128 0.19346320893073 0.961404307117397 -0.490889547503257 0.829369129434705 -0.266785048460301 0 0 0 0 0 0
5.91312022170644 6.54259691505325 19.9571278192334 -0.54828373081854 -0.208272421086921 0.809942859154886 0.832816046652327 -0.0477645470613405 0.551485141726494 0 0 0 0 0 0
0.854260988184552 -6.93945257069225 2.2761815451751 -0.44814815911464 -0.739721605179302 0.501971234568005 -0.72931670716212 0.627252696414432 0.273223577291839 0 0 0 0 0 0
1.58240659788144 0.00874360533256564 15.0055654334211 -0.00201361970848411 0.481121121927886 0.876651766527343 0.193400701945876 -0.859914812263288 0.472379776321405 0 0 0 0 0 0
17.8449266323614 10.6911195658953 11.8069994137426 -0.498386750113162 0.819312227919507 0.283439731346606 -0.491781908821655 -0.536422086404023 0.685858450751105 0 0 0 0 0 0
9.99549602984771 2.58808409103245 4.26480658310276 -0.161849333655264 0.954064424572233 -0.252122700803893 -0.0887134579965495 -0.268523893657963 -0.959179196131442 0 0 0 0 0 0
5.63001897175807 12.5354541087298 15.2037688797615 -0.0748622178235134 0.991482775228044 -0.106571819664632 0.966894738554075 0.046027468485625 -0.250989875780902 0 0 0 0 0 0
7.9137542718854 23.2865663759366 16.2585306679274 -0.230919258972673 -0.905994035777344 0.354754959954178 0.756317074205005 -0.396517903243646 -0.520344054647321 0 0 0 0 0 0
16.5672707716578 10.7845734320693 4.53914369649276 -0.074824441621675 -0.206780542718269 0.97552190953203 -0.0631966708470908 0.977281133056172 0.202306110662071 0 0 0 0 0 0
12.0547004738282 15.231360995552 0.785179583208072 -0.584715037582179 0.764125936318462 0.272433163668343 -0.798064645094244 -0.48153814234359 -0.362234382895559 0 0 0 0 0 0
19.9274863612551 3.90175389052836 19.7922914765407 0.254755852403489 0.922764286261797 0.289146174041119 -0.814613394854467 0.36590949778112 -0.45001683647267 0 0 0 0 0 0
1.2629516599704 0.503138638934166 20.6981752681646 0.830017413285714 -0.526661897978234 -0.183570838415467 -0.511333252546958 -0.850000441556876 0.126639334775449 0 0 0 0 0 0
15.162124326138 20.3449469820749 9.93676123720505 -0.88061731008045 -0.402507824004567 0.250001009809775 -0.119961998859407 0.699822815215996 0.704171204542254 0 0 0 0 0 0
19.3278280328035 8.61340578266477 12.3131466876705 -0.226714509942652 -0.710544460452429 -0.666128397291509 -0.837789393675425 -0.206519861149604 0.505428891804531 0 0 0 0 0 0
0.0100030811700861 3.95250320217184 8.95662793381115 0.777190372381066 0.471922779547508 -0.41624983190661 -0.617278456039008 0.700254934940374 -0.358622744743809 0 0 0 0 0 0
19.6976474415539 5.63233556097832 11.5880179927844 0.432638663866169 0.498354782420554 -0.751309661700083 0.190797907080738 0.7638516461961 0.616544217070271 0 0 0 0 0 0
1.49220463299148 15.8523378622005 18.3622436939304 -0.434045611277784 -0.696163041768016 0.571805356018504 -0.437472057042714 -0.391978410448537 -0.809302801277697 0 0 0 0 0 0
19.7980204061097 15.0630086527332 1.10576238291926 -0.949175463356122 -0.0934760952304011 -0.300546238065799 0.0139974604640176 0.941400150104747 -0.337001209079999 0 0 0 0 0 0
5.96210442849406 13.4093782417329 0.901406981357544 -0.923432032288955 0.377013341507032 0.0716527724752972 0.366443446863182 0.921710125054017 -0.127159850931211 0 0 0 0 0 0
4.38547552731723 16.8559189009708 1.51483528124344 0.319301911338268 0.460018759923004 0.828510069915924 0.944535140828041 -0.225349766483306 -0.238894824831623 0 0 0 0 0 0
5.35486832758952 1.7651875233109 17.028525449614 -0.734793417162458 -0.645695140712222 0.207741064421694 0.651772168874744 -0.756936528038538 -0.0473294991869388 0 0 0 0 0 0
1.02120938573723 15.2434633428227 10.9230556592062 0.693868517963133 -0.60527668991211 -0.390110923831795 -0.488108453930587 -0.793629218975591 0.363184189997375 0 0 0 0 0 0
13.721354662706 13.5613938271338 16.4321997542186 0.00506141726927495 0.373378884699356 0.927665073141043 -0.0847736410533199 -0.924177294864102 0.372437565301931 0 0 0 0 0 0
12.9836696110538 10.9896673021015 22.5154486914662 -0.618238654886368 -0.771450818757392 0.150481067179054 0.1645675868256 0.0601606629009328 0.984529372455638 0 0 0 0 0 0
3.65673465213607 4.10684898928587 7.53071390665532 0.388416283729206 0.544039499116352 0.743743053755386 -0.622246114868125 0.750158607484417 -0.223767254134467 0 0 0 0 0 0
17.1812072821064 16.9050177101355 3.67055463561717 0.321915718466765 0.832043106759729 0.451746059215177 -0.813546361399702 -0.000957397636167534 0.581499167698372 0 0 0 0 0 0
7.91273465196443 21.065941170614 3.85290744848769 0.0388660527953975 0.424085999984942 -0.904787487085927 -0.694128642584317 -0.639887725066387 -0.329740892907038 0 0 0 0 0 0
17.3616929204164 10.0772173564821 -3.20779320815201 0.919401720935232 0.327527732360955 -0.217775006955896 0.294136348505736 -0.204960916230871 0.93352810193592 0 0 0 0 0 0
7.24403876922782 0.476485900522949 10.1415149421498 -0.0382071423164358 -0.521217873562258 0.852567918544511 0.915880473958764 0.322942957982302 0.238475777667283 0 0 0 0 0 0
6.49707773935163 19.1535268904621 7.37574048982684 -0.712650209634633 0.4903985249668 0.501636197734516 -0.588881011636542 -0.0295790964929496 -0.807678223105955 0 0 0 0 0 0
4.15375029611903 -0.00594911400546992 8.42639020445035 0.790361668403964 0.603681858861494 0.104386640110671 0.376071621314055 -0.612579648649421 0.695209490173447 0 0 0 0 0 0
17.3240099494851 0.99106892561316 21.4355137751338 0.995096555388758 0.0405722584599438 -0.090203205507582 -0.0181548551180489 0.971424131389363 0.236654920663846 0 0 0 0 0 0
