t = 10000
b = 20 20 20
E = -0.540882405572706 -0.540882405572706 0
1154.18661023663 174.069003874081 -417.009396861749 -0.453991479286595 0.565650904027235 0.688426198243935 0.884619819037176 0.193808376197179 0.42412965997234 0 0 0 0 0 0
1154.51303712493 174.416460182082 -416.941393524295 -0.436651714199356 -0.0457915641497127 0.898464391409474 0.835615759877165 0.349348532119913 0.423912470457014 0 0 0 0 0 0
1154.84151654613 174.844660025243 -416.66159531262 -0.341166215142659 -0.500528519365938 0.795661150406997 0.807902999875438 0.276559816244605 0.520391479162727 0 0 0 0 0 0
1154.96031507078 175.150173014829 -416.235421162887 -0.0183167120528881 -0.913807327470354 0.405734541643564 0.763208671254357 0.2493699686812 0.59609313287643 0 0 0 0 0 0
1155.14381340227 175.227585861682 -415.723161635813 0.25272973984432 -0.930227549838894 -0.2660906875913 0.810729129764512 0.0535053873035512 0.582971118462152 0 0 0 0 0 0
1155.18078780621 175.02532397585 -415.261840992373 0.754883510041323 -0.38050238851971 -0.53419911853173 0.618617585047559 0.142526558944133 0.772656678460561 0 0 0 0 0 0
1155.52941257689 174.926979002588 -414.826180108748 0.557556425016615 -0.0411333887993066 -0.829119265294698 0.80977304297528 0.246825093439346 0.532301471130488 0 0 0 0 0 0
1154.92468316709 175.459435735011 -413.718065128975 -0.229426970131869 0.519159855432036 0.823308005381532 -0.211043892346607 -0.852281532928178 0.478619415530489 0 0 0 0 0 0
-2303.5923719711 4335.07947219247 -4735.40016710685 0.215198779666385 -0.467785631733467 0.857243233232335 -0.603407671796833 -0.753887500216386 -0.259908871318953 0 0 0 0 0 0
-2303.73786127118 4334.67066994852 -4735.77614831048 -0.529131145945945 0.0333646403762259 0.847883783106873 -0.782969438886529 -0.404357450109323 -0.472708968313173 0 0 0 0 0 0
-2304.01933366941 4334.32264924732 -4735.80720020764 -0.629277343187612 0.668750507843899 0.395957849494515 -0.770276955133355 -0.468914607105952 -0.432194839872093 0 0 0 0 0 0
-2304.47950970752 4334.10073654216 -4735.92532326007 -0.304388494908632 0.94933075732129 0.0782216166081451 -0.88622532940502 -0.252132889629748 -0.388630350381043 0 0 0 0 0 0
-2304.99038629798 4334.03554343445 -4735.81263092291 0.0314518368166865 0.933159777272884 -0.358083072398848 -0.960464134409476 -0.070934328836046 -0.269215244096036 0 0 0 0 0 0
-2305.52302958782 4334.20014565199 -4735.71514812759 0.278587493381682 0.508150119631813 -0.814967662340354 -0.912560501570754 -0.124449309957924 -0.389545347654746 0 0 0 0 0 0
-2306.05288152419 4334.39398869083 -4735.8867811496 0.497379868941543 0.0114912903054781 -0.867456663869164 -0.86747798759636 0.017827124691145 -0.497155914436288 0 0 0 0 0 0
-2306.44506263392 4334.66336936959 -4736.18344842482 0.459304152823705 -0.692344640383596 -0.556505540770695 -0.83067765476507 -0.112845892088771 -0.545197499309652 0 0 0 0 0 0
16.255078514409 20.181758093696 3.00533431826166 0.866313077157661 0.490219637641438 -0.0958450241527527 0.475423931354111 -0.868088054824963 -0.142811712370152 0 0 0 0 0 0
6.80363048091518 7.42545254040079 16.0062936940543 -0.165535187635268 0.644775090175691 0.746232614600609 0.207428755202601 0.762508543826424 -0.612824593344701 0 0 0 0 0 0
24.7484820456793 18.0319474619634 14.7450346112972 -0.101766215908306 0.534008805899517 0.839331964902176 -0.768561618745172 -0.577899071518859 0.27449156987445 0 0 0 0 0 0
20.1621255844269 10.6851476298227 -7.05718071325046 -0.141212397633396 0.36799244290135 -0.919043262124249 -0.916955545949113 -0.398551192996415 -0.0186915232280648 0 0 0 0 0 0
11.5462464215969 17.0458117317462 20.1615762316804 -0.050591710953883 0.96026200557355 -0.274476501997152 -0.646837731749505 0.177893372562816 0.741589361673029 0 0 0 0 0 0
13.7994250508068 11.6222026887486 7.22046459348466 -0.237909537605914 0.152648962672796 -0.95921698779762 0.970867222077695 0.0083334700510914 -0.23947290279078 0 0 0 0 0 0
18.9073664671542 -0.492686977452642 8.69837569567562 0.606846765484876 0.654875851055308 0.45041597977894 -0.789500251173799 0.431206433386668 0.436749663032305 0 0 0 0 0 0
11.4737074717822 10.3285244370801 0.477260069652433 0.629622423653617 -0.5158204198744 -0.580951642206108 -0.468716030138762 -0.848564222161109 0.245446553424095 0 0 0 0 0 0
8.9222983026874 22.963044355461 3.02349109989917 0.512916974794874 0.14950312141969 -0.845319393547921 -0.848697700305579 -0.0596052519888533 -0.525508619002205 0 0 0 0 0 0
20.0805923875037 12.3164637769882 5.79929327868706 0.725068961697104 -0.232562152660751 0.648220435632402 -0.639463902554366 0.122067953859456 0.759068649423434 0 0 0 0 0 0
5.31966821630668 8.54180608242221 9.05479079372648 0.315705181543639 -0.0355245985043377 0.94819202811917 -0.732787739925999 -0.643959713048223 0.21985892388052 0 0 0 0 0 0
12.5869882449737 -2.71334395038156 9.59288433952256 -0.841782693450504 0.139437181769113 -0.521496934272839 -0.102644917890859 -0.98978318017065 -0.0989609754348298 0 0 0 0 0 0
21.1623690925121 4.42784045882743 4.06637575437293 0.333405608752819 -0.563731327559292 0.755676921081351 -0.101352763647115 -0.818324729995846 -0.565749250285122 0 0 0 0 0 0
7.50713677238945 -6.25293014552605 4.97003188357002 0.460574650549734 -0.887197569618365 0.0274123759807927 -0.78865988337406 -0.42320081208242 -0.446000631333805 0 0 0 0 0 0
17.6592214717854 8.19525521736623 20.7628647044371 0.0758206616160532 -0.00573373190854477 0.997104925464282 0.713690793873897 -0.698031815213874 -0.0582835702759191 0 0 0 0 0 0
9.57679556779348 2.91751204704176 9.09615855207871 -0.0924593913349841 0.878431872113605 0.468837583590123 -0.871133191995933 -0.299415733788355 0.389200554522661 0 0 0 0 0 0
12.0607979492426 1.69450004407306 15.3888259488779 0.685695673627426 0.39083883959902 -0.614057280414502 -0.693146937013558 0.0930940622533652 -0.714759190990727 0 0 0 0 0 0
15.2494607716724 5.30558381091408 9.44032836132744 -0.689939567784817 0.541664518597738 0.480190439163418 0.494266258451318 -0.132131004700217 0.859210187454384 0 0 0 0 0 0
13.9362382072889 9.97193537229965 13.4751299483558 -0.377405440007772 -0.925869628544 0.0181809728388227 -0.783196757830227 0.308649757493648 -0.539757406498961 0 0 0 0 0 0
2.80380759182184 11.9627989508806 -0.85864672413569 0.685049296137537 0.645452943402889 0.337783792045213 0.603082820292612 -0.762567591540056 0.234054972843426 0 0 0 0 0 0
18.2362291314344 17.3799733570926 15.7825291628831 0.710874575212541 0.260287612663791 0.653381654071542 -0.699691524263941 0.167499475464238 0.694532634746317 0 0 0 0 0 0
