t = 10000
b = 20 20 20
E = -0.131994451209634 -0.131994451209634 0
1155.22005347591 176.131239163418 -418.375829282707 -0.91887458455991 -0.170722155764614 -0.355701171404045 -0.346790469483943 -0.0804808484032258 0.934483324418058 0 0 0 0 0 0
1155.14576537325 175.265043834187 -417.765077293746 -0.714949721077915 -0.460364776184009 0.526223382646004 0.698798126185689 -0.495230368490285 0.51616656077609 0 0 0 0 0 0
1155.39295278679 175.245275843631 -417.335609807678 -0.622812688458644 -0.766212917241447 0.158183437915386 0.613425257840358 -0.352743845879724 0.706598268351559 0 0 0 0 0 0
1155.48487138525 175.166324265647 -416.852228119206 -0.279529090473804 -0.915951469923295 -0.287917128519795 0.502670673561788 -0.395100146668308 0.768906967618268 0 0 0 0 0 0
1155.42375718406 174.925833086088 -416.340370169044 0.256320729934833 -0.73637371601621 -0.626141608204018 0.598677368711533 -0.387628897501152 0.700948697320084 0 0 0 0 0 0
1155.56745756263 174.595288703602 -415.905939737919 0.388125013357277 -0.371163891453919 -0.843561626027317 0.668809400237776 -0.516313108800614 0.534896817088948 0 0 0 0 0 0
1155.68222733336 174.073473958088 -415.765474743195 0.747617437428746 0.316593058422202 -0.583812362389837 0.658802016689954 -0.46465489860944 0.591671865103182 0 0 0 0 0 0
1156.07192778597 173.807106657325 -415.761696321366 0.541814459210761 0.840405153733043 0.0124954493296215 0.634724848747935 -0.418866091342198 0.649365412824851 0 0 0 0 0 0
-2303.70010140366 4335.80009424084 -4736.1957276614 0.100807645714093 0.546624434833871 0.83128780109233 0.906787103233256 0.293308222270719 -0.302832009350903 0 0 0 0 0 0
-2303.46474351526 4334.42371376815 -4736.55461042883 -0.664725056017416 -0.268755320958271 0.697073206002509 -0.742096172555149 0.345209468612112 -0.574563802860351 0 0 0 0 0 0
-2303.84815918933 4334.2607954121 -4736.87796422076 -0.499512252997569 0.142577558851712 0.854493434448807 -0.843297615964479 0.145793734864568 -0.51729409228143 0 0 0 0 0 0
-2304.25438243107 4334.03915514052 -4737.0490608155 -0.373139833994409 0.704507444834175 0.603685183047015 -0.741797781664534 0.164256352555383 -0.65019669307273 0 0 0 0 0 0
-2304.80534767124 4334.04990221169 -4737.18777757976 0.144625962185947 0.935765370464958 0.321599694149001 -0.730463932499242 0.320211449003278 -0.603230415195086 0 0 0 0 0 0
-2305.29455006474 4334.28028144418 -4737.08646673732 0.592532264981938 0.766553631014325 -0.247590233086305 -0.776102037518605 0.46090047556428 -0.430390821529916 0 0 0 0 0 0
-2305.70982722318 4332.88964976155 -4737.06219182895 -0.811456175017849 -0.297983576083748 -0.502737015669885 0.38758342634098 -0.918239999251423 -0.0813277593697204 0 0 0 0 0 0
-2305.77652314181 4332.28569345511 -4737.03511309299 -0.411366272171597 0.0348021014233659 -0.91080540400418 0.118697237667536 -0.988715742007972 -0.0913888043427717 0 0 0 0 0 0
15.3716778692797 3.71847016540707 9.18159028515627 0.059710172780772 0.325578001578691 -0.943627868167075 -0.998213305528791 0.0174061426729741 -0.0571585836892113 0 0 0 0 0 0
3.58245049092131 14.6766007276407 9.13545410776591 -0.0494387219743987 0.74184864900171 -0.668742357818135 -0.362406914481448 -0.637252992710627 -0.680124827379479 0 0 0 0 0 0
-2.99697031011479 14.7329615838872 11.6796994266239 -0.31279932396159 -0.707124668304844 0.634138176427111 -0.438933181299052 0.699690979116319 0.563711038786393 0 0 0 0 0 0
3.11904903261171 8.08737583567298 20.0171156204621 0.443348981564147 -0.848633812110297 -0.288552075251511 0.62778610308951 0.523759834559285 -0.575812606637646 0 0 0 0 0 0
14.1941466073408 6.04391836788059 7.50990017330302 0.843225935477748 -0.468010553864663 0.264454249560406 0.232989265381784 0.761531964618863 0.60480163607951 0 0 0 0 0 0
19.2116254118948 9.13489324665204 11.7452899870569 -0.269130343228163 0.961808602532884 -0.049930566950176 0.856172276567368 0.215185355758256 -0.469749062601855 0 0 0 0 0 0
7.51187758002366 8.29350515401083 13.2237831400869 0.84091616017063 0.315821586330798 0.439450372456806 0.219271805109795 0.543553297380653 -0.810228118742885 0 0 0 0 0 0
14.7364250281006 10.9029561372629 8.58608718927139 0.82505707754916 0.379572922383699 -0.41857509881144 -0.182864466679171 -0.521547279199975 -0.833396025669829 0 0 0 0 0 0
11.5543320285033 8.46593565441682 12.1798725839127 -0.749832799405688 -0.581891123385119 -0.314886351904422 -0.0140097385960173 0.48978437979385 -0.871730977952544 0 0 0 0 0 0
11.9043857851456 0.811028095925576 7.26280932429369 -0.167761701162306 0.660020883980295 0.7322761617413 -0.951256205694171 -0.303366016507452 0.0555029991836742 0 0 0 0 0 0
1.4986545457968 9.87128781640406 7.90554095395205 0.629477752358522 -0.454184516280716 0.630455462216126 0.776973417076267 0.3766557990883 -0.504423052479641 0 0 0 0 0 0
5.2994627366163 4.90262204472463 9.23247040611109 0.0358059103231267 0.861936364352719 -0.505750541223371 0.448177925803506 0.438480365945854 0.779019524282251 0 0 0 0 0 0
9.79740812222097 -5.69374070953863 9.40695326598748 0.732323290584888 -0.570972065387234 -0.371070637841892 -0.494052410899188 -0.820518033977915 0.287510577631613 0 0 0 0 0 0
5.96295237847449 3.29715999883647 1.8328078814465 0.319923226586189 -0.246616418173139 -0.914783777413615 -0.94454006029939 -0.00748968557943229 -0.328310614962344 0 0 0 0 0 0
18.6479623418595 4.69273583838502 18.4666088556233 0.33844565729436 0.141836847904207 -0.930234770810092 -0.218783450931979 0.973344202111047 0.0688103156842403 0 0 0 0 0 0
9.51541269534254 21.8526926029979 0.785300947216202 0.0459756988877602 0.964225650296444 0.261065359719497 -0.936564811782909 0.132510196521958 -0.324480021005367 0 0 0 0 0 0
11.1918471261162 8.92647556955377 19.8412656042378 0.386591698336864 -0.437388830342626 0.811934586937296 0.335129847032346 0.886825299003451 0.318164814552868 0 0 0 0 0 0
9.82973071567672 6.41071539714547 7.00065792409944 0.984209923996021 0.161695406537077 -0.0720090613745198 -0.163827255685075 0.678119765102229 -0.716459454596761 0 0 0 0 0 0
-5.54633953809905 2.90156687598295 21.9068530500082 -0.623516096076077 -0.263690002087226 -0.735999422427031 -0.017514861280076 0.945879012160365 -0.324046464931515 0 0 0 0 0 0
-2.51135180681941 26.3012248201457 8.78277518228075 -0.162395849609584 -0.0493102272822094 -0.985492755222253 0.528716093630103 -0.847620168369982 -0.0447136326726068 0 0 0 0 0 0
10.3206879851306 9.93328493383689 16.4245321695429 0.323581190846028 0.940445973098045 -0.10419486953945 0.694321818014888 -0.31081107364354 -0.649086729055368 0 0 0 0 0 0
11.607274507624 20.9899562801576 14.7916168018279 -0.919965356834251 0.348349633459008 -0.179766989044856 0.166957606985724 0.763110216397584 0.62432996509053 0 0 0 0 0 0
5.17167722783711 11.2722320799882 6.38349535687051 -0.727541715309638 0.59251841728587 0.345839414040432 -0.651956065334752 -0.440139224923673 -0.617438786796761 0 0 0 0 0 0
17.3669228007503 17.8327095060985 5.93788521756736 0.63762928427691 0.768698832815445 0.0503085628091184 -0.756965842436496 0.637336771719899 -0.144237588760213 0 0 0 0 0 0
12.4197256084808 5.05591202786197 3.16957819908762 -0.697100910144589 -0.172423509748139 0.695931274406103 -0.146278868542957 -0.916032184946817 -0.373480266654552 0 0 0 0 0 0
9.53695807479323 -2.68861361502125 7.82512089409694 0.500699922597069 -0.815485258227055 -0.290315933411292 0.692374586256665 0.578587349354328 -0.431107912442648 0 0 0 0 0 0
2.16062136287663 21.0595958094048 6.72116621195913 -0.274124257415689 0.809287047664485 0.519528945146557 0.294425326541758 0.584906223583135 -0.755776658992945 0 0 0 0 0 0
22.559487640637 15.4527707803041 4.00247309193483 -0.91838675404169 -0.262115914056084 -0.296413404859274 0.371909776289339 -0.316069538252414 -0.872801843483978 0 0 0 0 0 0
7.91793866513709 16.0527303863516 15.67926635038 0.977183098374986 -0.019037222990057 0.211543511422609 0.16069061906485 0.717562956338719 -0.677703379662643 0 0 0 0 0 0
4.29242406784851 16.0629633619487 18.4526132206266 -0.7789128643415 0.625592828195965 0.0439123048622146 -0.397037088879273 -0.546120156490974 0.737640997418869 0 0 0 0 0 0
1.59309386119717 5.09099910946829 3.98664330831679 -0.772477034182082 -0.589666838610715 0.235737509413993 0.446285265646184 -0.768170567425898 -0.459067960265284 0 0 0 0 0 0
-0.68620906008375 2.97490373749655 13.3457833471991 -0.312180740649041 -0.677616204031902 -0.665867404765022 -0.941505932637265 0.127030573054931 0.312137301571809 0 0 0 0 0 0
16.3284076886111 -4.52060973015397 14.7884042364127 0.62552520422786 0.324807528719476 0.709378729262543 0.548507115578577 0.463523898288402 -0.695906205086968 0 0 0 0 0 0
15.2968556161204 3.15304418541979 12.2178218869687 -0.0322296900334777 0.734205431348887 -0.67816191039421 0.715708743431455 0.490568471260546 0.497095040269136 0 0 0 0 0 0
2.1941021308526 11.3570156600595 -0.091789656223172 -0.38088782324959 -0.553208663377663 0.740867436278318 0.918401315094269 -0.133572280815674 0.372420935432495 0 0 0 0 0 0
4.42577004897568 17.6466342293528 12.3654907488191 0.554862316826983 0.465000502453222 -0.68985668703756 0.665744503389866 0.249097602717229 0.703373676443971 0 0 0 0 0 0
4.37428012525401 25.8130852660145 17.0307144682638 0.769707304214658 0.0161485896219153 0.638192580428222 0.242940860421245 -0.931874459490589 -0.269424784304945 0 0 0 0 0 0
12.6983324076395 14.1382415446073 6.92921542623306 -0.634772722699232 -0.601830583086379 0.48462713888849 -0.768052363929631 0.422753815906713 -0.481014219638368 0 0 0 0 0 0
15.2192948631842 9.58303925568159 3.89357236844634 0.568561362075681 -0.450870898681812 0.688079439672948 0.394616755036393 -0.58443051967882 -0.70902644930935 0 0 0 0 0 0
7.86162641734518 8.58664251215562 -1.78332972174691 -0.0821003760573101 -0.725243700465326 0.683579583281144 0.95650168531353 0.135317605241027 0.25844449051538 0 0 0 0 0 0
3.33175936130615 2.07458421253352 15.3451286467363 0.801331509920392 0.432541624185521 -0.413249873139146 0.0678109021248511 0.620668613185639 0.781135123312792 0 0 0 0 0 0
17.778795988161 7.17610383458541 16.4343718737704 -0.497289411304786 -0.866971413037947 0.0326156522583657 0.658502108815694 -0.401655531845427 -0.636433583687765 0 0 0 0 0 0
8.73379046903428 13.3344896310594 -0.272968085409739 -0.559067259228802 -0.524179630415187 0.642401298458655 -0.177716333605484 -0.68103038791049 -0.710362197468716 0 0 0 0 0 0
14.3658902183521 7.09101895035188 1.74051073413678 0.543094709053536 0.454867891076263 -0.705792635355158 0.262000852941643 0.706791125340516 0.657116274748916 0 0 0 0 0 0
1.50572061206416 12.7619649902105 6.25539924279528 0.472040448498131 0.429043736077525 0.770129333455687 -0.879290201230163 0.166256920662569 0.446326407955266 0 0 0 0 0 0
4.59061351415659 9.77382456002211 13.1130518990307 -0.733939610608341 0.67876047436132 -0.0248355015491402 0.169584856200728 0.21853291176671 0.960980868439073 0 0 0 0 0 0
1.19139480379415 11.808508167865 12.2912201002085 -0.405614868534832 0.169629853309579 -0.89816600665495 0.613054986638024 0.779325741131655 -0.12967237855519 0 0 0 0 0 0
15.6891816054252 -0.674011445537125 -2.54537953075301 0.41145377517447 -0.440606469369399 0.797854393970355 0.899963780812153 0.0579821852253911 -0.432091588224382 0 0 0 0 0 0
-0.0914803203386341 14.9806671994927 2.26630972579092 -0.212728743593864 -0.702023955565159 -0.679638717998875 -0.941101273842617 0.334295975667655 -0.0507394041846997 0 0 0 0 0 0
11.2270500326221 -0.972676676072306 2.12792599456185 -0.359334018393578 0.778809935591682 0.51413432150101 -0.106809155993763 0.512988600021903 -0.851724375960307 0 0 0 0 0 0
11.2012768208602 16.7744369277268 14.2865670735714 0.0871634205261568 0.862594534335697 0.498330389347311 -0.993075534105538 0.114787509289145 -0.0249938719212916 0 0 0 0 0 0
6.85764322681054 -0.603640476735758 7.38968170092548 0.482730286257058 0.85078067814301 0.20771055704129 0.296998526346916 -0.382156727095616 0.875070288310495 0 0 0 0 0 0
7.20335656890846 8.97812294762578 9.37822031180565 0.24534574837081 0.826279588494005 -0.507018212270488 0.43219213965173 0.374925115667829 0.820146943914652 0 0 0 0 0 0
3.15179933416505 8.34678953858253 10.0424850537095 0.99084031493714 -0.13251354106327 0.0259906639808937 -0.0710060832243743 -0.347551213459625 0.934968547790838 0 0 0 0 0 0
8.86404382823849 -0.721740224841892 13.8859314162965 0.600314599927978 -0.796273703033341 -0.0746359655022941 0.765106473741063 0.544619474088628 0.343513651013109 0 0 0 0 0 0
12.4103091289972 14.0274740153159 -0.291225151753282 0.85394620315192 0.485108435602125 -0.188270010023728 -0.311487927406937 0.766366020119099 0.5618348023137 0 0 0 0 0 0
10.2217527791143 6.42511434475477 10.0525741129384 0.76225954623772 0.633834780014653 -0.13120131285877 -0.637012111012434 0.698658532126419 -0.325717308244491 0 0 0 0 0 0
2.16806257301675 19.2100659003807 13.9501044574976 -0.430407151939545 0.873925419089291 0.22584069001218 -0.737333845245517 -0.196081077739177 -0.646444813562726 0 0 0 0 0 0
-3.16008042744139 -0.0211869830177201 8.98691474871285 0.504511896775576 -0.331100346712559 0.797395886795295 0.571243449505861 0.820518987546883 -0.0207237429105748 0 0 0 0 0 0
2.40610501586293 1.32596101739194 23.0946689150239 -0.00613513606587259 -0.537287338513667 -0.843376897467636 -0.716511476563455 0.590680231604884 -0.371090407215366 0 0 0 0 0 0
15.6762455595728 5.05708186612247 19.858127886835 -0.326022616851611 0.787623120893985 -0.522837477115669 0.0250739310209495 0.560065113935002 0.828069009394488 0 0 0 0 0 0
4.41160360070032 6.91288553028402 2.76979489646566 -0.0937129633557934 0.717024748441506 -0.690719431245854 0.783072662886656 -0.375352737346183 -0.495890537107134 0 0 0 0 0 0
17.3760970903699 13.3660127546482 7.871956347956 0.135126337606618 0.473615761404506 0.870303907244484 -0.155885498868956 -0.857259238231666 0.490720162725841 0 0 0 0 0 0
8.87926677471568 16.5834283772155 21.0606179487729 -0.90613164852427 0.416842673543663 -0.0718854822611677 -0.398005475445426 -0.897743646362968 -0.188806683666312 0 0 0 0 0 0
20.3390274267291 13.2145322605861 17.6678958064095 -0.284278340659197 -0.466214596210578 0.837752757091156 -0.604731527788102 -0.590861768476069 -0.534024411671574 0 0 0 0 0 0
8.24856953043702 23.9774488151587 6.01874075537321 -0.93369998533973 0.070125953384899 0.351121872596109 0.358005429672604 0.199348809805913 0.912190796863238 0 0 0 0 0 0
16.2765034868225 8.16906866449999 12.8765373435958 -0.750701332804935 -0.000661510538708455 0.660641318810342 0.349451379096401 0.848250256363766 0.397938692252482 0 0 0 0 0 0
-0.0686022552892824 18.5560065331445 3.55447293286984 -0.323474022330994 0.852961585405276 0.409659685862036 -0.706160008211533 0.0705680487347004 -0.704526844545206 0 0 0 0 0 0
15.8018451378268 22.2470498700056 4.75722618227648 0.105263083844227 -0.355358803878081 -0.928783989703957 -0.766536242333855 -0.623986173179256 0.151866296707621 0 0 0 0 0 0
1.95547890786345 9.77856717094073 24.3977634530629 -0.787795321588627 -0.5826282768839 -0.199806765439409 0.362586199079147 -0.17644457146818 -0.915094774293224 0 0 0 0 0 0
15.0295837581345 -0.368923014937979 21.1029218543118 -0.101427942340058 0.373115872230717 -0.922223842561375 0.188896023760612 -0.902917746379774 -0.386080060942336 0 0 0 0 0 0
0.978310722801747 17.6446700059209 11.3099368202689 0.361701851889505 0.308254437025366 -0.879858434358591 -0.326588271918791 0.925850053700019 0.190109867406917 0 0 0 0 0 0
9.20386971676635 20.5123620167942 30.093817686825 0.58690317663838 0.690169634441816 0.423332581453857 -0.349275733411622 0.687520143112902 -0.636649394881373 0 0 0 0 0 0
18.0672321904203 20.5736687907306 15.0591184778522 -0.339475533623736 -0.428211273203997 0.837491116502973 -0.93877812304536 0.209857180198824 -0.273231560496067 0 0 0 0 0 0
15.6504749560833 11.7342385405053 14.3669464760833 0.441308616579062 -0.883320503851857 0.158087210780507 0.788924235700113 0.465863203944383 0.400711781955822 0 0 0 0 0 0
13.763201016529 11.2278972756127 0.51779432882829 0.495111995563961 0.558001473094072 -0.665956744677833 -0.864402594911215 0.239088915253847 -0.442317230185107 0 0 0 0 0 0
16.5332187062063 15.3395369383727 17.9269038141257 -0.00740566717797831 0.548275359023593 0.836265031797289 -0.993358094154325 0.0919956412273213 -0.0691113635582418 0 0 0 0 0 0
13.3964338091849 7.36228173222031 16.2425481464555 -0.769838191451026 -0.332984343006093 0.544491028672356 -0.24222483377697 -0.636855710999398 -0.731943892938115 0 0 0 0 0 0
14.945064194122 4.73127904687198 15.2300709556612 0.909265997364653 -0.0970413972653916 -0.404744604864056 0.287905821143039 -0.555616870131108 0.780000031647099 0 0 0 0 0 0
16.9038371023544 9.78818058314117 17.9674030787832 0.291092658467571 0.864504628392637 -0.409752097685836 -0.848616212152446 0.431077656925533 0.306630854798983 0 0 0 0 0 0
15.0618464153663 0.650142606656714 14.2854060503842 -0.350315380552244 0.761203702685252 0.545754530014262 -0.487642991826283 0.349252406870194 -0.8001418400194 0 0 0 0 0 0
9.87218945695374 16.8200841404555 24.6208172032263 -0.0737536569530546 -0.0404458520548149 -0.996455925830809 -0.525111141115433 -0.847872676841937 0.0732815108345112 0 0 0 0 0 0
8.87817763468547 12.9012084364127 16.3245990901515 0.879311665559515 0.142864649293346 0.45431329500362 0.0995100176355252 0.877773942655953 -0.468626327284678 0 0 0 0 0 0
-7.0472686901176 12.9946790931014 10.0715533666457 -0.378730830079794 0.282938361370086 0.881197328835136 -0.785176608026592 0.40582388015141 -0.467765510625107 0 0 0 0 0 0
19.1283426289669 -3.32791901220437 16.4716012227187 0.709444903356181 0.630676489917415 -0.314539381276712 0.562988429525108 -0.775630780916145 -0.285378472249834 0 0 0 0 0 0
2.93208181364528 9.95953323872202 -2.85084134317063 -0.919046166170641 0.0994056838907661 -0.381408621331419 -0.050942277153133 -0.989515506085629 -0.135144164239377 0 0 0 0 0 0
5.47925300147276 12.0389242038716 19.4203077710712 0.447469976191963 0.720550169547054 -0.529696154654501 0.133168426255682 -0.639386061516461 -0.757265847712837 0 0 0 0 0 0
20.2813962765676 17.402693476532 7.65938171309489 -0.891113519238538 -0.200423468197715 -0.407120393501981 -0.166737254192693 -0.689796833876926 0.704541662040286 0 0 0 0 0 0
8.79616942932647 8.81705410019614 4.03482257170939 0.916985410600482 -0.0825151589964615 0.39029333440891 0.284762473596045 -0.549775043626108 -0.785275526079479 0 0 0 0 0 0
10.0517331840221 22.8580523864973 -2.24493855243033 0.248540807969427 -0.117575893353406 0.961458921907078 -0.773291857957022 -0.621835598295624 0.123855229991299 0 0 0 0 0 0
19.5907700714667 6.29727835834813 1.09688362814808 0.676448506764653 0.604377813842098 -0.420885732908473 0.640784544482785 -0.764686091485573 -0.0681931047703813 0 0 0 0 0 0
11.981950858279 3.60844801465176 10.4476144548268 0.662155337503616 -0.293196002438454 0.68962765620876 0.0300732952882444 0.929936519822729 0.366488267058082 0 0 0 0 0 0
13.7472978657303 20.8502047530037 9.77183246355442 0.959224886404944 0.25466493303981 0.122610267527661 -0.229104320627816 0.954604326965708 -0.190372736048281 0 0 0 0 0 0
18.5230923525262 23.3049591279797 3.60320214357016 0.130941821272203 0.267612303443001 0.954587755953271 -0.812814765607248 0.580269494602137 -0.0511799899865191 0 0 0 0 0 0
19.9673428865757 8.96536711632061 -0.501240330823271 0.120210095066547 -0.975455004034719 0.18449136122745 0.0341320877732803 0.189790114391307 0.981231164480746 0 0 0 0 0 0
5.89288656331883 12.7256228542021 12.4893595942099 0.513031991389041 0.670692350944897 -0.535695697770483 -0.847386016438569 0.29621468168256 -0.440674134424264 0 0 0 0 0 0
6.08742371750291 0.981933975903899 -2.75794477222574 0.279535527683207 -0.63041042886764 -0.72418402916962 -0.959661351923383 -0.159752448896769 -0.231363628362599 0 0 0 0 0 0
5.86361590278421 -3.17092088795645 2.27127667177683 -0.192380589494637 0.84275873962633 0.502739874117139 0.927372906193886 -0.0113893345363275 0.373964780056241 0 0 0 0 0 0
-3.55051138461879 6.64105630075786 4.66370931915544 0.140234338232358 0.986748867431629 0.0816149487810842 0.848265904073062 -0.162248380030267 0.504103464671213 0 0 0 0 0 0
25.9456406666926 22.5962642394797 13.1266584873768 -0.727036430691584 -0.552958656127931 -0.407006965912096 -0.655590720312324 0.735214803517836 0.172220629881558 0 0 0 0 0 0
1.45314662382669 6.91729488300078 15.4740889273914 -0.633489037567037 0.501346199816985 0.58935858182026 0.753542235339177 0.226796032773517 0.617039339102981 0 0 0 0 0 0
11.0408803169969 11.7939492463863 13.0539016854244 -0.433756194463428 0.79268373499624 -0.428378355817125 -0.432125064737161 0.234177217864607 0.870878204106136 0 0 0 0 0 0
-0.944570068490623 8.93232309970394 2.96264660045929 -0.473478960066689 0.848046382206575 -0.237981038161578 -0.723481987949213 -0.220339163133767 0.654235701319343 0 0 0 0 0 0
9.21324644929984 20.0089022061753 4.34499375808583 0.225608327690752 -0.556044526435697 0.799947051214001 0.48463117894503 -0.648253342271973 -0.587282006802427 0 0 0 0 0 0
2.95766283628418 5.03827686517562 12.0584508975506 -0.983644316006208 0.0318049982882947 0.177291236624568 0.162540739300671 -0.267404027993017 0.949776543822524 0 0 0 0 0 0
22.9324865023001 21.6891686213036 11.8341458694576 -0.354493289319345 -0.81749144791044 -0.453918716157648 0.933027587106015 -0.341226365343204 -0.114122670686843 0 0 0 0 0 0
5.06587541399628 6.55496082325991 13.9225893443777 -0.946983405008341 -0.145068249997684 -0.286666211439122 0.313691852039006 -0.610291673961658 -0.727421074652321 0 0 0 0 0 0
2.41963989623654 18.3443952117259 20.2099311279955 0.179171959476328 -0.718999659598825 -0.671518310138592 -0.266493360292534 0.621575884232713 -0.73663059664144 0 0 0 0 0 0
12.1660421276211 5.71071120124674 -1.0088238317389 0.394885562530518 -0.417130309712898 0.818576568658437 -0.404584932916979 0.720986372507724 0.562574106649922 0 0 0 0 0 0
12.0700007181163 8.35821475835388 7.86466263835357 0.866508988147233 -0.441126866453678 0.233600439085244 -0.489147665199791 -0.843671700131618 0.221252321272222 0 0 0 0 0 0
14.2210923132174 17.5928088714098 26.6280901298975 0.0015721987331719 -0.399618411784517 -0.916680180314699 -0.686691785830256 -0.666810980552925 0.289512419911236 0 0 0 0 0 0
15.8628284405514 -2.02135310720715 11.8207482884516 -0.182669754092251 0.0211213536432082 -0.982947368989837 0.917718197202696 0.362356078781095 -0.162761417837741 0 0 0 0 0 0
1.70961427498539 3.83522414217432 -0.663495303241758 -0.237852186995999 -0.971016930797073 0.0235042642235427 0.873561384863122 -0.224434309553311 -0.431879189550434 0 0 0 0 0 0
