t = 20000
b = 200 200 200
E = -0.863505808384674 -1.09340185489097 0.229896046506297
-5.31285521314251 -3.99164370774767 7.82440744747304 0.153901571046452 -0.468037201841707 -0.870204165063484 0.921993779043865 0.38471292106415 -0.04385601530828 0.0737290173757855 0.188825359684015 -0.141996316202234 0.439174054638759 0.0249645115358967 -0.128956897821368
-4.81601582746202 -4.0413386135148 7.84893147443493 -0.167535149114413 0.101367403428258 -0.980640930243355 0.933624581767475 0.335816422237212 -0.124789909408556 0.0927263517280003 0.0092026747056887 0.420513689472762 0.0627108492073244 -0.860559069490227 -0.182670962817268
-4.36970692090702 -4.12518736920421 7.66550271079875 -0.389417645270194 0.628994369678377 -0.672844592554786 0.919548387839911 0.307349414414827 -0.244881654667879 0.0250430132537108 0.238629179069906 -0.218592600796491 -0.350474418160079 0.408043549379125 -0.099324634166128
-3.95291028978937 -4.12085201537158 7.30207108300137 -0.464634771068457 0.842963058492314 -0.271159877170485 0.808748475804776 0.279269465479857 -0.517623782186729 0.052988739608189 0.000280042271084024 0.12971132154085 0.375855363684741 -0.173207110691072 0.0667961644389764
-3.80416109533056 -4.07151658304002 6.79731856361784 -0.296490127014359 0.928258074451869 0.224566957269773 0.752592339237151 0.371852901746747 -0.54344278429056 0.296543616618383 0.311058929279679 -0.153106339038601 0.177617671062008 -0.12518147227566 0.312044420049499
-3.7109578417774 -3.84265254295772 6.38425661059428 0.122396071855367 0.721961926879242 0.681021159656683 0.7283048294856 0.400815114729604 -0.555804886793175 0.234693476393164 -0.416559794701256 -0.366848793174203 0.222708968377472 0.212270088658465 0.135754251484484
-2.63377465804587 -3.40634715995071 6.29982272387373 -0.229222505800333 0.952336849236974 0.201274473487812 -0.048065419768266 -0.217602303886647 0.974853216864265 -0.258209171031133 -0.164114171206234 -0.0781046624887964 -0.308356217913854 -0.503563032769203 0.399745209225293
-2.42970900308981 -3.23796010866118 6.72713297245954 -0.883627003955485 0.434956097187264 0.173252811735461 0.0673253811534231 -0.248156261714092 0.966377601408884 -0.319998426772205 0.0491934944295202 0.465533040769434 -0.0425317105723631 -0.181429941057359 0.16450577612768
-2.36501349508691 -4.22268947987629 7.30000551983393 0.111807503777846 -0.838293969759676 -0.533631144021805 0.934939024035736 -0.0932262662696211 0.342341801183024 -0.0101533263751306 0.0854316320415229 0.280087251090873 -0.338568497432687 -0.348103795362612 -0.0271668833421226
-2.71609605006032 -3.77219620250179 8.11212637001009 -0.342172535636085 -0.0834776035818403 0.935921679843689 -0.0846176220961304 -0.989261330096989 -0.119171267299702 0.178393940508957 -0.558997858166802 -0.349469047590005 0.0751057653866684 -0.0398594453695179 -0.420201898013728
-3.4774234259034 -2.9753877374591 7.28856823071726 -0.210382053420089 -0.51930039150191 -0.828291165283697 -0.97334819665067 0.0321541321384453 0.227066630300154 0.178727648643318 0.00357457493407808 0.194033180706186 0.445666827984899 -0.162728431993528 -0.161842818456341
-4.02842184523388 -2.90975065036844 7.13541676894963 0.192443336691793 -0.958020178079411 -0.212515194070659 -0.962289362329761 -0.226665129362345 0.150406040554455 -0.306508188085619 0.230031554309954 -0.218732874302597 0.313919063232568 0.275486002069788 -0.127548019510005
-4.53593261167225 -3.10858602563064 6.9957479969313 0.528827485211573 -0.825100138123414 0.198874977440235 -0.848672040873854 -0.516793049902458 0.112608867088116 -0.0628658903184508 0.0157024796227465 -0.830179144236011 0.0531102414057073 0.0587416861939844 -0.234419209740315
-4.78609524378638 -3.47616959533175 6.74377407393062 0.357374536419719 -0.569224364513249 0.740450459382438 -0.810397961438346 -0.58308886123923 -0.0571176241183934 0.013645779736456 -0.36923136870165 0.463034206821322 -0.0972177191625157 0.246656866570762 0.153964801762822
-5.10207134728307 -3.97010650908973 6.65341578784756 0.289316591549389 -0.075283526759084 0.95426841549467 -0.808282589036657 -0.55327583644072 0.201407716123814 0.21757011848476 0.283839264221087 0.168080374222392 0.040217020455185 -0.134063194779768 -0.133175529794027
-5.2033528011284 -4.43572775645379 6.75154640063517 -0.206772249167481 0.47285270186861 0.856536937809044 -0.718985027286951 -0.667182104342167 0.194752540001025 0.315319670287234 -0.509492052365151 0.0261907805325866 -0.0251265293193327 0.36737775681285 0.366437685379701
133.587703072 105.521393025 122.154598834 0.0 0.0 1.0 0.0 0.1 0.0 0.0 0.0 0.0 0.0 0.0 0.0
105.818175255 101.931639699 134.004185013 0.0 0.0 1.0 0.0 0.1 0.0 0.0 0.0 0.0 0.0 0.0 0.0
71.5706602939 149.438860511 141.628683257 0.0 0.0 1.0 0.0 0.1 0.0 0.0 0.0 0.0 0.0 0.0 0.0
68.6615188768 147.490861908 197.760457112 0.0 0.0 1.0 0.0 0.1 0.0 0.0 0.0 0.0 0.0 0.0 0.0
150.159450863 88.9816728556 52.7490376614 0.0 0.0 1.0 0.0 0.1 0.0 0.0 0.0 0.0 0.0 0.0 0.0
191.50117004 168.980104965 111.550150374 0.0 0.0 1.0 0.0 0.1 0.0 0.0 0.0 0.0 0.0 0.0 0.0
180.97320329 141.962190322 90.4867373384 0.0 0.0 1.0 0.0 0.1 0.0 0.0 0.0 0.0 0.0 0.0 0.0
73.9117888057 128.390539677 33.6124836319 0.0 0.0 1.0 0.0 0.1 0.0 0.0 0.0 0.0 0.0 0.0 0.0
157.894631646 10.131370424 195.881617933 0.0 0.0 1.0 0.0 0.1 0.0 0.0 0.0 0.0 0.0 0.0 0.0
148.150379133 36.7084955375 17.2449595193 0.0 0.0 1.0 0.0 0.1 0.0 0.0 0.0 0.0 0.0 0.0 0.0
146.993450645 156.799749208 94.6067221466 0.0 0.0 1.0 0.0 0.1 0.0 0.0 0.0 0.0 0.0 0.0 0.0
124.263121145 107.424275676 83.3893675092 0.0 0.0 1.0 0.0 0.1 0.0 0.0 0.0 0.0 0.0 0.0 0.0
115.529147035 134.447005202 50.5496637306 0.0 0.0 1.0 0.0 0.1 0.0 0.0 0.0 0.0 0.0 0.0 0.0
156.456635054 87.3108076062 167.114533313 0.0 0.0 1.0 0.0 0.1 0.0 0.0 0.0 0.0 0.0 0.0 0.0
132.922539944 173.081883719 34.4956163599 0.0 0.0 1.0 0.0 0.1 0.0 0.0 0.0 0.0 0.0 0.0 0.0
148.481385757 128.328486049 136.270440105 0.0 0.0 1.0 0.0 0.1 0.0 0.0 0.0 0.0 0.0 0.0 0.0
179.96578805 42.9340188304 13.7228288299 0.0 0.0 1.0 0.0 0.1 0.0 0.0 0.0 0.0 0.0 0.0 0.0
45.958446005 102.079284632 117.147829428 0.0 0.0 1.0 0.0 0.1 0.0 0.0 0.0 0.0 0.0 0.0 0.0
108.620774956 38.9311189593 38.7885975505 0.0 0.0 1.0 0.0 0.1 0.0 0.0 0.0 0.0 0.0 0.0 0.0
100.015829888 137.029089513 146.531331568 0.0 0.0 1.0 0.0 0.1 0.0 0.0 0.0 0.0 0.0 0.0 0.0
196.097241292 3.86479876693 73.3233942496 0.0 0.0 1.0 0.0 0.1 0.0 0.0 0.0 0.0 0.0 0.0 0.0
102.797838509 19.9598777948 129.367992722 0.0 0.0 1.0 0.0 0.1 0.0 0.0 0.0 0.0 0.0 0.0 0.0
86.2251274493 27.2483242974 112.071130043 0.0 0.0 1.0 0.0 0.1 0.0 0.0 0.0 0.0 0.0 0.0 0.0
184.126548189 27.7233047249 55.6213952932 0.0 0.0 1.0 0.0 0.1 0.0 0.0 0.0 0.0 0.0 0.0 0.0
136.874139387 139.052448654 39.281175141 0.0 0.0 1.0 0.0 0.1 0.0 0.0 0.0 0.0 0.0 0.0 0.0
5.74087527224 118.203020261 142.013210996 0.0 0.0 1.0 0.0 0.1 0.0 0.0 0.0 0.0 0.0 0.0 0.0
157.549914149 158.699202307 116.511008711 0.0 0.0 1.0 0.0 0.1 0.0 0.0 0.0 0.0 0.0 0.0 0.0
125.693964279 128.217790538 106.622659104 0.0 0.0 1.0 0.0 0.1 0.0 0.0 0.0 0.0 0.0 0.0 0.0
133.216602664 138.244538066 14.7151723549 0.0 0.0 1.0 0.0 0.1 0.0 0.0 0.0 0.0 0.0 0.0 0.0
194.394421272 41.4304617939 44.4667484886 0.0 0.0 1.0 0.0 0.1 0.0 0.0 0.0 0.0 0.0 0.0 0.0
105.778622179 12.355252739 138.369768371 0.0 0.0 1.0 0.0 0.1 0.0 0.0 0.0 0.0 0.0 0.0 0.0
3.10375007386 17.5909990351 170.544530424 0.0 0.0 1.0 0.0 0.1 0.0 0.0 0.0 0.0 0.0 0.0 0.0
67.1987539711 149.09072747 59.5605315785 0.0 0.0 1.0 0.0 0.1 0.0 0.0 0.0 0.0 0.0 0.0 0.0
33.3274941098 46.8341038654 35.4382506688 0.0 0.0 1.0 0.0 0.1 0.0 0.0 0.0 0.0 0.0 0.0 0.0
100.570092166 168.196534942 53.2496453914 0.0 0.0 1.0 0.0 0.1 0.0 0.0 0.0 0.0 0.0 0.0 0.0
56.5530159657 139.078062477 25.5048864959 0.0 0.0 1.0 0.0 0.1 0.0 0.0 0.0 0.0 0.0 0.0 0.0
56.6461666845 16.8120059309 100.010684379 0.0 0.0 1.0 0.0 0.1 0.0 0.0 0.0 0.0 0.0 0.0 0.0
177.372987663 165.749184319 166.93924745 0.0 0.0 1.0 0.0 0.1 0.0 0.0 0.0 0.0 0.0 0.0 0.0
197.93536992 2.71736060629 71.3206989125 0.0 0.0 1.0 0.0 0.1 0.0 0.0 0.0 0.0 0.0 0.0 0.0
168.677768302 31.9980429695 50.7622855823 0.0 0.0 1.0 0.0 0.1 0.0 0.0 0.0 0.0 0.0 0.0 0.0
104.40959599 171.353778888 85.277814352 0.0 0.0 1.0 0.0 0.1 0.0 0.0 0.0 0.0 0.0 0.0 0.0
176.038525368 3.56268939929 28.0669375167 0.0 0.0 1.0 0.0 0.1 0.0 0.0 0.0 0.0 0.0 0.0 0.0
174.343651542 191.987635609 153.003881189 0.0 0.0 1.0 0.0 0.1 0.0 0.0 0.0 0.0 0.0 0.0 0.0
2.2867399258 62.4748440798 147.479765989 0.0 0.0 1.0 0.0 0.1 0.0 0.0 0.0 0.0 0.0 0.0 0.0
153.874477296 27.7480325913 184.33574264 0.0 0.0 1.0 0.0 0.1 0.0 0.0 0.0 0.0 0.0 0.0 0.0
25.0571614493 7.81087189862 125.958640448 0.0 0.0 1.0 0.0 0.1 0.0 0.0 0.0 0.0 0.0 0.0 0.0
61.8744769024 127.151138534 43.9180136539 0.0 0.0 1.0 0.0 0.1 0.0 0.0 0.0 0.0 0.0 0.0 0.0
74.6215187594 81.4992547358 95.6530611831 0.0 0.0 1.0 0.0 0.1 0.0 0.0 0.0 0.0 0.0 0.0 0.0
68.9222360567 107.462506822 40.6854818493 0.0 0.0 1.0 0.0 0.1 0.0 0.0 0.0 0.0 0.0 0.0 0.0
176.617023925 81.8046137405 164.727753918 0.0 0.0 1.0 0.0 0.1 0.0 0.0 0.0 0.0 0.0 0.0 0.0
15.9392506571 114.816569384 69.9641594851 0.0 0.0 1.0 0.0 0.1 0.0 0.0 0.0 0.0 0.0 0.0 0.0
92.7697774779 10.0021571081 105.901959525 0.0 0.0 1.0 0.0 0.1 0.0 0.0 0.0 0.0 0.0 0.0 0.0
127.133155774 74.4299210876 149.026799314 0.0 0.0 1.0 0.0 0.1 0.0 0.0 0.0 0.0 0.0 0.0 0.0
62.9606589485 14.7929393884 189.718232796 0.0 0.0 1.0 0.0 0.1 0.0 0.0 0.0 0.0 0.0 0.0 0.0
136.805817936 110.536367203 114.870945412 0.0 0.0 1.0 0.0 0.1 0.0 0.0 0.0 0.0 0.0 0.0 0.0
31.6080614104 50.3436972109 152.737992446 0.0 0.0 1.0 0.0 0.1 0.0 0.0 0.0 0.0 0.0 0.0 0.0
106.277881154 89.4521347669 13.0244989795 0.0 0.0 1.0 0.0 0.1 0.0 0.0 0.0 0.0 0.0 0.0 0.0
25.1244736954 90.9934630914 94.7590809302 0.0 0.0 1.0 0.0 0.1 0.0 0.0 0.0 0.0 0.0 0.0 0.0
4.46472741483 6.99200353435 85.6112056467 0.0 0.0 1.0 0.0 0.1 0.0 0.0 0.0 0.0 0.0 0.0 0.0
87.2789116549 196.65221406 196.229592222 0.0 0.0 1.0 0.0 0.1 0.0 0.0 0.0 0.0 0.0 0.0 0.0
117.827401638 195.858775084 157.985217392 0.0 0.0 1.0 0.0 0.1 0.0 0.0 0.0 0.0 0.0 0.0 0.0
85.0000386127 122.504053597 71.3609613379 0.0 0.0 1.0 0.0 0.1 0.0 0.0 0.0 0.0 0.0 0.0 0.0
130.220417956 55.4187932576 106.347755073 0.0 0.0 1.0 0.0 0.1 0.0 0.0 0.0 0.0 0.0 0.0 0.0
23.6705841716 51.2016411779 187.634123545 0.0 0.0 1.0 0.0 0.1 0.0 0.0 0.0 0.0 0.0 0.0 0.0
21.6067066597 55.4928154552 64.3146095984 0.0 0.0 1.0 0.0 0.1 0.0 0.0 0.0 0.0 0.0 0.0 0.0
173.667838032 69.1006840863 129.56475699 0.0 0.0 1.0 0.0 0.1 0.0 0.0 0.0 0.0 0.0 0.0 0.0
143.518885824 165.784440771 63.3120358229 0.0 0.0 1.0 0.0 0.1 0.0 0.0 0.0 0.0 0.0 0.0 0.0
41.5076343299 67.7188609695 18.5088421491 0.0 0.0 1.0 0.0 0.1 0.0 0.0 0.0 0.0 0.0 0.0 0.0
20.9378944841 153.306770222 174.736152063 0.0 0.0 1.0 0.0 0.1 0.0 0.0 0.0 0.0 0.0 0.0 0.0
72.5932039355 56.8179016465 99.150635096 0.0 0.0 1.0 0.0 0.1 0.0 0.0 0.0 0.0 0.0 0.0 0.0
2.72787722974 99.4040641438 142.513125677 0.0 0.0 1.0 0.0 0.1 0.0 0.0 0.0 0.0 0.0 0.0 0.0
158.266273051 132.788202669 57.5395527507 0.0 0.0 1.0 0.0 0.1 0.0 0.0 0.0 0.0 0.0 0.0 0.0
46.4975561755 175.310593273 89.5740271015 0.0 0.0 1.0 0.0 0.1 0.0 0.0 0.0 0.0 0.0 0.0 0.0
152.64895789 119.470956323 4.75523878854 0.0 0.0 1.0 0.0 0.1 0.0 0.0 0.0 0.0 0.0 0.0 0.0
108.263515299 43.3828495436 127.731628666 0.0 0.0 1.0 0.0 0.1 0.0 0.0 0.0 0.0 0.0 0.0 0.0
164.537664883 103.554634363 72.8418390009 0.0 0.0 1.0 0.0 0.1 0.0 0.0 0.0 0.0 0.0 0.0 0.0
0.605731214918 59.4334282182 61.6947133376 0.0 0.0 1.0 0.0 0.1 0.0 0.0 0.0 0.0 0.0 0.0 0.0
127.486360976 110.354160676 101.048106468 0.0 0.0 1.0 0.0 0.1 0.0 0.0 0.0 0.0 0.0 0.0 0.0
127.210228122 118.603102601 122.512124306 0.0 0.0 1.0 0.0 0.1 0.0 0.0 0.0 0.0 0.0 0.0 0.0
4.57975776176 118.434553793 105.498286465 0.0 0.0 1.0 0.0 0.1 0.0 0.0 0.0 0.0 0.0 0.0 0.0
54.5985173885 189.797662538 17.2158808355 0.0 0.0 1.0 0.0 0.1 0.0 0.0 0.0 0.0 0.0 0.0 0.0
119.65334518 103.799755954 42.8326842847 0.0 0.0 1.0 0.0 0.1 0.0 0.0 0.0 0.0 0.0 0.0 0.0
51.5302612862 117.724776677 166.820549798 0.0 0.0 1.0 0.0 0.1 0.0 0.0 0.0 0.0 0.0 0.0 0.0
6.64309162187 175.887245393 142.125914192 0.0 0.0 1.0 0.0 0.1 0.0 0.0 0.0 0.0 0.0 0.0 0.0
196.07114895 96.5070773263 82.6154804332 0.0 0.0 1.0 0.0 0.1 0.0 0.0 0.0 0.0 0.0 0.0 0.0
145.178441118 199.977717846 85.2593538179 0.0 0.0 1.0 0.0 0.1 0.0 0.0 0.0 0.0 0.0 0.0 0.0
114.762427294 110.171174346 68.3262153444 0.0 0.0 1.0 0.0 0.1 0.0 0.0 0.0 0.0 0.0 0.0 0.0
179.894213271 116.196731771 33.1294358815 0.0 0.0 1.0 0.0 0.1 0.0 0.0 0.0 0.0 0.0 0.0 0.0
70.2414425388 131.796395102 116.472317043 0.0 0.0 1.0 0.0 0.1 0.0 0.0 0.0 0.0 0.0 0.0 0.0
150.320875817 97.8219236332 152.66803805 0.0 0.0 1.0 0.0 0.1 0.0 0.0 0.0 0.0 0.0 0.0 0.0
155.995041122 23.1557497113 174.348076376 0.0 0.0 1.0 0.0 0.1 0.0 0.0 0.0 0.0 0.0 0.0 0.0
111.153230712 92.0994341977 60.5425568282 0.0 0.0 1.0 0.0 0.1 0.0 0.0 0.0 0.0 0.0 0.0 0.0
194.223274973 23.6798610901 111.930207114 0.0 0.0 1.0 0.0 0.1 0.0 0.0 0.0 0.0 0.0 0.0 0.0
27.8675002691 11.6539877482 177.581699452 0.0 0.0 1.0 0.0 0.1 0.0 0.0 0.0 0.0 0.0 0.0 0.0
93.3284487036 196.495067766 51.5674428221 0.0 0.0 1.0 0.0 0.1 0.0 0.0 0.0 0.0 0.0 0.0 0.0
31.7666893205 65.385846241 81.4799382269 0.0 0.0 1.0 0.0 0.1 0.0 0.0 0.0 0.0 0.0 0.0 0.0
40.4876042846 141.70092884 70.4808595354 0.0 0.0 1.0 0.0 0.1 0.0 0.0 0.0 0.0 0.0 0.0 0.0
86.1205285803 118.181083753 156.314024821 0.0 0.0 1.0 0.0 0.1 0.0 0.0 0.0 0.0 0.0 0.0 0.0
88.1502083389 9.49934230024 181.220807211 0.0 0.0 1.0 0.0 0.1 0.0 0.0 0.0 0.0 0.0 0.0 0.0
49.6335465561 10.7438243349 40.2900725298 0.0 0.0 1.0 0.0 0.1 0.0 0.0 0.0 0.0 0.0 0.0 0.0
116.975843578 33.0394864088 199.473833733 0.0 0.0 1.0 0.0 0.1 0.0 0.0 0.0 0.0 0.0 0.0 0.0
57.5565665224 54.8402139382 127.137806163 0.0 0.0 1.0 0.0 0.1 0.0 0.0 0.0 0.0 0.0 0.0 0.0
159.252409136 172.234011566 109.721124058 0.0 0.0 1.0 0.0 0.1 0.0 0.0 0.0 0.0 0.0 0.0 0.0
42.862841073 71.1900697836 5.81401402339 0.0 0.0 1.0 0.0 0.1 0.0 0.0 0.0 0.0 0.0 0.0 0.0
92.8299122157 79.1018166639 8.28752846008 0.0 0.0 1.0 0.0 0.1 0.0 0.0 0.0 0.0 0.0 0.0 0.0
58.8805162013 140.307997257 89.8285552654 0.0 0.0 1.0 0.0 0.1 0.0 0.0 0.0 0.0 0.0 0.0 0.0
15.9700709553 144.333637046 142.719414221 0.0 0.0 1.0 0.0 0.1 0.0 0.0 0.0 0.0 0.0 0.0 0.0
183.356110338 78.2312182392 31.6380632189 0.0 0.0 1.0 0.0 0.1 0.0 0.0 0.0 0.0 0.0 0.0 0.0
100.52513728 43.9191160333 166.129793393 0.0 0.0 1.0 0.0 0.1 0.0 0.0 0.0 0.0 0.0 0.0 0.0
117.384656619 26.6853234666 183.34593179 0.0 0.0 1.0 0.0 0.1 0.0 0.0 0.0 0.0 0.0 0.0 0.0
42.5002926703 32.8000284552 147.051173415 0.0 0.0 1.0 0.0 0.1 0.0 0.0 0.0 0.0 0.0 0.0 0.0
11.4215201629 94.4159695391 191.817927209 0.0 0.0 1.0 0.0 0.1 0.0 0.0 0.0 0.0 0.0 0.0 0.0
95.0313509393 198.171039664 88.4543237964 0.0 0.0 1.0 0.0 0.1 0.0 0.0 0.0 0.0 0.0 0.0 0.0
171.758827233 61.1993025096 115.398677945 0.0 0.0 1.0 0.0 0.1 0.0 0.0 0.0 0.0 0.0 0.0 0.0
165.740457022 192.170110818 62.0497042223 0.0 0.0 1.0 0.0 0.1 0.0 0.0 0.0 0.0 0.0 0.0 0.0
171.724802332 61.2836699945 111.942993106 0.0 0.0 1.0 0.0 0.1 0.0 0.0 0.0 0.0 0.0 0.0 0.0
24.311283872 82.4122512339 100.07712772 0.0 0.0 1.0 0.0 0.1 0.0 0.0 0.0 0.0 0.0 0.0 0.0
71.196219496 12.6458670866 120.257205993 0.0 0.0 1.0 0.0 0.1 0.0 0.0 0.0 0.0 0.0 0.0 0.0
120.755037353 58.8980710362 78.4922792767 0.0 0.0 1.0 0.0 0.1 0.0 0.0 0.0 0.0 0.0 0.0 0.0
133.706537126 142.674871279 8.22030399571 0.0 0.0 1.0 0.0 0.1 0.0 0.0 0.0 0.0 0.0 0.0 0.0
145.017937542 174.984496366 156.214793981 0.0 0.0 1.0 0.0 0.1 0.0 0.0 0.0 0.0 0.0 0.0 0.0
121.883713902 198.243683856 152.940705993 0.0 0.0 1.0 0.0 0.1 0.0 0.0 0.0 0.0 0.0 0.0 0.0
42.917495938 1.2428419602 3.00842788797 0.0 0.0 1.0 0.0 0.1 0.0 0.0 0.0 0.0 0.0 0.0 0.0
80.1311253049 180.462264874 192.256281429 0.0 0.0 1.0 0.0 0.1 0.0 0.0 0.0 0.0 0.0 0.0 0.0
125.893014998 138.753743874 139.518604526 0.0 0.0 1.0 0.0 0.1 0.0 0.0 0.0 0.0 0.0 0.0 0.0
5.60221404478 121.005807904 102.539053959 0.0 0.0 1.0 0.0 0.1 0.0 0.0 0.0 0.0 0.0 0.0 0.0
86.2246801531 62.4882607308 80.8298991463 0.0 0.0 1.0 0.0 0.1 0.0 0.0 0.0 0.0 0.0 0.0 0.0
108.949048966 31.999816031 160.193329459 0.0 0.0 1.0 0.0 0.1 0.0 0.0 0.0 0.0 0.0 0.0 0.0
163.132194815 167.220588336 199.854221756 0.0 0.0 1.0 0.0 0.1 0.0 0.0 0.0 0.0 0.0 0.0 0.0
187.41108506 186.467352587 35.3761555067 0.0 0.0 1.0 0.0 0.1 0.0 0.0 0.0 0.0 0.0 0.0 0.0
40.4586752361 177.234700371 100.408611535 0.0 0.0 1.0 0.0 0.1 0.0 0.0 0.0 0.0 0.0 0.0 0.0
28.9137841381 82.2404814612 176.023505922 0.0 0.0 1.0 0.0 0.1 0.0 0.0 0.0 0.0 0.0 0.0 0.0
109.752347932 75.5101626344 153.622383608 0.0 0.0 1.0 0.0 0.1 0.0 0.0 0.0 0.0 0.0 0.0 0.0
19.5725055485 39.3479557104 111.766961348 0.0 0.0 1.0 0.0 0.1 0.0 0.0 0.0 0.0 0.0 0.0 0.0
0.213327530718 178.464978432 122.450485522 0.0 0.0 1.0 0.0 0.1 0.0 0.0 0.0 0.0 0.0 0.0 0.0
142.982286355 8.56910846103 123.10733702 0.0 0.0 1.0 0.0 0.1 0.0 0.0 0.0 0.0 0.0 0.0 0.0
140.989248561 88.9601886122 78.0270897565 0.0 0.0 1.0 0.0 0.1 0.0 0.0 0.0 0.0 0.0 0.0 0.0
70.1203174402 40.55956228 181.501046693 0.0 0.0 1.0 0.0 0.1 0.0 0.0 0.0 0.0 0.0 0.0 0.0
116.254146662 126.757281756 54.8335160489 0.0 0.0 1.0 0.0 0.1 0.0 0.0 0.0 0.0 0.0 0.0 0.0
85.8465599383 166.859427159 56.9492301061 0.0 0.0 1.0 0.0 0.1 0.0 0.0 0.0 0.0 0.0 0.0 0.0
71.9945414982 187.807795113 172.100093246 0.0 0.0 1.0 0.0 0.1 0.0 0.0 0.0 0.0 0.0 0.0 0.0
146.870439828 171.478605828 74.0291596574 0.0 0.0 1.0 0.0 0.1 0.0 0.0 0.0 0.0 0.0 0.0 0.0
77.6116950315 71.2930526738 45.8845474506 0.0 0.0 1.0 0.0 0.1 0.0 0.0 0.0 0.0 0.0 0.0 0.0
148.757911126 91.1770726609 79.9581078747 0.0 0.0 1.0 0.0 0.1 0.0 0.0 0.0 0.0 0.0 0.0 0.0
178.492948008 184.377270267 113.130180756 0.0 0.0 1.0 0.0 0.1 0.0 0.0 0.0 0.0 0.0 0.0 0.0
132.670982743 96.6960042309 105.195077967 0.0 0.0 1.0 0.0 0.1 0.0 0.0 0.0 0.0 0.0 0.0 0.0
81.9549927902 160.201512074 195.871757997 0.0 0.0 1.0 0.0 0.1 0.0 0.0 0.0 0.0 0.0 0.0 0.0
53.4589949747 50.100905929 170.2852502 0.0 0.0 1.0 0.0 0.1 0.0 0.0 0.0 0.0 0.0 0.0 0.0
170.59437716 114.828170658 92.4215085178 0.0 0.0 1.0 0.0 0.1 0.0 0.0 0.0 0.0 0.0 0.0 0.0
158.601485089 81.9181445981 108.463630378 0.0 0.0 1.0 0.0 0.1 0.0 0.0 0.0 0.0 0.0 0.0 0.0
95.8658838134 160.39137119 189.032087859 0.0 0.0 1.0 0.0 0.1 0.0 0.0 0.0 0.0 0.0 0.0 0.0
30.521529539 107.296978166 51.0903613897 0.0 0.0 1.0 0.0 0.1 0.0 0.0 0.0 0.0 0.0 0.0 0.0
160.259278732 198.985462017 105.330455827 0.0 0.0 1.0 0.0 0.1 0.0 0.0 0.0 0.0 0.0 0.0 0.0
109.561050282 113.145592051 82.3989001196 0.0 0.0 1.0 0.0 0.1 0.0 0.0 0.0 0.0 0.0 0.0 0.0
91.5559312871 80.9098413941 78.7659587589 0.0 0.0 1.0 0.0 0.1 0.0 0.0 0.0 0.0 0.0 0.0 0.0
22.7114701373 97.3405916985 52.8241987507 0.0 0.0 1.0 0.0 0.1 0.0 0.0 0.0 0.0 0.0 0.0 0.0
39.6354447539 77.7373158513 22.8717986957 0.0 0.0 1.0 0.0 0.1 0.0 0.0 0.0 0.0 0.0 0.0 0.0
182.198794768 74.2094530728 20.6790125415 0.0 0.0 1.0 0.0 0.1 0.0 0.0 0.0 0.0 0.0 0.0 0.0
4.0996208948 64.9518591567 132.537421237 0.0 0.0 1.0 0.0 0.1 0.0 0.0 0.0 0.0 0.0 0.0 0.0
47.0525430551 183.128851776 47.9218908952 0.0 0.0 1.0 0.0 0.1 0.0 0.0 0.0 0.0 0.0 0.0 0.0
55.9635673684 124.526013636 84.2408084751 0.0 0.0 1.0 0.0 0.1 0.0 0.0 0.0 0.0 0.0 0.0 0.0
129.214836682 145.493052335 152.779056491 0.0 0.0 1.0 0.0 0.1 0.0 0.0 0.0 0.0 0.0 0.0 0.0
88.5360279142 2.84812466587 184.528951024 0.0 0.0 1.0 0.0 0.1 0.0 0.0 0.0 0.0 0.0 0.0 0.0
187.659840998 11.5542199067 145.431615554 0.0 0.0 1.0 0.0 0.1 0.0 0.0 0.0 0.0 0.0 0.0 0.0
39.7785509951 19.5010612769 41.8376637907 0.0 0.0 1.0 0.0 0.1 0.0 0.0 0.0 0.0 0.0 0.0 0.0
121.603894518 193.450149492 114.768110965 0.0 0.0 1.0 0.0 0.1 0.0 0.0 0.0 0.0 0.0 0.0 0.0
127.501773007 33.8755142313 185.264032282 0.0 0.0 1.0 0.0 0.1 0.0 0.0 0.0 0.0 0.0 0.0 0.0
176.597809845 179.485478485 28.4403947666 0.0 0.0 1.0 0.0 0.1 0.0 0.0 0.0 0.0 0.0 0.0 0.0
59.9440801753 92.5276557167 9.27369334573 0.0 0.0 1.0 0.0 0.1 0.0 0.0 0.0 0.0 0.0 0.0 0.0
72.9691282289 0.995949822854 73.8598556907 0.0 0.0 1.0 0.0 0.1 0.0 0.0 0.0 0.0 0.0 0.0 0.0
51.1014544291 125.633432018 173.717167147 0.0 0.0 1.0 0.0 0.1 0.0 0.0 0.0 0.0 0.0 0.0 0.0
136.063874752 137.50839996 197.947501872 0.0 0.0 1.0 0.0 0.1 0.0 0.0 0.0 0.0 0.0 0.0 0.0
180.148938047 109.334340539 27.9017801132 0.0 0.0 1.0 0.0 0.1 0.0 0.0 0.0 0.0 0.0 0.0 0.0
48.3415868841 58.8298584594 192.796751923 0.0 0.0 1.0 0.0 0.1 0.0 0.0 0.0 0.0 0.0 0.0 0.0
168.91551551 135.097404255 148.303173184 0.0 0.0 1.0 0.0 0.1 0.0 0.0 0.0 0.0 0.0 0.0 0.0
17.6515665612 53.6774727593 126.038634726 0.0 0.0 1.0 0.0 0.1 0.0 0.0 0.0 0.0 0.0 0.0 0.0
80.6134483762 44.5513458192 173.429212944 0.0 0.0 1.0 0.0 0.1 0.0 0.0 0.0 0.0 0.0 0.0 0.0
124.786277035 109.15501046 20.6934443547 0.0 0.0 1.0 0.0 0.1 0.0 0.0 0.0 0.0 0.0 0.0 0.0
83.9085202764 81.4798157628 114.415188958 0.0 0.0 1.0 0.0 0.1 0.0 0.0 0.0 0.0 0.0 0.0 0.0
101.26028967 35.0210272031 153.950323678 0.0 0.0 1.0 0.0 0.1 0.0 0.0 0.0 0.0 0.0 0.0 0.0
32.2975747143 127.935459528 139.505443089 0.0 0.0 1.0 0.0 0.1 0.0 0.0 0.0 0.0 0.0 0.0 0.0
151.14736507 169.495544387 67.7726162257 0.0 0.0 1.0 0.0 0.1 0.0 0.0 0.0 0.0 0.0 0.0 0.0
60.9704707224 191.737155537 158.738387923 0.0 0.0 1.0 0.0 0.1 0.0 0.0 0.0 0.0 0.0 0.0 0.0
80.1193851777 173.885167702 128.483506016 0.0 0.0 1.0 0.0 0.1 0.0 0.0 0.0 0.0 0.0 0.0 0.0
15.6148528959 126.775455917 5.93861793724 0.0 0.0 1.0 0.0 0.1 0.0 0.0 0.0 0.0 0.0 0.0 0.0
122.134361548 14.5643860164 43.6292570641 0.0 0.0 1.0 0.0 0.1 0.0 0.0 0.0 0.0 0.0 0.0 0.0
49.0771351097 148.388881857 189.559508495 0.0 0.0 1.0 0.0 0.1 0.0 0.0 0.0 0.0 0.0 0.0 0.0
32.910757653 110.541229231 132.540028611 0.0 0.0 1.0 0.0 0.1 0.0 0.0 0.0 0.0 0.0 0.0 0.0
175.311693217 162.960158357 182.478229525 0.0 0.0 1.0 0.0 0.1 0.0 0.0 0.0 0.0 0.0 0.0 0.0
52.9664877353 20.0322230442 177.513266203 0.0 0.0 1.0 0.0 0.1 0.0 0.0 0.0 0.0 0.0 0.0 0.0
37.6852411611 54.3914310318 12.4433639186 0.0 0.0 1.0 0.0 0.1 0.0 0.0 0.0 0.0 0.0 0.0 0.0
72.9588876305 177.965788914 29.7787128365 0.0 0.0 1.0 0.0 0.1 0.0 0.0 0.0 0.0 0.0 0.0 0.0
17.8563388058 15.2998514398 155.256339985 0.0 0.0 1.0 0.0 0.1 0.0 0.0 0.0 0.0 0.0 0.0 0.0
153.372224353 8.93663929628 51.0257776205 0.0 0.0 1.0 0.0 0.1 0.0 0.0 0.0 0.0 0.0 0.0 0.0
55.2487255141 67.3506382243 79.2685398345 0.0 0.0 1.0 0.0 0.1 0.0 0.0 0.0 0.0 0.0 0.0 0.0
10.7530947871 88.5634090713 119.711038202 0.0 0.0 1.0 0.0 0.1 0.0 0.0 0.0 0.0 0.0 0.0 0.0
184.032737173 47.2206304779 197.930074293 0.0 0.0 1.0 0.0 0.1 0.0 0.0 0.0 0.0 0.0 0.0 0.0
58.0292471225 160.416181773 160.317225697 0.0 0.0 1.0 0.0 0.1 0.0 0.0 0.0 0.0 0.0 0.0 0.0
92.8297913536 180.623700775 126.59713439 0.0 0.0 1.0 0.0 0.1 0.0 0.0 0.0 0.0 0.0 0.0 0.0
174.705183047 152.028187146 189.279219966 0.0 0.0 1.0 0.0 0.1 0.0 0.0 0.0 0.0 0.0 0.0 0.0
68.368975422 164.957809118 4.18759565845 0.0 0.0 1.0 0.0 0.1 0.0 0.0 0.0 0.0 0.0 0.0 0.0
111.810653052 139.270524557 38.5123287275 0.0 0.0 1.0 0.0 0.1 0.0 0.0 0.0 0.0 0.0 0.0 0.0
54.2840862268 31.9825565563 179.421305794 0.0 0.0 1.0 0.0 0.1 0.0 0.0 0.0 0.0 0.0 0.0 0.0
13.6496966519 26.7518848226 9.93875027443 0.0 0.0 1.0 0.0 0.1 0.0 0.0 0.0 0.0 0.0 0.0 0.0
64.3531132536 171.730312415 56.8229728842 0.0 0.0 1.0 0.0 0.1 0.0 0.0 0.0 0.0 0.0 0.0 0.0
18.2390077415 175.690509614 93.2737633039 0.0 0.0 1.0 0.0 0.1 0.0 0.0 0.0 0.0 0.0 0.0 0.0
23.5108776858 39.6351561612 131.210421762 0.0 0.0 1.0 0.0 0.1 0.0 0.0 0.0 0.0 0.0 0.0 0.0
93.3635658799 27.6342278427 2.70997142089 0.0 0.0 1.0 0.0 0.1 0.0 0.0 0.0 0.0 0.0 0.0 0.0
4.32174240503 135.795096612 15.0987965254 0.0 0.0 1.0 0.0 0.1 0.0 0.0 0.0 0.0 0.0 0.0 0.0
194.925183103 96.8518392245 64.9572455314 0.0 0.0 1.0 0.0 0.1 0.0 0.0 0.0 0.0 0.0 0.0 0.0
21.7250264621 6.48383227297 24.3708901618 0.0 0.0 1.0 0.0 0.1 0.0 0.0 0.0 0.0 0.0 0.0 0.0
69.9379007401 82.8406063734 148.660589221 0.0 0.0 1.0 0.0 0.1 0.0 0.0 0.0 0.0 0.0 0.0 0.0
155.614165739 47.7883334913 189.078959615 0.0 0.0 1.0 0.0 0.1 0.0 0.0 0.0 0.0 0.0 0.0 0.0
51.3870968122 110.233207159 139.147803365 0.0 0.0 1.0 0.0 0.1 0.0 0.0 0.0 0.0 0.0 0.0 0.0
38.8166279661 79.6652922904 87.4470003345 0.0 0.0 1.0 0.0 0.1 0.0 0.0 0.0 0.0 0.0 0.0 0.0
131.916511262 0.902654832783 42.5637625212 0.0 0.0 1.0 0.0 0.1 0.0 0.0 0.0 0.0 0.0 0.0 0.0
76.0209218357 181.902693022 106.971421298 0.0 0.0 1.0 0.0 0.1 0.0 0.0 0.0 0.0 0.0 0.0 0.0
175.452192951 16.7832219602 143.192406153 0.0 0.0 1.0 0.0 0.1 0.0 0.0 0.0 0.0 0.0 0.0 0.0
51.5376192692 147.312716274 63.7410950943 0.0 0.0 1.0 0.0 0.1 0.0 0.0 0.0 0.0 0.0 0.0 0.0
118.795519551 84.7632958862 13.4758362124 0.0 0.0 1.0 0.0 0.1 0.0 0.0 0.0 0.0 0.0 0.0 0.0
178.366311412 129.735382015 1.02002894852 0.0 0.0 1.0 0.0 0.1 0.0 0.0 0.0 0.0 0.0 0.0 0.0
11.776120589 16.2320229067 151.668938382 0.0 0.0 1.0 0.0 0.1 0.0 0.0 0.0 0.0 0.0 0.0 0.0
139.151015808 12.8802681287 169.735072796 0.0 0.0 1.0 0.0 0.1 0.0 0.0 0.0 0.0 0.0 0.0 0.0
52.4352666652 156.38531886 136.257318719 0.0 0.0 1.0 0.0 0.1 0.0 0.0 0.0 0.0 0.0 0.0 0.0
150.322239056 163.877686489 154.604992626 0.0 0.0 1.0 0.0 0.1 0.0 0.0 0.0 0.0 0.0 0.0 0.0
199.59753093 173.513198605 191.311836427 0.0 0.0 1.0 0.0 0.1 0.0 0.0 0.0 0.0 0.0 0.0 0.0
72.4198316576 30.5996523597 126.417498786 0.0 0.0 1.0 0.0 0.1 0.0 0.0 0.0 0.0 0.0 0.0 0.0
182.736898308 105.444185953 35.0285788456 0.0 0.0 1.0 0.0 0.1 0.0 0.0 0.0 0.0 0.0 0.0 0.0
173.401981201 108.601566479 4.43336678611 0.0 0.0 1.0 0.0 0.1 0.0 0.0 0.0 0.0 0.0 0.0 0.0
25.4773288454 195.519598543 196.172809913 0.0 0.0 1.0 0.0 0.1 0.0 0.0 0.0 0.0 0.0 0.0 0.0
50.0129013401 14.9368619895 183.230080163 0.0 0.0 1.0 0.0 0.1 0.0 0.0 0.0 0.0 0.0 0.0 0.0
126.934659331 21.225498249 151.675990172 0.0 0.0 1.0 0.0 0.1 0.0 0.0 0.0 0.0 0.0 0.0 0.0
182.138670383 147.512449795 148.223002058 0.0 0.0 1.0 0.0 0.1 0.0 0.0 0.0 0.0 0.0 0.0 0.0
176.115965938 32.6574734022 76.5216925306 0.0 0.0 1.0 0.0 0.1 0.0 0.0 0.0 0.0 0.0 0.0 0.0
179.136462693 121.786832121 82.8186025062 0.0 0.0 1.0 0.0 0.1 0.0 0.0 0.0 0.0 0.0 0.0 0.0
93.0771970476 30.2041578566 76.8224179719 0.0 0.0 1.0 0.0 0.1 0.0 0.0 0.0 0.0 0.0 0.0 0.0
177.849011998 165.249763434 147.291931156 0.0 0.0 1.0 0.0 0.1 0.0 0.0 0.0 0.0 0.0 0.0 0.0
155.81693482 162.134642745 189.732303856 0.0 0.0 1.0 0.0 0.1 0.0 0.0 0.0 0.0 0.0 0.0 0.0
58.660728384 85.4944131855 143.225680957 0.0 0.0 1.0 0.0 0.1 0.0 0.0 0.0 0.0 0.0 0.0 0.0
96.0030160076 65.5126851738 9.27693154678 0.0 0.0 1.0 0.0 0.1 0.0 0.0 0.0 0.0 0.0 0.0 0.0
5.53389903554 147.021687301 190.735155399 0.0 0.0 1.0 0.0 0.1 0.0 0.0 0.0 0.0 0.0 0.0 0.0
41.6061366048 174.926741586 7.62662738754 0.0 0.0 1.0 0.0 0.1 0.0 0.0 0.0 0.0 0.0 0.0 0.0
130.606179781 97.3911253957 133.592265145 0.0 0.0 1.0 0.0 0.1 0.0 0.0 0.0 0.0 0.0 0.0 0.0
12.6182442498 63.3773986773 117.910002726 0.0 0.0 1.0 0.0 0.1 0.0 0.0 0.0 0.0 0.0 0.0 0.0
192.70382753 171.447193432 137.695567288 0.0 0.0 1.0 0.0 0.1 0.0 0.0 0.0 0.0 0.0 0.0 0.0
71.3645406534 16.6591541221 45.3534811025 0.0 0.0 1.0 0.0 0.1 0.0 0.0 0.0 0.0 0.0 0.0 0.0
86.6802268627 111.894105921 81.9384397295 0.0 0.0 1.0 0.0 0.1 0.0 0.0 0.0 0.0 0.0 0.0 0.0
53.6647853954 89.5812195281 134.299716519 0.0 0.0 1.0 0.0 0.1 0.0 0.0 0.0 0.0 0.0 0.0 0.0
31.6033714692 148.527853894 132.106007984 0.0 0.0 1.0 0.0 0.1 0.0 0.0 0.0 0.0 0.0 0.0 0.0
158.993526025 88.8219948758 4.31270782785 0.0 0.0 1.0 0.0 0.1 0.0 0.0 0.0 0.0 0.0 0.0 0.0
30.5716953545 96.9368245458 1.51470041346 0.0 0.0 1.0 0.0 0.1 0.0 0.0 0.0 0.0 0.0 0.0 0.0
105.142240614 7.47207855151 175.40096223 0.0 0.0 1.0 0.0 0.1 0.0 0.0 0.0 0.0 0.0 0.0 0.0
42.0090994304 6.13771451503 191.463481602 0.0 0.0 1.0 0.0 0.1 0.0 0.0 0.0 0.0 0.0 0.0 0.0
77.2478699829 151.946110197 90.4159084297 0.0 0.0 1.0 0.0 0.1 0.0 0.0 0.0 0.0 0.0 0.0 0.0
59.4411494966 128.727069505 172.58913191 0.0 0.0 1.0 0.0 0.1 0.0 0.0 0.0 0.0 0.0 0.0 0.0
55.8228640057 12.8668135449 44.809263182 0.0 0.0 1.0 0.0 0.1 0.0 0.0 0.0 0.0 0.0 0.0 0.0
62.3866072863 0.335650033759 103.648490375 0.0 0.0 1.0 0.0 0.1 0.0 0.0 0.0 0.0 0.0 0.0 0.0
176.335633215 5.64673735146 84.8066001658 0.0 0.0 1.0 0.0 0.1 0.0 0.0 0.0 0.0 0.0 0.0 0.0
175.510887798 185.871208037 7.32559327174 0.0 0.0 1.0 0.0 0.1 0.0 0.0 0.0 0.0 0.0 0.0 0.0
123.313157472 144.47803536 112.80787506 0.0 0.0 1.0 0.0 0.1 0.0 0.0 0.0 0.0 0.0 0.0 0.0
171.071824864 139.390601484 78.0547343095 0.0 0.0 1.0 0.0 0.1 0.0 0.0 0.0 0.0 0.0 0.0 0.0
46.0630511972 149.965294872 77.1984977485 0.0 0.0 1.0 0.0 0.1 0.0 0.0 0.0 0.0 0.0 0.0 0.0
72.4315082382 1.09057548941 58.8653529334 0.0 0.0 1.0 0.0 0.1 0.0 0.0 0.0 0.0 0.0 0.0 0.0
181.886429918 137.129644157 91.5040071604 0.0 0.0 1.0 0.0 0.1 0.0 0.0 0.0 0.0 0.0 0.0 0.0
7.68008249191 115.361248375 144.269082647 0.0 0.0 1.0 0.0 0.1 0.0 0.0 0.0 0.0 0.0 0.0 0.0
194.502127995 194.881403934 42.3680440835 0.0 0.0 1.0 0.0 0.1 0.0 0.0 0.0 0.0 0.0 0.0 0.0
170.837426902 157.216808497 195.596836123 0.0 0.0 1.0 0.0 0.1 0.0 0.0 0.0 0.0 0.0 0.0 0.0
171.997502979 58.8511687071 34.4810981193 0.0 0.0 1.0 0.0 0.1 0.0 0.0 0.0 0.0 0.0 0.0 0.0
24.8778481401 147.273605717 98.4216991293 0.0 0.0 1.0 0.0 0.1 0.0 0.0 0.0 0.0 0.0 0.0 0.0
115.247189174 141.759156941 190.042707726 0.0 0.0 1.0 0.0 0.1 0.0 0.0 0.0 0.0 0.0 0.0 0.0
169.246444766 94.743241503 184.407794384 0.0 0.0 1.0 0.0 0.1 0.0 0.0 0.0 0.0 0.0 0.0 0.0
14.3190343597 96.2141814703 131.474480421 0.0 0.0 1.0 0.0 0.1 0.0 0.0 0.0 0.0 0.0 0.0 0.0
192.69668694 54.3239880957 6.57156833273 0.0 0.0 1.0 0.0 0.1 0.0 0.0 0.0 0.0 0.0 0.0 0.0
77.3817716566 197.270262042 55.5814365785 0.0 0.0 1.0 0.0 0.1 0.0 0.0 0.0 0.0 0.0 0.0 0.0
6.97984564615 54.0197327162 59.0143042317 0.0 0.0 1.0 0.0 0.1 0.0 0.0 0.0 0.0 0.0 0.0 0.0
172.687732231 15.1581881863 140.340925686 0.0 0.0 1.0 0.0 0.1 0.0 0.0 0.0 0.0 0.0 0.0 0.0
94.4087467832 168.764929158 74.3857243939 0.0 0.0 1.0 0.0 0.1 0.0 0.0 0.0 0.0 0.0 0.0 0.0
20.18307064 75.4747136328 76.5250692192 0.0 0.0 1.0 0.0 0.1 0.0 0.0 0.0 0.0 0.0 0.0 0.0
190.201574295 105.528147558 156.235440589 0.0 0.0 1.0 0.0 0.1 0.0 0.0 0.0 0.0 0.0 0.0 0.0
38.3860185905 194.489156095 72.3432329396 0.0 0.0 1.0 0.0 0.1 0.0 0.0 0.0 0.0 0.0 0.0 0.0
126.059664545 131.14573622 161.461446784 0.0 0.0 1.0 0.0 0.1 0.0 0.0 0.0 0.0 0.0 0.0 0.0
99.9885337349 142.890207903 136.293371574 0.0 0.0 1.0 0.0 0.1 0.0 0.0 0.0 0.0 0.0 0.0 0.0
132.297153972 163.21360287 59.0598794114 0.0 0.0 1.0 0.0 0.1 0.0 0.0 0.0 0.0 0.0 0.0 0.0
39.2197714318 182.054495787 130.70408282 0.0 0.0 1.0 0.0 0.1 0.0 0.0 0.0 0.0 0.0 0.0 0.0
123.223374077 150.169948471 5.79484302897 0.0 0.0 1.0 0.0 0.1 0.0 0.0 0.0 0.0 0.0 0.0 0.0
56.6066059481 128.836371609 190.837565936 0.0 0.0 1.0 0.0 0.1 0.0 0.0 0.0 0.0 0.0 0.0 0.0
131.777414136 124.758436343 46.7229743669 0.0 0.0 1.0 0.0 0.1 0.0 0.0 0.0 0.0 0.0 0.0 0.0
8.53199668021 83.9968390608 142.20366171 0.0 0.0 1.0 0.0 0.1 0.0 0.0 0.0 0.0 0.0 0.0 0.0
145.758194533 27.3895691202 155.280838858 0.0 0.0 1.0 0.0 0.1 0.0 0.0 0.0 0.0 0.0 0.0 0.0
162.717862637 49.1207065181 79.7017089877 0.0 0.0 1.0 0.0 0.1 0.0 0.0 0.0 0.0 0.0 0.0 0.0
10.9602065526 31.292752931 195.078541931 0.0 0.0 1.0 0.0 0.1 0.0 0.0 0.0 0.0 0.0 0.0 0.0
163.849688614 70.3924771784 73.1756172712 0.0 0.0 1.0 0.0 0.1 0.0 0.0 0.0 0.0 0.0 0.0 0.0
63.4678557024 140.152432954 17.1329139863 0.0 0.0 1.0 0.0 0.1 0.0 0.0 0.0 0.0 0.0 0.0 0.0
58.8744745291 3.97744087684 186.354471391 0.0 0.0 1.0 0.0 0.1 0.0 0.0 0.0 0.0 0.0 0.0 0.0
118.790437534 92.7374177742 49.977677544 0.0 0.0 1.0 0.0 0.1 0.0 0.0 0.0 0.0 0.0 0.0 0.0
36.7704766759 31.0920067426 88.0860642075 0.0 0.0 1.0 0.0 0.1 0.0 0.0 0.0 0.0 0.0 0.0 0.0
92.7698652577 122.414267862 80.695580799 0.0 0.0 1.0 0.0 0.1 0.0 0.0 0.0 0.0 0.0 0.0 0.0
75.7613600467 152.735116451 157.818000454 0.0 0.0 1.0 0.0 0.1 0.0 0.0 0.0 0.0 0.0 0.0 0.0
39.116320285 25.0959273105 160.852738636 0.0 0.0 1.0 0.0 0.1 0.0 0.0 0.0 0.0 0.0 0.0 0.0
13.2985992169 83.7398126999 173.050234556 0.0 0.0 1.0 0.0 0.1 0.0 0.0 0.0 0.0 0.0 0.0 0.0
163.622716508 60.0212379491 9.02794122244 0.0 0.0 1.0 0.0 0.1 0.0 0.0 0.0 0.0 0.0 0.0 0.0
180.515264159 142.064517426 129.184314769 0.0 0.0 1.0 0.0 0.1 0.0 0.0 0.0 0.0 0.0 0.0 0.0
102.141433193 3.99149833748 43.9027985392 0.0 0.0 1.0 0.0 0.1 0.0 0.0 0.0 0.0 0.0 0.0 0.0
105.539906651 85.1841505621 32.1314022951 0.0 0.0 1.0 0.0 0.1 0.0 0.0 0.0 0.0 0.0 0.0 0.0
128.267304004 135.619407025 140.434192842 0.0 0.0 1.0 0.0 0.1 0.0 0.0 0.0 0.0 0.0 0.0 0.0
5.25756047597 35.3374744428 168.408989582 0.0 0.0 1.0 0.0 0.1 0.0 0.0 0.0 0.0 0.0 0.0 0.0
177.414300775 50.212692503 135.12585572 0.0 0.0 1.0 0.0 0.1 0.0 0.0 0.0 0.0 0.0 0.0 0.0
36.8531675146 116.853963241 17.6664885886 0.0 0.0 1.0 0.0 0.1 0.0 0.0 0.0 0.0 0.0 0.0 0.0
21.9902940057 180.526315921 61.7692173579 0.0 0.0 1.0 0.0 0.1 0.0 0.0 0.0 0.0 0.0 0.0 0.0
41.5714856138 180.321230979 33.8476279464 0.0 0.0 1.0 0.0 0.1 0.0 0.0 0.0 0.0 0.0 0.0 0.0
154.864233729 151.321551942 151.229654287 0.0 0.0 1.0 0.0 0.1 0.0 0.0 0.0 0.0 0.0 0.0 0.0
181.689704271 195.122592282 101.710159063 0.0 0.0 1.0 0.0 0.1 0.0 0.0 0.0 0.0 0.0 0.0 0.0
151.908365288 42.1456883447 96.5060273722 0.0 0.0 1.0 0.0 0.1 0.0 0.0 0.0 0.0 0.0 0.0 0.0
74.078277283 15.0414770757 48.322031309 0.0 0.0 1.0 0.0 0.1 0.0 0.0 0.0 0.0 0.0 0.0 0.0
198.892126805 39.5624167453 36.1909704037 0.0 0.0 1.0 0.0 0.1 0.0 0.0 0.0 0.0 0.0 0.0 0.0
116.216228865 170.543324317 138.338995541 0.0 0.0 1.0 0.0 0.1 0.0 0.0 0.0 0.0 0.0 0.0 0.0
187.021866954 86.2126187856 126.972866377 0.0 0.0 1.0 0.0 0.1 0.0 0.0 0.0 0.0 0.0 0.0 0.0
7.9079156718 23.0068564705 160.779099603 0.0 0.0 1.0 0.0 0.1 0.0 0.0 0.0 0.0 0.0 0.0 0.0
129.145266519 27.5147112163 149.874103737 0.0 0.0 1.0 0.0 0.1 0.0 0.0 0.0 0.0 0.0 0.0 0.0
57.2260822031 98.0839641542 132.947865289 0.0 0.0 1.0 0.0 0.1 0.0 0.0 0.0 0.0 0.0 0.0 0.0
67.2394270674 45.8252621082 77.1576156335 0.0 0.0 1.0 0.0 0.1 0.0 0.0 0.0 0.0 0.0 0.0 0.0
147.560928325 130.540099025 12.7252652066 0.0 0.0 1.0 0.0 0.1 0.0 0.0 0.0 0.0 0.0 0.0 0.0
56.8667547452 90.6871736398 74.5254846311 0.0 0.0 1.0 0.0 0.1 0.0 0.0 0.0 0.0 0.0 0.0 0.0
178.54935008 91.9775732105 34.3408916722 0.0 0.0 1.0 0.0 0.1 0.0 0.0 0.0 0.0 0.0 0.0 0.0
159.814097251 135.310876253 52.923398765 0.0 0.0 1.0 0.0 0.1 0.0 0.0 0.0 0.0 0.0 0.0 0.0
45.3392918102 160.823801206 132.393699284 0.0 0.0 1.0 0.0 0.1 0.0 0.0 0.0 0.0 0.0 0.0 0.0
100.019397017 3.55237399338 100.896340125 0.0 0.0 1.0 0.0 0.1 0.0 0.0 0.0 0.0 0.0 0.0 0.0
55.7335547046 46.5672492745 139.921323373 0.0 0.0 1.0 0.0 0.1 0.0 0.0 0.0 0.0 0.0 0.0 0.0
168.042518362 8.11450569633 85.3284996437 0.0 0.0 1.0 0.0 0.1 0.0 0.0 0.0 0.0 0.0 0.0 0.0
15.3575399941 193.787316779 146.222827761 0.0 0.0 1.0 0.0 0.1 0.0 0.0 0.0 0.0 0.0 0.0 0.0
81.0636760557 40.891605987 106.909777075 0.0 0.0 1.0 0.0 0.1 0.0 0.0 0.0 0.0 0.0 0.0 0.0
44.5810077299 89.9281252478 133.887506848 0.0 0.0 1.0 0.0 0.1 0.0 0.0 0.0 0.0 0.0 0.0 0.0
159.897301093 74.3344707123 57.8581929499 0.0 0.0 1.0 0.0 0.1 0.0 0.0 0.0 0.0 0.0 0.0 0.0
177.723657215 155.033608538 185.481865488 0.0 0.0 1.0 0.0 0.1 0.0 0.0 0.0 0.0 0.0 0.0 0.0
131.468526033 190.565830057 165.868407507 0.0 0.0 1.0 0.0 0.1 0.0 0.0 0.0 0.0 0.0 0.0 0.0
168.386696115 132.508039844 93.2922324754 0.0 0.0 1.0 0.0 0.1 0.0 0.0 0.0 0.0 0.0 0.0 0.0
32.6692677801 133.61445305 73.7537361684 0.0 0.0 1.0 0.0 0.1 0.0 0.0 0.0 0.0 0.0 0.0 0.0
140.188941405 104.037563271 93.7822163144 0.0 0.0 1.0 0.0 0.1 0.0 0.0 0.0 0.0 0.0 0.0 0.0
59.2264369197 1.68770783775 13.365762693 0.0 0.0 1.0 0.0 0.1 0.0 0.0 0.0 0.0 0.0 0.0 0.0
191.123460892 30.5428403663 179.598590101 0.0 0.0 1.0 0.0 0.1 0.0 0.0 0.0 0.0 0.0 0.0 0.0
23.1885933899 50.2528229829 2.38771955624 0.0 0.0 1.0 0.0 0.1 0.0 0.0 0.0 0.0 0.0 0.0 0.0
54.2790191503 155.364626055 93.0428775513 0.0 0.0 1.0 0.0 0.1 0.0 0.0 0.0 0.0 0.0 0.0 0.0
76.649150756 45.7631611973 116.220822535 0.0 0.0 1.0 0.0 0.1 0.0 0.0 0.0 0.0 0.0 0.0 0.0
5.49908085895 46.4987686174 144.546794756 0.0 0.0 1.0 0.0 0.1 0.0 0.0 0.0 0.0 0.0 0.0 0.0
163.205939648 87.945985669 184.335009157 0.0 0.0 1.0 0.0 0.1 0.0 0.0 0.0 0.0 0.0 0.0 0.0
38.7012773535 31.5507781636 193.992584895 0.0 0.0 1.0 0.0 0.1 0.0 0.0 0.0 0.0 0.0 0.0 0.0
51.3100910446 72.7782249462 86.5847113503 0.0 0.0 1.0 0.0 0.1 0.0 0.0 0.0 0.0 0.0 0.0 0.0
152.39596918 71.1163822998 10.9144402999 0.0 0.0 1.0 0.0 0.1 0.0 0.0 0.0 0.0 0.0 0.0 0.0
97.2711334115 82.0357279107 174.364965861 0.0 0.0 1.0 0.0 0.1 0.0 0.0 0.0 0.0 0.0 0.0 0.0
14.722831945 173.920095886 83.095674972 0.0 0.0 1.0 0.0 0.1 0.0 0.0 0.0 0.0 0.0 0.0 0.0
98.9096338307 164.852806615 110.326097069 0.0 0.0 1.0 0.0 0.1 0.0 0.0 0.0 0.0 0.0 0.0 0.0
143.045914456 107.257221047 93.3583562241 0.0 0.0 1.0 0.0 0.1 0.0 0.0 0.0 0.0 0.0 0.0 0.0
95.0964946599 109.540588374 13.0460462773 0.0 0.0 1.0 0.0 0.1 0.0 0.0 0.0 0.0 0.0 0.0 0.0
172.217546024 148.458417986 154.39705067 0.0 0.0 1.0 0.0 0.1 0.0 0.0 0.0 0.0 0.0 0.0 0.0
76.7528829663 26.4856373874 195.409894001 0.0 0.0 1.0 0.0 0.1 0.0 0.0 0.0 0.0 0.0 0.0 0.0
21.2616273967 190.842582983 18.1468130364 0.0 0.0 1.0 0.0 0.1 0.0 0.0 0.0 0.0 0.0 0.0 0.0
187.668370286 135.402864473 23.1027701974 0.0 0.0 1.0 0.0 0.1 0.0 0.0 0.0 0.0 0.0 0.0 0.0
120.25143791 7.01445143666 180.518868929 0.0 0.0 1.0 0.0 0.1 0.0 0.0 0.0 0.0 0.0 0.0 0.0
89.0075514822 124.814705886 58.3794804797 0.0 0.0 1.0 0.0 0.1 0.0 0.0 0.0 0.0 0.0 0.0 0.0
42.2818368554 121.754792689 2.94139185897 0.0 0.0 1.0 0.0 0.1 0.0 0.0 0.0 0.0 0.0 0.0 0.0
3.92051085699 78.6543846345 194.417114952 0.0 0.0 1.0 0.0 0.1 0.0 0.0 0.0 0.0 0.0 0.0 0.0
58.8602199652 135.277396407 70.2834950513 0.0 0.0 1.0 0.0 0.1 0.0 0.0 0.0 0.0 0.0 0.0 0.0
192.372653854 183.352764816 179.556031926 0.0 0.0 1.0 0.0 0.1 0.0 0.0 0.0 0.0 0.0 0.0 0.0
36.6821158127 158.001798903 119.181615614 0.0 0.0 1.0 0.0 0.1 0.0 0.0 0.0 0.0 0.0 0.0 0.0
50.6681357204 191.11654932 86.1730495008 0.0 0.0 1.0 0.0 0.1 0.0 0.0 0.0 0.0 0.0 0.0 0.0
23.7944191265 90.3683577592 140.024912166 0.0 0.0 1.0 0.0 0.1 0.0 0.0 0.0 0.0 0.0 0.0 0.0
72.1080012156 50.9622675493 147.068297577 0.0 0.0 1.0 0.0 0.1 0.0 0.0 0.0 0.0 0.0 0.0 0.0
32.7387711361 11.614775867 18.0548642108 0.0 0.0 1.0 0.0 0.1 0.0 0.0 0.0 0.0 0.0 0.0 0.0
146.369274244 193.61400289 98.5554406025 0.0 0.0 1.0 0.0 0.1 0.0 0.0 0.0 0.0 0.0 0.0 0.0
181.00479848 7.35216909447 115.671044968 0.0 0.0 1.0 0.0 0.1 0.0 0.0 0.0 0.0 0.0 0.0 0.0
158.986168452 135.105375266 107.910952923 0.0 0.0 1.0 0.0 0.1 0.0 0.0 0.0 0.0 0.0 0.0 0.0
74.674877478 189.728492074 184.56827296 0.0 0.0 1.0 0.0 0.1 0.0 0.0 0.0 0.0 0.0 0.0 0.0
104.930786904 57.5332971793 96.416428844 0.0 0.0 1.0 0.0 0.1 0.0 0.0 0.0 0.0 0.0 0.0 0.0
117.66442239 143.641145918 173.132715899 0.0 0.0 1.0 0.0 0.1 0.0 0.0 0.0 0.0 0.0 0.0 0.0
42.2246177286 193.572038924 191.273204927 0.0 0.0 1.0 0.0 0.1 0.0 0.0 0.0 0.0 0.0 0.0 0.0
11.1104563867 127.870991592 52.7398710367 0.0 0.0 1.0 0.0 0.1 0.0 0.0 0.0 0.0 0.0 0.0 0.0
175.846718829 185.377797411 102.386653681 0.0 0.0 1.0 0.0 0.1 0.0 0.0 0.0 0.0 0.0 0.0 0.0
144.382913649 131.246995192 155.520638829 0.0 0.0 1.0 0.0 0.1 0.0 0.0 0.0 0.0 0.0 0.0 0.0
129.111208305 67.9091531982 195.800250066 0.0 0.0 1.0 0.0 0.1 0.0 0.0 0.0 0.0 0.0 0.0 0.0
80.0889370826 17.0915679984 107.754192252 0.0 0.0 1.0 0.0 0.1 0.0 0.0 0.0 0.0 0.0 0.0 0.0
151.887367579 105.737469839 138.576597742 0.0 0.0 1.0 0.0 0.1 0.0 0.0 0.0 0.0 0.0 0.0 0.0
103.734744025 197.125920873 18.6306088473 0.0 0.0 1.0 0.0 0.1 0.0 0.0 0.0 0.0 0.0 0.0 0.0
191.103998503 125.840435122 107.5626986 0.0 0.0 1.0 0.0 0.1 0.0 0.0 0.0 0.0 0.0 0.0 0.0
192.159996755 152.736006775 123.114429881 0.0 0.0 1.0 0.0 0.1 0.0 0.0 0.0 0.0 0.0 0.0 0.0
100.891536938 48.9107485729 108.019872916 0.0 0.0 1.0 0.0 0.1 0.0 0.0 0.0 0.0 0.0 0.0 0.0
143.567911803 179.723122569 91.4315368923 0.0 0.0 1.0 0.0 0.1 0.0 0.0 0.0 0.0 0.0 0.0 0.0
64.8566642854 110.952215022 52.5553107619 0.0 0.0 1.0 0.0 0.1 0.0 0.0 0.0 0.0 0.0 0.0 0.0
79.1193755944 156.278795762 161.992736138 0.0 0.0 1.0 0.0 0.1 0.0 0.0 0.0 0.0 0.0 0.0 0.0
148.199804115 49.1008335359 117.400154661 0.0 0.0 1.0 0.0 0.1 0.0 0.0 0.0 0.0 0.0 0.0 0.0
115.066312024 80.5688748644 29.9131276486 0.0 0.0 1.0 0.0 0.1 0.0 0.0 0.0 0.0 0.0 0.0 0.0
117.473397556 121.857376303 125.193144298 0.0 0.0 1.0 0.0 0.1 0.0 0.0 0.0 0.0 0.0 0.0 0.0
181.242514261 174.2735911 198.445634435 0.0 0.0 1.0 0.0 0.1 0.0 0.0 0.0 0.0 0.0 0.0 0.0
34.5970453767 131.817219454 12.2930846669 0.0 0.0 1.0 0.0 0.1 0.0 0.0 0.0 0.0 0.0 0.0 0.0
191.153039676 84.5298400325 54.9797489958 0.0 0.0 1.0 0.0 0.1 0.0 0.0 0.0 0.0 0.0 0.0 0.0
50.4219941127 15.9675090676 136.233941681 0.0 0.0 1.0 0.0 0.1 0.0 0.0 0.0 0.0 0.0 0.0 0.0
150.972104969 13.9803143259 190.637131155 0.0 0.0 1.0 0.0 0.1 0.0 0.0 0.0 0.0 0.0 0.0 0.0
148.758209179 78.3913431917 168.25811136 0.0 0.0 1.0 0.0 0.1 0.0 0.0 0.0 0.0 0.0 0.0 0.0
97.0149798561 34.7915556447 177.548300345 0.0 0.0 1.0 0.0 0.1 0.0 0.0 0.0 0.0 0.0 0.0 0.0
36.6621089229 160.844336335 75.0165665934 0.0 0.0 1.0 0.0 0.1 0.0 0.0 0.0 0.0 0.0 0.0 0.0
89.7517631766 195.250012556 58.1185618308 0.0 0.0 1.0 0.0 0.1 0.0 0.0 0.0 0.0 0.0 0.0 0.0
46.6646587796 53.5133046371 23.0888770627 0.0 0.0 1.0 0.0 0.1 0.0 0.0 0.0 0.0 0.0 0.0 0.0
113.426962044 110.230408079 98.8052839539 0.0 0.0 1.0 0.0 0.1 0.0 0.0 0.0 0.0 0.0 0.0 0.0
170.795439363 70.1542534374 184.283034918 0.0 0.0 1.0 0.0 0.1 0.0 0.0 0.0 0.0 0.0 0.0 0.0
26.8149057041 98.9491559334 182.809481706 0.0 0.0 1.0 0.0 0.1 0.0 0.0 0.0 0.0 0.0 0.0 0.0
80.8906547112 47.0897397006 25.0284200296 0.0 0.0 1.0 0.0 0.1 0.0 0.0 0.0 0.0 0.0 0.0 0.0
130.067891222 39.8171848781 89.8975638645 0.0 0.0 1.0 0.0 0.1 0.0 0.0 0.0 0.0 0.0 0.0 0.0
77.587680667 194.044252959 35.8010263885 0.0 0.0 1.0 0.0 0.1 0.0 0.0 0.0 0.0 0.0 0.0 0.0
78.9972604601 63.3102395135 154.572907333 0.0 0.0 1.0 0.0 0.1 0.0 0.0 0.0 0.0 0.0 0.0 0.0
148.559700708 105.540604955 111.944420258 0.0 0.0 1.0 0.0 0.1 0.0 0.0 0.0 0.0 0.0 0.0 0.0
42.092164708 27.0003685358 143.763438053 0.0 0.0 1.0 0.0 0.1 0.0 0.0 0.0 0.0 0.0 0.0 0.0
135.465608587 122.793470485 83.7483212601 0.0 0.0 1.0 0.0 0.1 0.0 0.0 0.0 0.0 0.0 0.0 0.0
52.2968006021 109.134458077 54.5129403184 0.0 0.0 1.0 0.0 0.1 0.0 0.0 0.0 0.0 0.0 0.0 0.0
81.2976691461 108.517067337 155.457102984 0.0 0.0 1.0 0.0 0.1 0.0 0.0 0.0 0.0 0.0 0.0 0.0
45.4375271881 75.2103839706 172.570750538 0.0 0.0 1.0 0.0 0.1 0.0 0.0 0.0 0.0 0.0 0.0 0.0
144.146775367 122.64504527 72.4080620239 0.0 0.0 1.0 0.0 0.1 0.0 0.0 0.0 0.0 0.0 0.0 0.0
127.542049135 63.9950489122 5.55250351645 0.0 0.0 1.0 0.0 0.1 0.0 0.0 0.0 0.0 0.0 0.0 0.0
28.7109968163 127.778345237 84.9263217501 0.0 0.0 1.0 0.0 0.1 0.0 0.0 0.0 0.0 0.0 0.0 0.0
120.39084 169.532446335 186.925978237 0.0 0.0 1.0 0.0 0.1 0.0 0.0 0.0 0.0 0.0 0.0 0.0
37.0684782337 172.330799939 49.0162510317 0.0 0.0 1.0 0.0 0.1 0.0 0.0 0.0 0.0 0.0 0.0 0.0
138.904941404 22.5201572185 85.9126223126 0.0 0.0 1.0 0.0 0.1 0.0 0.0 0.0 0.0 0.0 0.0 0.0
82.2147718279 132.718460481 189.46829581 0.0 0.0 1.0 0.0 0.1 0.0 0.0 0.0 0.0 0.0 0.0 0.0
25.1543498969 14.3780797851 12.5720535206 0.0 0.0 1.0 0.0 0.1 0.0 0.0 0.0 0.0 0.0 0.0 0.0
91.0425069261 170.418846389 198.016514993 0.0 0.0 1.0 0.0 0.1 0.0 0.0 0.0 0.0 0.0 0.0 0.0
137.415750061 22.3858948602 117.217592825 0.0 0.0 1.0 0.0 0.1 0.0 0.0 0.0 0.0 0.0 0.0 0.0
124.894714069 8.20621705285 16.8995665861 0.0 0.0 1.0 0.0 0.1 0.0 0.0 0.0 0.0 0.0 0.0 0.0
47.6322262427 16.4886483251 31.9109307113 0.0 0.0 1.0 0.0 0.1 0.0 0.0 0.0 0.0 0.0 0.0 0.0
147.080682576 34.7631302285 151.540366821 0.0 0.0 1.0 0.0 0.1 0.0 0.0 0.0 0.0 0.0 0.0 0.0
120.868043585 191.391667055 88.9279749401 0.0 0.0 1.0 0.0 0.1 0.0 0.0 0.0 0.0 0.0 0.0 0.0
175.193749727 48.3609609873 147.127797214 0.0 0.0 1.0 0.0 0.1 0.0 0.0 0.0 0.0 0.0 0.0 0.0
183.337188932 21.6774647868 159.139504524 0.0 0.0 1.0 0.0 0.1 0.0 0.0 0.0 0.0 0.0 0.0 0.0
12.9171082752 193.099222632 152.946803696 0.0 0.0 1.0 0.0 0.1 0.0 0.0 0.0 0.0 0.0 0.0 0.0
59.9469905261 30.3905617526 139.64471716 0.0 0.0 1.0 0.0 0.1 0.0 0.0 0.0 0.0 0.0 0.0 0.0
182.287784947 2.47926826694 11.5898773011 0.0 0.0 1.0 0.0 0.1 0.0 0.0 0.0 0.0 0.0 0.0 0.0
92.0960335405 159.527511026 156.82731905 0.0 0.0 1.0 0.0 0.1 0.0 0.0 0.0 0.0 0.0 0.0 0.0
82.3916553931 96.9796359666 162.184911982 0.0 0.0 1.0 0.0 0.1 0.0 0.0 0.0 0.0 0.0 0.0 0.0
197.543147182 196.904648648 169.499506563 0.0 0.0 1.0 0.0 0.1 0.0 0.0 0.0 0.0 0.0 0.0 0.0
104.901645964 158.850001048 46.2967049017 0.0 0.0 1.0 0.0 0.1 0.0 0.0 0.0 0.0 0.0 0.0 0.0
66.3382904664 194.377520183 127.722814142 0.0 0.0 1.0 0.0 0.1 0.0 0.0 0.0 0.0 0.0 0.0 0.0
147.042805262 145.009066099 171.998370917 0.0 0.0 1.0 0.0 0.1 0.0 0.0 0.0 0.0 0.0 0.0 0.0
48.4350564852 26.3214558401 87.9187279344 0.0 0.0 1.0 0.0 0.1 0.0 0.0 0.0 0.0 0.0 0.0 0.0
112.767738289 124.692316135 95.8025070197 0.0 0.0 1.0 0.0 0.1 0.0 0.0 0.0 0.0 0.0 0.0 0.0
33.8147458458 190.151017562 25.7882433517 0.0 0.0 1.0 0.0 0.1 0.0 0.0 0.0 0.0 0.0 0.0 0.0
158.502658522 6.21265546147 135.235035593 0.0 0.0 1.0 0.0 0.1 0.0 0.0 0.0 0.0 0.0 0.0 0.0
191.872561595 97.7176747046 92.1763981201 0.0 0.0 1.0 0.0 0.1 0.0 0.0 0.0 0.0 0.0 0.0 0.0
43.7157721374 42.8217587904 97.0559156744 0.0 0.0 1.0 0.0 0.1 0.0 0.0 0.0 0.0 0.0 0.0 0.0
136.078699551 16.293845107 109.218295483 0.0 0.0 1.0 0.0 0.1 0.0 0.0 0.0 0.0 0.0 0.0 0.0
83.3803527281 170.191400384 77.8983408203 0.0 0.0 1.0 0.0 0.1 0.0 0.0 0.0 0.0 0.0 0.0 0.0
86.6610679855 69.9883969687 167.495501588 0.0 0.0 1.0 0.0 0.1 0.0 0.0 0.0 0.0 0.0 0.0 0.0
178.436745203 145.755821221 121.147921586 0.0 0.0 1.0 0.0 0.1 0.0 0.0 0.0 0.0 0.0 0.0 0.0
48.3750278725 178.331437814 155.738409031 0.0 0.0 1.0 0.0 0.1 0.0 0.0 0.0 0.0 0.0 0.0 0.0
161.455301701 6.72582140372 111.486753487 0.0 0.0 1.0 0.0 0.1 0.0 0.0 0.0 0.0 0.0 0.0 0.0
172.840116313 163.906116098 144.972198753 0.0 0.0 1.0 0.0 0.1 0.0 0.0 0.0 0.0 0.0 0.0 0.0
153.289513235 135.773544843 25.8611948865 0.0 0.0 1.0 0.0 0.1 0.0 0.0 0.0 0.0 0.0 0.0 0.0
77.9977309184 69.5148968353 152.882291317 0.0 0.0 1.0 0.0 0.1 0.0 0.0 0.0 0.0 0.0 0.0 0.0
64.2965086458 171.134750197 175.130627282 0.0 0.0 1.0 0.0 0.1 0.0 0.0 0.0 0.0 0.0 0.0 0.0
163.243132377 145.993581965 21.2125592961 0.0 0.0 1.0 0.0 0.1 0.0 0.0 0.0 0.0 0.0 0.0 0.0
110.409316867 64.4489949853 172.243950594 0.0 0.0 1.0 0.0 0.1 0.0 0.0 0.0 0.0 0.0 0.0 0.0
95.9185045178 193.522917231 32.0815013402 0.0 0.0 1.0 0.0 0.1 0.0 0.0 0.0 0.0 0.0 0.0 0.0
117.230080472 85.4668284875 53.6760901723 0.0 0.0 1.0 0.0 0.1 0.0 0.0 0.0 0.0 0.0 0.0 0.0
129.78848298 174.457266671 147.873109493 0.0 0.0 1.0 0.0 0.1 0.0 0.0 0.0 0.0 0.0 0.0 0.0
61.9981581157 54.7925188076 145.803636864 0.0 0.0 1.0 0.0 0.1 0.0 0.0 0.0 0.0 0.0 0.0 0.0
19.6279528953 143.514922668 142.489405292 0.0 0.0 1.0 0.0 0.1 0.0 0.0 0.0 0.0 0.0 0.0 0.0
3.33173985164 98.9200272165 40.3430722248 0.0 0.0 1.0 0.0 0.1 0.0 0.0 0.0 0.0 0.0 0.0 0.0
58.9905006287 199.036562758 45.7743791162 0.0 0.0 1.0 0.0 0.1 0.0 0.0 0.0 0.0 0.0 0.0 0.0
4.71407866855 174.095413194 51.836995453 0.0 0.0 1.0 0.0 0.1 0.0 0.0 0.0 0.0 0.0 0.0 0.0
162.083426458 67.5548680176 199.777917676 0.0 0.0 1.0 0.0 0.1 0.0 0.0 0.0 0.0 0.0 0.0 0.0
119.476313502 153.692672518 195.899334348 0.0 0.0 1.0 0.0 0.1 0.0 0.0 0.0 0.0 0.0 0.0 0.0
144.554420679 129.838802298 33.212173457 0.0 0.0 1.0 0.0 0.1 0.0 0.0 0.0 0.0 0.0 0.0 0.0
146.118897016 9.20203956698 137.427439299 0.0 0.0 1.0 0.0 0.1 0.0 0.0 0.0 0.0 0.0 0.0 0.0
5.45067535275 101.665899478 51.0179151783 0.0 0.0 1.0 0.0 0.1 0.0 0.0 0.0 0.0 0.0 0.0 0.0
26.9292438579 35.4536813505 10.9354533831 0.0 0.0 1.0 0.0 0.1 0.0 0.0 0.0 0.0 0.0 0.0 0.0
168.98591252 47.1734632287 107.739877012 0.0 0.0 1.0 0.0 0.1 0.0 0.0 0.0 0.0 0.0 0.0 0.0
100.068139585 33.848432431 93.1869725601 0.0 0.0 1.0 0.0 0.1 0.0 0.0 0.0 0.0 0.0 0.0 0.0
172.159519076 78.6741020703 54.067953634 0.0 0.0 1.0 0.0 0.1 0.0 0.0 0.0 0.0 0.0 0.0 0.0
162.579385582 28.3873652487 138.10937248 0.0 0.0 1.0 0.0 0.1 0.0 0.0 0.0 0.0 0.0 0.0 0.0
161.66562724 0.140200843654 150.021740667 0.0 0.0 1.0 0.0 0.1 0.0 0.0 0.0 0.0 0.0 0.0 0.0
159.132897806 167.135166501 125.397358454 0.0 0.0 1.0 0.0 0.1 0.0 0.0 0.0 0.0 0.0 0.0 0.0
32.7478548847 3.61122611597 96.4543160056 0.0 0.0 1.0 0.0 0.1 0.0 0.0 0.0 0.0 0.0 0.0 0.0
26.4775816309 197.749264079 119.577832141 0.0 0.0 1.0 0.0 0.1 0.0 0.0 0.0 0.0 0.0 0.0 0.0
0.704832551109 107.357779393 25.8540255616 0.0 0.0 1.0 0.0 0.1 0.0 0.0 0.0 0.0 0.0 0.0 0.0
2.13508966137 25.8081586806 69.4048531179 0.0 0.0 1.0 0.0 0.1 0.0 0.0 0.0 0.0 0.0 0.0 0.0
165.855023557 43.9697638008 23.5129326947 0.0 0.0 1.0 0.0 0.1 0.0 0.0 0.0 0.0 0.0 0.0 0.0
51.045350075 75.8931918302 108.123594943 0.0 0.0 1.0 0.0 0.1 0.0 0.0 0.0 0.0 0.0 0.0 0.0
98.3992576046 28.168123374 190.559985278 0.0 0.0 1.0 0.0 0.1 0.0 0.0 0.0 0.0 0.0 0.0 0.0
29.6792905806 146.821093109 36.6812469683 0.0 0.0 1.0 0.0 0.1 0.0 0.0 0.0 0.0 0.0 0.0 0.0
149.057637083 41.7080246109 57.5192988226 0.0 0.0 1.0 0.0 0.1 0.0 0.0 0.0 0.0 0.0 0.0 0.0
141.666122628 187.722056301 73.1117711232 0.0 0.0 1.0 0.0 0.1 0.0 0.0 0.0 0.0 0.0 0.0 0.0
97.1721182664 83.6512513922 103.834313245 0.0 0.0 1.0 0.0 0.1 0.0 0.0 0.0 0.0 0.0 0.0 0.0
143.092290346 187.590404089 22.8055586624 0.0 0.0 1.0 0.0 0.1 0.0 0.0 0.0 0.0 0.0 0.0 0.0
55.1656475905 98.1185847662 70.4931865273 0.0 0.0 1.0 0.0 0.1 0.0 0.0 0.0 0.0 0.0 0.0 0.0
32.882935627 97.7571241869 169.048385034 0.0 0.0 1.0 0.0 0.1 0.0 0.0 0.0 0.0 0.0 0.0 0.0
27.0043732282 141.059464446 85.0491575676 0.0 0.0 1.0 0.0 0.1 0.0 0.0 0.0 0.0 0.0 0.0 0.0
98.9857852285 151.288383726 110.903392032 0.0 0.0 1.0 0.0 0.1 0.0 0.0 0.0 0.0 0.0 0.0 0.0
19.5862222527 138.710309808 6.87767904348 0.0 0.0 1.0 0.0 0.1 0.0 0.0 0.0 0.0 0.0 0.0 0.0
173.799653165 141.393456333 63.8038893442 0.0 0.0 1.0 0.0 0.1 0.0 0.0 0.0 0.0 0.0 0.0 0.0
120.117406158 3.67815618728 174.841445735 0.0 0.0 1.0 0.0 0.1 0.0 0.0 0.0 0.0 0.0 0.0 0.0
36.5784032497 137.282947618 174.449806417 0.0 0.0 1.0 0.0 0.1 0.0 0.0 0.0 0.0 0.0 0.0 0.0
110.872450639 121.938561459 44.4909843501 0.0 0.0 1.0 0.0 0.1 0.0 0.0 0.0 0.0 0.0 0.0 0.0
138.205736839 137.0150538 156.25346224 0.0 0.0 1.0 0.0 0.1 0.0 0.0 0.0 0.0 0.0 0.0 0.0
109.784278109 144.998184895 188.419923801 0.0 0.0 1.0 0.0 0.1 0.0 0.0 0.0 0.0 0.0 0.0 0.0
47.2224248205 37.2984998134 61.0216588418 0.0 0.0 1.0 0.0 0.1 0.0 0.0 0.0 0.0 0.0 0.0 0.0
149.069674372 38.5296666353 73.4462399483 0.0 0.0 1.0 0.0 0.1 0.0 0.0 0.0 0.0 0.0 0.0 0.0
145.351720891 167.396627191 136.524625591 0.0 0.0 1.0 0.0 0.1 0.0 0.0 0.0 0.0 0.0 0.0 0.0
38.5158177008 106.00442103 47.1510774909 0.0 0.0 1.0 0.0 0.1 0.0 0.0 0.0 0.0 0.0 0.0 0.0
46.8850913459 106.4698538 86.1216942251 0.0 0.0 1.0 0.0 0.1 0.0 0.0 0.0 0.0 0.0 0.0 0.0
68.1826248029 191.417655291 137.323607528 0.0 0.0 1.0 0.0 0.1 0.0 0.0 0.0 0.0 0.0 0.0 0.0
183.3070839 174.993230234 106.894447214 0.0 0.0 1.0 0.0 0.1 0.0 0.0 0.0 0.0 0.0 0.0 0.0
132.232492589 97.0905926287 0.89418347043 0.0 0.0 1.0 0.0 0.1 0.0 0.0 0.0 0.0 0.0 0.0 0.0
113.381856166 144.818525712 114.516957618 0.0 0.0 1.0 0.0 0.1 0.0 0.0 0.0 0.0 0.0 0.0 0.0
134.00305663 168.873340092 148.333041239 0.0 0.0 1.0 0.0 0.1 0.0 0.0 0.0 0.0 0.0 0.0 0.0
158.896711262 28.2719954053 42.2104508023 0.0 0.0 1.0 0.0 0.1 0.0 0.0 0.0 0.0 0.0 0.0 0.0
107.082198759 56.3698703849 53.2843464331 0.0 0.0 1.0 0.0 0.1 0.0 0.0 0.0 0.0 0.0 0.0 0.0
157.347426006 20.6032631687 163.775591299 0.0 0.0 1.0 0.0 0.1 0.0 0.0 0.0 0.0 0.0 0.0 0.0
121.165370232 98.4795714205 159.091796136 0.0 0.0 1.0 0.0 0.1 0.0 0.0 0.0 0.0 0.0 0.0 0.0
109.844841073 123.236704194 10.6869731022 0.0 0.0 1.0 0.0 0.1 0.0 0.0 0.0 0.0 0.0 0.0 0.0
148.737352509 11.1032170581 107.922543268 0.0 0.0 1.0 0.0 0.1 0.0 0.0 0.0 0.0 0.0 0.0 0.0
175.975148815 195.900114267 169.777003556 0.0 0.0 1.0 0.0 0.1 0.0 0.0 0.0 0.0 0.0 0.0 0.0
184.300416297 0.191681593247 149.449464184 0.0 0.0 1.0 0.0 0.1 0.0 0.0 0.0 0.0 0.0 0.0 0.0
177.593634315 184.923953291 193.288551178 0.0 0.0 1.0 0.0 0.1 0.0 0.0 0.0 0.0 0.0 0.0 0.0
28.5958112464 32.3450006676 36.7518674906 0.0 0.0 1.0 0.0 0.1 0.0 0.0 0.0 0.0 0.0 0.0 0.0
6.21267288415 95.9360330065 134.283158812 0.0 0.0 1.0 0.0 0.1 0.0 0.0 0.0 0.0 0.0 0.0 0.0
31.2815485337 165.171744737 19.2647089037 0.0 0.0 1.0 0.0 0.1 0.0 0.0 0.0 0.0 0.0 0.0 0.0
97.5771636158 160.024598875 112.305822971 0.0 0.0 1.0 0.0 0.1 0.0 0.0 0.0 0.0 0.0 0.0 0.0
110.429594092 106.457749831 53.793375367 0.0 0.0 1.0 0.0 0.1 0.0 0.0 0.0 0.0 0.0 0.0 0.0
174.532535942 13.7641317556 40.9022153686 0.0 0.0 1.0 0.0 0.1 0.0 0.0 0.0 0.0 0.0 0.0 0.0
18.913944975 27.5946754838 74.7774010631 0.0 0.0 1.0 0.0 0.1 0.0 0.0 0.0 0.0 0.0 0.0 0.0
174.446196407 176.612183164 149.786417905 0.0 0.0 1.0 0.0 0.1 0.0 0.0 0.0 0.0 0.0 0.0 0.0
23.9348934331 141.854652707 15.4940629664 0.0 0.0 1.0 0.0 0.1 0.0 0.0 0.0 0.0 0.0 0.0 0.0
5.98972849698 183.560379993 31.8165087363 0.0 0.0 1.0 0.0 0.1 0.0 0.0 0.0 0.0 0.0 0.0 0.0
126.131510224 181.848355461 131.442398997 0.0 0.0 1.0 0.0 0.1 0.0 0.0 0.0 0.0 0.0 0.0 0.0
114.192582316 25.6013730812 68.9283176878 0.0 0.0 1.0 0.0 0.1 0.0 0.0 0.0 0.0 0.0 0.0 0.0
151.146606602 73.7841126961 188.595793627 0.0 0.0 1.0 0.0 0.1 0.0 0.0 0.0 0.0 0.0 0.0 0.0
131.927254582 27.6378763926 1.87200618982 0.0 0.0 1.0 0.0 0.1 0.0 0.0 0.0 0.0 0.0 0.0 0.0
48.9258758068 52.7247903797 76.7861584378 0.0 0.0 1.0 0.0 0.1 0.0 0.0 0.0 0.0 0.0 0.0 0.0
53.7684141225 8.13653956163 120.764572274 0.0 0.0 1.0 0.0 0.1 0.0 0.0 0.0 0.0 0.0 0.0 0.0
134.71729579 137.086521337 26.5085427276 0.0 0.0 1.0 0.0 0.1 0.0 0.0 0.0 0.0 0.0 0.0 0.0
113.899929183 76.8692019084 94.8058949114 0.0 0.0 1.0 0.0 0.1 0.0 0.0 0.0 0.0 0.0 0.0 0.0
59.5543464444 114.452952078 84.9083620355 0.0 0.0 1.0 0.0 0.1 0.0 0.0 0.0 0.0 0.0 0.0 0.0
78.4868867157 116.215962743 121.863998288 0.0 0.0 1.0 0.0 0.1 0.0 0.0 0.0 0.0 0.0 0.0 0.0
73.5278964534 113.06134916 93.1914342533 0.0 0.0 1.0 0.0 0.1 0.0 0.0 0.0 0.0 0.0 0.0 0.0
187.262582523 168.854321718 78.0030351254 0.0 0.0 1.0 0.0 0.1 0.0 0.0 0.0 0.0 0.0 0.0 0.0
84.6752564242 95.4443669152 78.9295434998 0.0 0.0 1.0 0.0 0.1 0.0 0.0 0.0 0.0 0.0 0.0 0.0
77.7346308079 188.27433372 181.477864663 0.0 0.0 1.0 0.0 0.1 0.0 0.0 0.0 0.0 0.0 0.0 0.0
123.799210162 12.2651086136 73.3240969409 0.0 0.0 1.0 0.0 0.1 0.0 0.0 0.0 0.0 0.0 0.0 0.0
13.50304054 175.85080376 173.713655216 0.0 0.0 1.0 0.0 0.1 0.0 0.0 0.0 0.0 0.0 0.0 0.0
47.6258454447 80.7552514427 5.36309723131 0.0 0.0 1.0 0.0 0.1 0.0 0.0 0.0 0.0 0.0 0.0 0.0
161.036206684 116.117967412 19.582076378 0.0 0.0 1.0 0.0 0.1 0.0 0.0 0.0 0.0 0.0 0.0 0.0
148.995183896 113.610341428 126.944319982 0.0 0.0 1.0 0.0 0.1 0.0 0.0 0.0 0.0 0.0 0.0 0.0
3.9514282385 48.6223635223 107.401178239 0.0 0.0 1.0 0.0 0.1 0.0 0.0 0.0 0.0 0.0 0.0 0.0
82.3259001883 101.966387227 141.721482995 0.0 0.0 1.0 0.0 0.1 0.0 0.0 0.0 0.0 0.0 0.0 0.0
45.7626787945 6.43042622974 105.242860162 0.0 0.0 1.0 0.0 0.1 0.0 0.0 0.0 0.0 0.0 0.0 0.0
181.350539206 39.9962284255 116.147456807 0.0 0.0 1.0 0.0 0.1 0.0 0.0 0.0 0.0 0.0 0.0 0.0
69.9576437582 143.161885849 0.0447530939547 0.0 0.0 1.0 0.0 0.1 0.0 0.0 0.0 0.0 0.0 0.0 0.0
44.4981777879 172.184340001 126.294258205 0.0 0.0 1.0 0.0 0.1 0.0 0.0 0.0 0.0 0.0 0.0 0.0
16.8431762273 95.9569559559 79.5309128911 0.0 0.0 1.0 0.0 0.1 0.0 0.0 0.0 0.0 0.0 0.0 0.0
95.5417601704 112.403781208 110.644432912 0.0 0.0 1.0 0.0 0.1 0.0 0.0 0.0 0.0 0.0 0.0 0.0
180.661420769 164.277216891 16.8006066711 0.0 0.0 1.0 0.0 0.1 0.0 0.0 0.0 0.0 0.0 0.0 0.0
40.9920463536 82.5655173464 111.188122415 0.0 0.0 1.0 0.0 0.1 0.0 0.0 0.0 0.0 0.0 0.0 0.0
36.1320954394 59.9042736397 104.676419261 0.0 0.0 1.0 0.0 0.1 0.0 0.0 0.0 0.0 0.0 0.0 0.0
139.396079427 101.041707246 89.9430054362 0.0 0.0 1.0 0.0 0.1 0.0 0.0 0.0 0.0 0.0 0.0 0.0
181.022660576 158.872933272 45.8993474166 0.0 0.0 1.0 0.0 0.1 0.0 0.0 0.0 0.0 0.0 0.0 0.0
53.6059359402 155.024369301 177.782973587 0.0 0.0 1.0 0.0 0.1 0.0 0.0 0.0 0.0 0.0 0.0 0.0
33.0529975535 30.1449616892 152.883881059 0.0 0.0 1.0 0.0 0.1 0.0 0.0 0.0 0.0 0.0 0.0 0.0
113.961435277 163.220893778 109.127485533 0.0 0.0 1.0 0.0 0.1 0.0 0.0 0.0 0.0 0.0 0.0 0.0
165.267124177 41.8439126186 13.0403356135 0.0 0.0 1.0 0.0 0.1 0.0 0.0 0.0 0.0 0.0 0.0 0.0
132.7043139 126.611436105 189.144446229 0.0 0.0 1.0 0.0 0.1 0.0 0.0 0.0 0.0 0.0 0.0 0.0
48.5408564045 52.984620022 155.472937059 0.0 0.0 1.0 0.0 0.1 0.0 0.0 0.0 0.0 0.0 0.0 0.0
11.3030667769 134.061840813 54.3139522561 0.0 0.0 1.0 0.0 0.1 0.0 0.0 0.0 0.0 0.0 0.0 0.0
94.7283750681 129.260063791 177.763288543 0.0 0.0 1.0 0.0 0.1 0.0 0.0 0.0 0.0 0.0 0.0 0.0
23.5627823721 81.5435253482 38.458881655 0.0 0.0 1.0 0.0 0.1 0.0 0.0 0.0 0.0 0.0 0.0 0.0
19.7866791021 63.5433428362 135.522843653 0.0 0.0 1.0 0.0 0.1 0.0 0.0 0.0 0.0 0.0 0.0 0.0
149.439143156 178.184751276 24.2802409992 0.0 0.0 1.0 0.0 0.1 0.0 0.0 0.0 0.0 0.0 0.0 0.0
92.82567492 46.2519302942 154.450552231 0.0 0.0 1.0 0.0 0.1 0.0 0.0 0.0 0.0 0.0 0.0 0.0
180.526701829 185.181253763 95.2879538639 0.0 0.0 1.0 0.0 0.1 0.0 0.0 0.0 0.0 0.0 0.0 0.0
90.9117104719 197.609471011 124.994434553 0.0 0.0 1.0 0.0 0.1 0.0 0.0 0.0 0.0 0.0 0.0 0.0
167.491027638 82.3785427136 101.826890969 0.0 0.0 1.0 0.0 0.1 0.0 0.0 0.0 0.0 0.0 0.0 0.0
160.744644516 100.474701395 141.152347419 0.0 0.0 1.0 0.0 0.1 0.0 0.0 0.0 0.0 0.0 0.0 0.0
143.448130211 51.847326094 79.0863974209 0.0 0.0 1.0 0.0 0.1 0.0 0.0 0.0 0.0 0.0 0.0 0.0
61.7575031109 81.7682615299 178.127779177 0.0 0.0 1.0 0.0 0.1 0.0 0.0 0.0 0.0 0.0 0.0 0.0
181.049489581 103.008536237 172.570170505 0.0 0.0 1.0 0.0 0.1 0.0 0.0 0.0 0.0 0.0 0.0 0.0
39.9150341362 50.9579056667 168.682049773 0.0 0.0 1.0 0.0 0.1 0.0 0.0 0.0 0.0 0.0 0.0 0.0
143.509407046 68.5396580521 104.824835797 0.0 0.0 1.0 0.0 0.1 0.0 0.0 0.0 0.0 0.0 0.0 0.0
63.8217025024 13.3424798981 114.922649787 0.0 0.0 1.0 0.0 0.1 0.0 0.0 0.0 0.0 0.0 0.0 0.0
197.909981799 39.6749058129 192.568949828 0.0 0.0 1.0 0.0 0.1 0.0 0.0 0.0 0.0 0.0 0.0 0.0
123.058476982 66.9915183972 113.117997351 0.0 0.0 1.0 0.0 0.1 0.0 0.0 0.0 0.0 0.0 0.0 0.0
11.4893879276 45.7967015746 182.97452361 0.0 0.0 1.0 0.0 0.1 0.0 0.0 0.0 0.0 0.0 0.0 0.0
72.8873144385 92.9364927776 126.222286828 0.0 0.0 1.0 0.0 0.1 0.0 0.0 0.0 0.0 0.0 0.0 0.0
97.2150457285 5.15316685705 20.818917326 0.0 0.0 1.0 0.0 0.1 0.0 0.0 0.0 0.0 0.0 0.0 0.0
116.447248337 97.7575946745 40.0745984898 0.0 0.0 1.0 0.0 0.1 0.0 0.0 0.0 0.0 0.0 0.0 0.0
43.3609297593 88.1362474678 181.939033466 0.0 0.0 1.0 0.0 0.1 0.0 0.0 0.0 0.0 0.0 0.0 0.0
73.5734592144 116.000660386 13.3095150407 0.0 0.0 1.0 0.0 0.1 0.0 0.0 0.0 0.0 0.0 0.0 0.0
124.792061509 126.647561859 173.179225575 0.0 0.0 1.0 0.0 0.1 0.0 0.0 0.0 0.0 0.0 0.0 0.0
89.0966675976 110.023308588 57.5025396463 0.0 0.0 1.0 0.0 0.1 0.0 0.0 0.0 0.0 0.0 0.0 0.0
83.4617502056 52.1864274904 136.745858127 0.0 0.0 1.0 0.0 0.1 0.0 0.0 0.0 0.0 0.0 0.0 0.0
2.15193333836 85.6184135751 136.303251623 0.0 0.0 1.0 0.0 0.1 0.0 0.0 0.0 0.0 0.0 0.0 0.0
21.995582042 77.5191215395 152.062908197 0.0 0.0 1.0 0.0 0.1 0.0 0.0 0.0 0.0 0.0 0.0 0.0
43.486297411 101.639826971 20.3556558403 0.0 0.0 1.0 0.0 0.1 0.0 0.0 0.0 0.0 0.0 0.0 0.0
140.587873595 28.2494274725 109.571893715 0.0 0.0 1.0 0.0 0.1 0.0 0.0 0.0 0.0 0.0 0.0 0.0
25.2414783354 170.858822471 196.879344167 0.0 0.0 1.0 0.0 0.1 0.0 0.0 0.0 0.0 0.0 0.0 0.0
162.979752135 39.8861171221 188.413814092 0.0 0.0 1.0 0.0 0.1 0.0 0.0 0.0 0.0 0.0 0.0 0.0
28.9102939266 33.3475467678 111.659300306 0.0 0.0 1.0 0.0 0.1 0.0 0.0 0.0 0.0 0.0 0.0 0.0
165.549276625 90.6324548544 158.709891019 0.0 0.0 1.0 0.0 0.1 0.0 0.0 0.0 0.0 0.0 0.0 0.0
49.3643150138 158.303268658 155.457121974 0.0 0.0 1.0 0.0 0.1 0.0 0.0 0.0 0.0 0.0 0.0 0.0
41.8550731123 32.4933081001 40.5967149824 0.0 0.0 1.0 0.0 0.1 0.0 0.0 0.0 0.0 0.0 0.0 0.0
182.620602335 163.006428375 70.6712176694 0.0 0.0 1.0 0.0 0.1 0.0 0.0 0.0 0.0 0.0 0.0 0.0
31.886901928 27.4275018487 191.764066231 0.0 0.0 1.0 0.0 0.1 0.0 0.0 0.0 0.0 0.0 0.0 0.0
59.8588053031 19.923325558 4.32577741902 0.0 0.0 1.0 0.0 0.1 0.0 0.0 0.0 0.0 0.0 0.0 0.0
182.737195808 79.7080138584 92.5683101679 0.0 0.0 1.0 0.0 0.1 0.0 0.0 0.0 0.0 0.0 0.0 0.0
194.013557402 96.6486147233 100.26171484 0.0 0.0 1.0 0.0 0.1 0.0 0.0 0.0 0.0 0.0 0.0 0.0
50.3839170188 70.0322829322 188.23817775 0.0 0.0 1.0 0.0 0.1 0.0 0.0 0.0 0.0 0.0 0.0 0.0
117.061992545 63.235962141 55.3573160318 0.0 0.0 1.0 0.0 0.1 0.0 0.0 0.0 0.0 0.0 0.0 0.0
124.057663925 185.369733756 47.3925747847 0.0 0.0 1.0 0.0 0.1 0.0 0.0 0.0 0.0 0.0 0.0 0.0
43.1627951088 15.890219817 96.4269097314 0.0 0.0 1.0 0.0 0.1 0.0 0.0 0.0 0.0 0.0 0.0 0.0
183.466850575 184.045515088 43.3751382303 0.0 0.0 1.0 0.0 0.1 0.0 0.0 0.0 0.0 0.0 0.0 0.0
1.02571308323 18.8614330383 118.034505514 0.0 0.0 1.0 0.0 0.1 0.0 0.0 0.0 0.0 0.0 0.0 0.0
80.4260534853 194.104140946 13.4288644284 0.0 0.0 1.0 0.0 0.1 0.0 0.0 0.0 0.0 0.0 0.0 0.0
136.735836674 115.10113306 62.3789416316 0.0 0.0 1.0 0.0 0.1 0.0 0.0 0.0 0.0 0.0 0.0 0.0
145.474264398 175.180905295 119.843058877 0.0 0.0 1.0 0.0 0.1 0.0 0.0 0.0 0.0 0.0 0.0 0.0
104.290370842 182.804467284 36.6801891081 0.0 0.0 1.0 0.0 0.1 0.0 0.0 0.0 0.0 0.0 0.0 0.0
91.5049458026 143.90795197 114.833638375 0.0 0.0 1.0 0.0 0.1 0.0 0.0 0.0 0.0 0.0 0.0 0.0
143.629079757 24.2954172473 184.183072138 0.0 0.0 1.0 0.0 0.1 0.0 0.0 0.0 0.0 0.0 0.0 0.0
130.669920939 87.9533484924 67.721176218 0.0 0.0 1.0 0.0 0.1 0.0 0.0 0.0 0.0 0.0 0.0 0.0
72.6322880372 25.7944230302 166.875040577 0.0 0.0 1.0 0.0 0.1 0.0 0.0 0.0 0.0 0.0 0.0 0.0
32.9865820125 150.055253264 90.4124930943 0.0 0.0 1.0 0.0 0.1 0.0 0.0 0.0 0.0 0.0 0.0 0.0
37.9694533943 195.916122079 32.6588577758 0.0 0.0 1.0 0.0 0.1 0.0 0.0 0.0 0.0 0.0 0.0 0.0
91.7997807734 42.2404944455 177.91759467 0.0 0.0 1.0 0.0 0.1 0.0 0.0 0.0 0.0 0.0 0.0 0.0
7.59360122601 180.39564329 167.302595797 0.0 0.0 1.0 0.0 0.1 0.0 0.0 0.0 0.0 0.0 0.0 0.0
197.672496781 199.26476614 117.213655316 0.0 0.0 1.0 0.0 0.1 0.0 0.0 0.0 0.0 0.0 0.0 0.0
63.2092852182 70.0426012481 26.0494045184 0.0 0.0 1.0 0.0 0.1 0.0 0.0 0.0 0.0 0.0 0.0 0.0
12.2230188064 192.897629831 135.372692044 0.0 0.0 1.0 0.0 0.1 0.0 0.0 0.0 0.0 0.0 0.0 0.0
122.230425433 58.5082349001 77.3883752149 0.0 0.0 1.0 0.0 0.1 0.0 0.0 0.0 0.0 0.0 0.0 0.0
99.2341044451 149.668341779 48.7373729554 0.0 0.0 1.0 0.0 0.1 0.0 0.0 0.0 0.0 0.0 0.0 0.0
169.501032291 29.1451356509 69.9190915318 0.0 0.0 1.0 0.0 0.1 0.0 0.0 0.0 0.0 0.0 0.0 0.0
3.5866506307 2.04623144858 49.5448178451 0.0 0.0 1.0 0.0 0.1 0.0 0.0 0.0 0.0 0.0 0.0 0.0
133.871683324 61.9280798803 88.410900499 0.0 0.0 1.0 0.0 0.1 0.0 0.0 0.0 0.0 0.0 0.0 0.0
74.7823404709 17.0895027046 17.0178998816 0.0 0.0 1.0 0.0 0.1 0.0 0.0 0.0 0.0 0.0 0.0 0.0
84.9966481064 95.479979046 17.8777526662 0.0 0.0 1.0 0.0 0.1 0.0 0.0 0.0 0.0 0.0 0.0 0.0
2.17212805585 13.8801173511 117.731713584 0.0 0.0 1.0 0.0 0.1 0.0 0.0 0.0 0.0 0.0 0.0 0.0
96.843141438 186.935002368 0.183391864467 0.0 0.0 1.0 0.0 0.1 0.0 0.0 0.0 0.0 0.0 0.0 0.0
182.469721316 12.3770190165 70.8170652727 0.0 0.0 1.0 0.0 0.1 0.0 0.0 0.0 0.0 0.0 0.0 0.0
76.700324186 41.3014987897 39.3215212279 0.0 0.0 1.0 0.0 0.1 0.0 0.0 0.0 0.0 0.0 0.0 0.0
11.2543424384 172.951510885 177.159707995 0.0 0.0 1.0 0.0 0.1 0.0 0.0 0.0 0.0 0.0 0.0 0.0
188.293387546 155.223778872 40.7863962291 0.0 0.0 1.0 0.0 0.1 0.0 0.0 0.0 0.0 0.0 0.0 0.0
128.704878082 35.535913376 138.437490128 0.0 0.0 1.0 0.0 0.1 0.0 0.0 0.0 0.0 0.0 0.0 0.0
77.9026581647 157.142831213 147.399438318 0.0 0.0 1.0 0.0 0.1 0.0 0.0 0.0 0.0 0.0 0.0 0.0
49.7798901169 154.222428998 130.036899082 0.0 0.0 1.0 0.0 0.1 0.0 0.0 0.0 0.0 0.0 0.0 0.0
102.956281708 75.1444064673 166.337377832 0.0 0.0 1.0 0.0 0.1 0.0 0.0 0.0 0.0 0.0 0.0 0.0
27.657002017 72.4920539795 188.635266066 0.0 0.0 1.0 0.0 0.1 0.0 0.0 0.0 0.0 0.0 0.0 0.0
58.1895219258 103.55529552 39.8857740593 0.0 0.0 1.0 0.0 0.1 0.0 0.0 0.0 0.0 0.0 0.0 0.0
183.883197239 1.9437523712 79.2919781222 0.0 0.0 1.0 0.0 0.1 0.0 0.0 0.0 0.0 0.0 0.0 0.0
96.0486623443 101.654313509 134.581246206 0.0 0.0 1.0 0.0 0.1 0.0 0.0 0.0 0.0 0.0 0.0 0.0
156.654877367 123.232816893 79.2346332635 0.0 0.0 1.0 0.0 0.1 0.0 0.0 0.0 0.0 0.0 0.0 0.0
18.4694712771 19.1494955905 84.9494149151 0.0 0.0 1.0 0.0 0.1 0.0 0.0 0.0 0.0 0.0 0.0 0.0
120.42311931 137.871135969 180.082718181 0.0 0.0 1.0 0.0 0.1 0.0 0.0 0.0 0.0 0.0 0.0 0.0
159.300107952 139.93558281 156.639107467 0.0 0.0 1.0 0.0 0.1 0.0 0.0 0.0 0.0 0.0 0.0 0.0
6.97495506036 119.959887373 23.4133843122 0.0 0.0 1.0 0.0 0.1 0.0 0.0 0.0 0.0 0.0 0.0 0.0
111.911375032 138.6972265 36.0149555033 0.0 0.0 1.0 0.0 0.1 0.0 0.0 0.0 0.0 0.0 0.0 0.0
193.113027241 159.628418803 196.524310652 0.0 0.0 1.0 0.0 0.1 0.0 0.0 0.0 0.0 0.0 0.0 0.0
55.7591873318 155.946755787 125.72222999 0.0 0.0 1.0 0.0 0.1 0.0 0.0 0.0 0.0 0.0 0.0 0.0
85.7270409831 75.0000300379 162.042870933 0.0 0.0 1.0 0.0 0.1 0.0 0.0 0.0 0.0 0.0 0.0 0.0
65.4747818725 74.5365964628 27.4155585713 0.0 0.0 1.0 0.0 0.1 0.0 0.0 0.0 0.0 0.0 0.0 0.0
105.704317325 129.215392235 27.7108497693 0.0 0.0 1.0 0.0 0.1 0.0 0.0 0.0 0.0 0.0 0.0 0.0
152.42188602 8.87336323733 144.067072266 0.0 0.0 1.0 0.0 0.1 0.0 0.0 0.0 0.0 0.0 0.0 0.0
9.06543266912 0.292444249277 133.285898549 0.0 0.0 1.0 0.0 0.1 0.0 0.0 0.0 0.0 0.0 0.0 0.0
180.94634574 134.647033258 80.6166719822 0.0 0.0 1.0 0.0 0.1 0.0 0.0 0.0 0.0 0.0 0.0 0.0
145.983874029 58.0808017577 82.9374229261 0.0 0.0 1.0 0.0 0.1 0.0 0.0 0.0 0.0 0.0 0.0 0.0
167.388888507 176.117155848 49.0638042997 0.0 0.0 1.0 0.0 0.1 0.0 0.0 0.0 0.0 0.0 0.0 0.0
153.217638028 149.401331286 48.3240469411 0.0 0.0 1.0 0.0 0.1 0.0 0.0 0.0 0.0 0.0 0.0 0.0
94.2163487873 140.027542036 78.4386207725 0.0 0.0 1.0 0.0 0.1 0.0 0.0 0.0 0.0 0.0 0.0 0.0
107.815217478 23.8133113045 180.492245231 0.0 0.0 1.0 0.0 0.1 0.0 0.0 0.0 0.0 0.0 0.0 0.0
182.52357885 66.0981990825 108.716979321 0.0 0.0 1.0 0.0 0.1 0.0 0.0 0.0 0.0 0.0 0.0 0.0
106.620901952 105.817105424 78.0713562549 0.0 0.0 1.0 0.0 0.1 0.0 0.0 0.0 0.0 0.0 0.0 0.0
124.535007693 180.426691642 172.800668763 0.0 0.0 1.0 0.0 0.1 0.0 0.0 0.0 0.0 0.0 0.0 0.0
106.899215405 120.00075926 57.3779455254 0.0 0.0 1.0 0.0 0.1 0.0 0.0 0.0 0.0 0.0 0.0 0.0
11.1943502988 152.577945957 192.989540796 0.0 0.0 1.0 0.0 0.1 0.0 0.0 0.0 0.0 0.0 0.0 0.0
88.4758849016 44.573041675 114.798642122 0.0 0.0 1.0 0.0 0.1 0.0 0.0 0.0 0.0 0.0 0.0 0.0
68.6509912374 138.218177454 143.303654169 0.0 0.0 1.0 0.0 0.1 0.0 0.0 0.0 0.0 0.0 0.0 0.0
111.972529437 140.969775593 53.0691223799 0.0 0.0 1.0 0.0 0.1 0.0 0.0 0.0 0.0 0.0 0.0 0.0
169.192704191 158.1451013 109.814319619 0.0 0.0 1.0 0.0 0.1 0.0 0.0 0.0 0.0 0.0 0.0 0.0
22.2885347872 66.8548510342 117.34579011 0.0 0.0 1.0 0.0 0.1 0.0 0.0 0.0 0.0 0.0 0.0 0.0
2.70412724479 146.519709299 188.518125402 0.0 0.0 1.0 0.0 0.1 0.0 0.0 0.0 0.0 0.0 0.0 0.0
140.146614197 141.200545543 83.5519404432 0.0 0.0 1.0 0.0 0.1 0.0 0.0 0.0 0.0 0.0 0.0 0.0
64.1916270512 55.9471836448 93.2437843438 0.0 0.0 1.0 0.0 0.1 0.0 0.0 0.0 0.0 0.0 0.0 0.0
0.304521084891 126.341652147 32.7989169982 0.0 0.0 1.0 0.0 0.1 0.0 0.0 0.0 0.0 0.0 0.0 0.0
12.6006617582 11.3889002342 84.6274978712 0.0 0.0 1.0 0.0 0.1 0.0 0.0 0.0 0.0 0.0 0.0 0.0
198.362045121 189.570535156 10.4016362149 0.0 0.0 1.0 0.0 0.1 0.0 0.0 0.0 0.0 0.0 0.0 0.0
112.475633566 5.32952819123 61.9491230599 0.0 0.0 1.0 0.0 0.1 0.0 0.0 0.0 0.0 0.0 0.0 0.0
172.773305857 33.2715137295 30.3465640075 0.0 0.0 1.0 0.0 0.1 0.0 0.0 0.0 0.0 0.0 0.0 0.0
105.200765386 109.788429112 178.61678249 0.0 0.0 1.0 0.0 0.1 0.0 0.0 0.0 0.0 0.0 0.0 0.0
22.5645581178 176.602783049 161.367957905 0.0 0.0 1.0 0.0 0.1 0.0 0.0 0.0 0.0 0.0 0.0 0.0
111.585319216 93.3275470271 63.6108511379 0.0 0.0 1.0 0.0 0.1 0.0 0.0 0.0 0.0 0.0 0.0 0.0
91.3677388633 42.4895535415 152.576514132 0.0 0.0 1.0 0.0 0.1 0.0 0.0 0.0 0.0 0.0 0.0 0.0
186.901421517 40.3045468525 27.5923258011 0.0 0.0 1.0 0.0 0.1 0.0 0.0 0.0 0.0 0.0 0.0 0.0
14.5906282815 175.965283189 15.8628099422 0.0 0.0 1.0 0.0 0.1 0.0 0.0 0.0 0.0 0.0 0.0 0.0
55.170016991 30.01643888 57.4394997463 0.0 0.0 1.0 0.0 0.1 0.0 0.0 0.0 0.0 0.0 0.0 0.0
146.723606262 101.925303291 64.369455512 0.0 0.0 1.0 0.0 0.1 0.0 0.0 0.0 0.0 0.0 0.0 0.0
164.138251764 2.72703427057 86.1892056594 0.0 0.0 1.0 0.0 0.1 0.0 0.0 0.0 0.0 0.0 0.0 0.0
118.806225476 95.9876422465 186.540550791 0.0 0.0 1.0 0.0 0.1 0.0 0.0 0.0 0.0 0.0 0.0 0.0
184.393826465 150.350798448 43.8796796411 0.0 0.0 1.0 0.0 0.1 0.0 0.0 0.0 0.0 0.0 0.0 0.0
163.77033622 159.536313738 145.795592675 0.0 0.0 1.0 0.0 0.1 0.0 0.0 0.0 0.0 0.0 0.0 0.0
139.025321852 56.2402711368 171.765381536 0.0 0.0 1.0 0.0 0.1 0.0 0.0 0.0 0.0 0.0 0.0 0.0
153.15553518 12.945897862 78.7220239352 0.0 0.0 1.0 0.0 0.1 0.0 0.0 0.0 0.0 0.0 0.0 0.0
22.3719470408 157.388912334 104.844701331 0.0 0.0 1.0 0.0 0.1 0.0 0.0 0.0 0.0 0.0 0.0 0.0
131.240913138 72.4378306359 7.93201419764 0.0 0.0 1.0 0.0 0.1 0.0 0.0 0.0 0.0 0.0 0.0 0.0
142.505098638 7.23537510364 25.9393604874 0.0 0.0 1.0 0.0 0.1 0.0 0.0 0.0 0.0 0.0 0.0 0.0
58.655460822 14.3688900808 127.04914355 0.0 0.0 1.0 0.0 0.1 0.0 0.0 0.0 0.0 0.0 0.0 0.0
192.679081935 63.3134624938 66.3049224595 0.0 0.0 1.0 0.0 0.1 0.0 0.0 0.0 0.0 0.0 0.0 0.0
118.708272132 141.343667489 69.5360705333 0.0 0.0 1.0 0.0 0.1 0.0 0.0 0.0 0.0 0.0 0.0 0.0
55.242053633 194.904379459 177.544837595 0.0 0.0 1.0 0.0 0.1 0.0 0.0 0.0 0.0 0.0 0.0 0.0
68.2994233386 62.4424012779 56.142435173 0.0 0.0 1.0 0.0 0.1 0.0 0.0 0.0 0.0 0.0 0.0 0.0
107.736549969 22.6887419736 194.837637775 0.0 0.0 1.0 0.0 0.1 0.0 0.0 0.0 0.0 0.0 0.0 0.0
96.9194472488 12.6607333612 48.6959984794 0.0 0.0 1.0 0.0 0.1 0.0 0.0 0.0 0.0 0.0 0.0 0.0
197.322301378 77.9799830112 160.057541395 0.0 0.0 1.0 0.0 0.1 0.0 0.0 0.0 0.0 0.0 0.0 0.0
145.609981371 35.4010954011 134.311648762 0.0 0.0 1.0 0.0 0.1 0.0 0.0 0.0 0.0 0.0 0.0 0.0
112.595940569 147.572966771 12.0848894166 0.0 0.0 1.0 0.0 0.1 0.0 0.0 0.0 0.0 0.0 0.0 0.0
42.9599622229 156.01486104 194.972001693 0.0 0.0 1.0 0.0 0.1 0.0 0.0 0.0 0.0 0.0 0.0 0.0
187.185852017 162.23367245 193.070875294 0.0 0.0 1.0 0.0 0.1 0.0 0.0 0.0 0.0 0.0 0.0 0.0
55.9216628568 44.0885999188 172.520111844 0.0 0.0 1.0 0.0 0.1 0.0 0.0 0.0 0.0 0.0 0.0 0.0
137.744668103 178.936643817 135.004871245 0.0 0.0 1.0 0.0 0.1 0.0 0.0 0.0 0.0 0.0 0.0 0.0
59.3517973646 28.9689155601 146.044055969 0.0 0.0 1.0 0.0 0.1 0.0 0.0 0.0 0.0 0.0 0.0 0.0
1.25029088494 132.347647384 113.611465337 0.0 0.0 1.0 0.0 0.1 0.0 0.0 0.0 0.0 0.0 0.0 0.0
27.8993235662 130.239681444 121.959136418 0.0 0.0 1.0 0.0 0.1 0.0 0.0 0.0 0.0 0.0 0.0 0.0
46.0497450138 145.297273773 143.153532765 0.0 0.0 1.0 0.0 0.1 0.0 0.0 0.0 0.0 0.0 0.0 0.0
63.4604838588 38.2712070223 113.756687051 0.0 0.0 1.0 0.0 0.1 0.0 0.0 0.0 0.0 0.0 0.0 0.0
165.30109026 113.577528295 28.4851690757 0.0 0.0 1.0 0.0 0.1 0.0 0.0 0.0 0.0 0.0 0.0 0.0
99.8202098423 57.8012010335 82.5356521841 0.0 0.0 1.0 0.0 0.1 0.0 0.0 0.0 0.0 0.0 0.0 0.0
14.8659589002 72.6351612153 186.322534855 0.0 0.0 1.0 0.0 0.1 0.0 0.0 0.0 0.0 0.0 0.0 0.0
46.6100306541 170.165537721 57.3865718157 0.0 0.0 1.0 0.0 0.1 0.0 0.0 0.0 0.0 0.0 0.0 0.0
38.5894562821 178.496999484 163.204144644 0.0 0.0 1.0 0.0 0.1 0.0 0.0 0.0 0.0 0.0 0.0 0.0
29.0640020677 31.7092972579 146.364551183 0.0 0.0 1.0 0.0 0.1 0.0 0.0 0.0 0.0 0.0 0.0 0.0
95.4224482213 170.572951249 169.163787706 0.0 0.0 1.0 0.0 0.1 0.0 0.0 0.0 0.0 0.0 0.0 0.0
69.667406884 135.806253328 155.115911369 0.0 0.0 1.0 0.0 0.1 0.0 0.0 0.0 0.0 0.0 0.0 0.0
185.152740542 125.855036681 187.262625145 0.0 0.0 1.0 0.0 0.1 0.0 0.0 0.0 0.0 0.0 0.0 0.0
143.534408362 160.478425976 167.644401798 0.0 0.0 1.0 0.0 0.1 0.0 0.0 0.0 0.0 0.0 0.0 0.0
57.5089298673 141.684428855 18.1845063224 0.0 0.0 1.0 0.0 0.1 0.0 0.0 0.0 0.0 0.0 0.0 0.0
15.5187568758 105.251193262 180.968055132 0.0 0.0 1.0 0.0 0.1 0.0 0.0 0.0 0.0 0.0 0.0 0.0
0.828449652454 86.6187798248 157.64084962 0.0 0.0 1.0 0.0 0.1 0.0 0.0 0.0 0.0 0.0 0.0 0.0
174.927065283 56.6148553891 121.127087942 0.0 0.0 1.0 0.0 0.1 0.0 0.0 0.0 0.0 0.0 0.0 0.0
190.409003627 89.6045225818 101.375851868 0.0 0.0 1.0 0.0 0.1 0.0 0.0 0.0 0.0 0.0 0.0 0.0
157.26584955 101.923444026 51.8584923399 0.0 0.0 1.0 0.0 0.1 0.0 0.0 0.0 0.0 0.0 0.0 0.0
16.0090277272 35.3016561976 120.726708537 0.0 0.0 1.0 0.0 0.1 0.0 0.0 0.0 0.0 0.0 0.0 0.0
138.230594361 188.28453283 114.746986613 0.0 0.0 1.0 0.0 0.1 0.0 0.0 0.0 0.0 0.0 0.0 0.0
54.8955181384 66.0063488292 117.91765094 0.0 0.0 1.0 0.0 0.1 0.0 0.0 0.0 0.0 0.0 0.0 0.0
48.8712101997 63.4758881364 122.361272455 0.0 0.0 1.0 0.0 0.1 0.0 0.0 0.0 0.0 0.0 0.0 0.0
20.4626890391 106.675796762 157.338936944 0.0 0.0 1.0 0.0 0.1 0.0 0.0 0.0 0.0 0.0 0.0 0.0
119.88280945 16.3028884848 62.0814590049 0.0 0.0 1.0 0.0 0.1 0.0 0.0 0.0 0.0 0.0 0.0 0.0
161.158359234 141.006199489 179.035665652 0.0 0.0 1.0 0.0 0.1 0.0 0.0 0.0 0.0 0.0 0.0 0.0
161.17505325 96.2342327538 142.999013898 0.0 0.0 1.0 0.0 0.1 0.0 0.0 0.0 0.0 0.0 0.0 0.0
154.449111596 101.00885444 71.3099460358 0.0 0.0 1.0 0.0 0.1 0.0 0.0 0.0 0.0 0.0 0.0 0.0
114.605089806 190.783253821 128.315917133 0.0 0.0 1.0 0.0 0.1 0.0 0.0 0.0 0.0 0.0 0.0 0.0
64.9046625383 173.162535698 159.02204143 0.0 0.0 1.0 0.0 0.1 0.0 0.0 0.0 0.0 0.0 0.0 0.0
134.794113817 183.728200377 4.64062815304 0.0 0.0 1.0 0.0 0.1 0.0 0.0 0.0 0.0 0.0 0.0 0.0
165.388338192 11.1061103467 71.6121554593 0.0 0.0 1.0 0.0 0.1 0.0 0.0 0.0 0.0 0.0 0.0 0.0
71.7483064377 188.378980683 184.832118262 0.0 0.0 1.0 0.0 0.1 0.0 0.0 0.0 0.0 0.0 0.0 0.0
165.685649721 71.0426006213 86.5156003423 0.0 0.0 1.0 0.0 0.1 0.0 0.0 0.0 0.0 0.0 0.0 0.0
67.4470630255 185.616565807 4.65530724634 0.0 0.0 1.0 0.0 0.1 0.0 0.0 0.0 0.0 0.0 0.0 0.0
40.6593867529 74.8745566429 23.7586878538 0.0 0.0 1.0 0.0 0.1 0.0 0.0 0.0 0.0 0.0 0.0 0.0
78.2742932183 44.8434477743 115.967005926 0.0 0.0 1.0 0.0 0.1 0.0 0.0 0.0 0.0 0.0 0.0 0.0
110.869569031 46.3925983454 60.4924101107 0.0 0.0 1.0 0.0 0.1 0.0 0.0 0.0 0.0 0.0 0.0 0.0
46.462632889 199.307008771 138.227592203 0.0 0.0 1.0 0.0 0.1 0.0 0.0 0.0 0.0 0.0 0.0 0.0
106.741544398 104.980857863 161.192562337 0.0 0.0 1.0 0.0 0.1 0.0 0.0 0.0 0.0 0.0 0.0 0.0
164.461491818 142.045808215 33.0745933809 0.0 0.0 1.0 0.0 0.1 0.0 0.0 0.0 0.0 0.0 0.0 0.0
118.817501429 172.644796625 28.9120868756 0.0 0.0 1.0 0.0 0.1 0.0 0.0 0.0 0.0 0.0 0.0 0.0
70.7708990944 161.640578519 4.16889195073 0.0 0.0 1.0 0.0 0.1 0.0 0.0 0.0 0.0 0.0 0.0 0.0
