t = 10000
b = 20 20 20
E = -0.696816480329862 -0.696816480329862 0
-1.07497198366866 1.24725299413411 -0.495545590901671 0.936059391881454 -0.108083304433829 0.334829387244907 0.351622320584824 0.320986740151589 -0.879391342686722 0 0 0 0 0 0
-0.874063238316025 1.6308616935307 -0.622555693050082 0.79587357011736 -0.594473901672058 -0.114829304629656 0.38565252494776 0.643940816847941 -0.660766408165778 0 0 0 0 0 0
-0.483266250772432 1.91522777966625 -0.891242604103414 0.35470665617385 -0.89112195530805 -0.282992406002102 0.554615675100406 0.444209308631211 -0.703618850689296 0 0 0 0 0 0
-0.00958833691329781 2.01938976710449 -1.04079858504702 -0.329771200166614 -0.745413564256267 -0.579318121897329 0.559656819291582 0.339831376845691 -0.755843124209032 0 0 0 0 0 0
0.396724785042308 1.93960451147266 -1.3308827551183 -0.706974112977703 -0.364095172938102 -0.606318599620225 0.59238108499195 0.163485501630101 -0.788896082975423 0 0 0 0 0 0
0.666244596768671 1.79051551488337 -1.70317203520018 -0.858881359193993 0.193083000881598 -0.474385611431085 0.505348418495762 0.168757265775791 -0.846252846590122 0 0 0 0 0 0
0.811695738471164 1.64747041327905 -2.14793934630406 -0.532361256736928 0.832100875173809 -0.155562149169174 0.416454892947354 0.0974508560151723 -0.903918457893303 0 0 0 0 0 0
0.914672531222202 1.12273192309123 -3.0605686754039 -0.57155912905034 0.57106390259022 -0.589241962116154 0.778552834144769 0.150591085354981 -0.60924355205835 0 0 0 0 0 0
1.15153687549911 1.08327713997023 -3.51973830292398 -0.231871782706587 0.972516403354888 0.0211467216848826 0.738439158933126 0.190129780350501 -0.646960696307456 0 0 0 0 0 0
1.16785372674026 1.17225832292025 -3.97771156514104 0.46666924777466 0.797011875361694 0.383395038856201 0.532214552148376 0.0931563534347644 -0.84146864688148 0 0 0 0 0 0
1.19902538465929 1.48195727517005 -4.40467152660705 0.828857941253895 0.102390238624743 0.550009675610839 0.554975388006547 -0.0262638141007438 -0.831451983840512 0 0 0 0 0 0
-0.0824531606074074 1.78897784580975 -4.64344516073362 -0.373749961289935 0.87607075375444 0.304648863696224 0.637204949726262 0.481192674305877 -0.602016082349535 0 0 0 0 0 0
-0.165561648984413 2.04283411077556 -3.79811124778439 -0.363435287351218 0.144399993982279 0.920360389686346 -0.228564565033607 0.943900184620028 -0.238349627382988 0 0 0 0 0 0
0.594565198654041 2.27949561816375 -3.42225261511707 0.488292842279476 -0.616006801655012 0.618146942300125 -0.0619229249405924 0.682089174067893 0.728642448863252 0 0 0 0 0 0
0.400416975238548 2.50603303345149 -2.97822600779504 0.883333279113329 -0.337645424377371 0.325142652897318 -0.101716748633006 0.539044946157806 0.836112496889619 0 0 0 0 0 0
0.295685339459684 2.46185454469051 -2.53390702106562 0.835214374449078 0.54767772572208 -0.0496588204371902 -0.291140474940053 0.516979782500514 0.804965255238024 0 0 0 0 0 0
-0.380700970769613 1.93137087469584 -2.29269511919071 0.879460386667785 -0.181066309568445 0.440186688087141 -0.470597248760939 -0.469369977606874 0.747147885755306 0 0 0 0 0 0
-0.437729186966573 1.46560029039504 -2.04265137129808 0.705586480719573 0.42009929041952 0.570669998161037 -0.390264874562903 -0.44181288835831 0.807771393529014 0 0 0 0 0 0
-0.365582469598104 1.07731700729289 -1.70064589026949 0.353096678848794 0.796336856091974 0.491090851002665 -0.205781426261771 -0.44594318766803 0.871084716335432 0 0 0 0 0 0
-0.159655443821832 0.822197377810581 -1.253354645672 -0.137037622177904 0.951525074749183 0.275355523795307 -0.264229521923384 -0.303019530306694 0.915621010972329 0 0 0 0 0 0
-0.0468811709868633 0.793997728980675 -0.684721357032785 -0.628590372224678 0.774909266641403 -0.0662548057863226 -0.260642208254101 -0.129630227384654 0.956693027539514 0 0 0 0 0 0
0.034456900788815 1.02011395191071 -0.159587336577879 -0.934037605957169 0.249696839001753 -0.255392062171747 -0.313272775194976 -0.229261077306489 0.921574413991908 0 0 0 0 0 0
17.8351433202812 5.07439204600088 1.91598316682784 -0.42150563570081 -0.529383947375269 -0.736264592067701 0.364199017441786 0.644731623820297 -0.672071528398546 0 0 0 0 0 0
3.41098109106387 10.8364253357137 9.46813308436345 -0.673461242674132 0.738647483445225 -0.029151254641338 -0.26506692834368 -0.204486126375665 0.942297635247868 0 0 0 0 0 0
9.31855867866439 -4.1030438587514 13.7704783397935 0.186090427307339 0.982486887586548 0.00947968597501516 -0.628109461647403 0.126376869066491 -0.767793770389285 0 0 0 0 0 0
11.1406448944874 6.61731973005323 6.77948817654671 0.405515237173954 -0.17454535410083 0.897268742464667 -0.872114937275674 0.220156810767477 0.436974142738459 0 0 0 0 0 0
21.9531694583874 11.5600989521763 15.3786501472276 -0.577024874577418 0.53518346603413 0.61694478418851 0.253965338262119 0.835514523802309 -0.487254606428379 0 0 0 0 0 0
14.447891350561 15.9406530774407 -0.250286313297527 -0.3861621774456 0.920680324590271 -0.056802239934394 -0.156700740802231 -0.126159799135004 -0.979555238668216 0 0 0 0 0 0
9.23951817824164 11.5165032937305 19.415719817904 -0.82342353807909 -0.47534678978208 -0.309869350061906 -0.291183834348855 -0.114726387240411 0.949762977297191 0 0 0 0 0 0
1.4685256549064 0.865046615013076 7.35630480513079 -0.257322340884735 -0.957110228666239 0.133136069709278 -0.572343791961005 0.0399463534688774 -0.819040141647028 0 0 0 0 0 0
2.71660692123206 15.5303512019416 22.2836479836279 -0.377754293379677 0.873341221150495 -0.307533375403693 -0.524598572356795 0.0718115621573105 0.848315577380967 0 0 0 0 0 0
9.14970636784769 17.5831653344083 6.5621250925101 0.2273998123841 0.968946352050001 0.0971199510289375 0.973708730736439 -0.227620545589866 -0.00894884797561288 0 0 0 0 0 0
16.3230629716552 4.99609100167303 9.83495855933069 0.684579523997147 0.728603347254646 -0.0220903093611248 0.657111684949158 -0.603723076433704 0.451356405432578 0 0 0 0 0 0
14.2902813551978 10.5726539036574 11.7095402920842 -0.725781041092796 0.578165567162877 -0.372781944274319 0.650348376899393 0.753308737185844 -0.0978411139689649 0 0 0 0 0 0
22.4977550711732 18.6596346332847 13.0504087637738 -0.450675844282417 -0.551853603327306 -0.701675709263191 -0.881910318831939 0.153470762426043 0.445736242879807 0 0 0 0 0 0
12.4275393390879 5.16290633155004 16.644027312142 -0.196156910163697 -0.702297838221698 -0.684324595942261 0.966094736447237 -0.0189347035357176 -0.25749236502159 0 0 0 0 0 0
