#t = 439000000; extr. Ts: 0.0993833 0.103383 0.104383 0.10505 0.105717 0.106383 0.10705 0.107717 0.108383 0.10905 0.109717 0.110383 
0 5.41203e+10 6.76503e+09 4.08612e+13 4.12277e+11 1.47865e+11 7.66287e+10 4.05379e+10 2.18831e+10 1.20495e+10 6.76503e+09 3.87109e+09 2.25674e+09 1.33977e+09 8.09647e+08 
1 4.29681e+09 405608 6.8554e+09 4.18119e+07 1.32473e+07 6.32529e+06 3.0852e+06 1.53678e+06 781508 405608 214775 115987 63858.3 35829.5 
2 5.91495e+09 3.13974e+06 1.95016e+11 6.39059e+08 1.73223e+08 7.45162e+07 3.27365e+07 1.46832e+07 6.72183e+06 3.13974e+06 1.49588e+06 726697 359837 181549 
3 6.8779e+09 2.06542e+07 4.19086e+12 7.7563e+09 1.82502e+09 7.14493e+08 2.85681e+08 1.1662e+08 4.85882e+07 2.06542e+07 8.95495e+06 3.95865e+06 1.78367e+06 818873 
4 7.6205e+09 1.33477e+08 8.53193e+13 9.09513e+10 1.86515e+10 6.6627e+09 2.43075e+09 9.05383e+08 3.44169e+08 1.33477e+08 5.27937e+07 2.12885e+07 8.74863e+06 3.66279e+06 
5 8.40443e+09 7.82186e+08 1.45252e+15 9.32602e+11 1.68241e+11 5.51591e+10 1.8465e+10 6.30924e+09 2.19962e+09 7.82186e+08 2.83605e+08 1.04811e+08 3.94677e+07 1.51378e+07 
6 9.70891e+09 3.51613e+09 1.67611e+16 6.92245e+12 1.11479e+12 3.38601e+11 1.04948e+11 3.31815e+10 1.06982e+10 3.51613e+09 1.17765e+09 4.0181e+08 1.39615e+08 4.93866e+07 
7 1.06811e+10 9.51824e+09 1.01045e+17 2.88173e+13 4.21398e+12 1.1991e+12 3.47917e+11 1.02896e+11 3.10082e+10 9.51824e+09 2.97505e+09 9.46556e+08 3.06459e+08 1.00933e+08 
8 1.09049e+10 1.09049e+10 2.33501e+17 4.81224e+13 6.46684e+12 1.73798e+12 4.7596e+11 1.32773e+11 3.77148e+10 1.09049e+10 3.20843e+09 9.60242e+08 2.92245e+08 9.04177e+07 
