#t = 395000000; extr. Ts: 0.0993833 0.103383 0.104383 0.10505 0.105717 0.106383 0.10705 0.107717 0.108383 0.10905 0.109717 0.110383 
0 4.97532e+10 6.21915e+09 3.75265e+13 3.7802e+11 1.35607e+11 7.02958e+10 3.7202e+10 2.00922e+10 1.10698e+10 6.21915e+09 3.56138e+09 2.07787e+09 1.23465e+09 7.46803e+08 
1 3.70402e+09 349651 5.98322e+09 3.62306e+07 1.14641e+07 5.46929e+06 2.66551e+06 1.32667e+06 674152 349651 185038 99886.2 54983.1 30852.6 
2 5.1775e+09 2.74829e+06 1.75591e+11 5.6764e+08 1.5337e+08 6.58338e+07 2.88586e+07 1.29146e+07 5.89827e+06 2.74829e+06 1.30601e+06 632736 312420 157157 
3 6.09875e+09 1.83144e+07 3.76086e+12 6.93452e+09 1.62909e+09 6.37044e+08 2.54396e+08 1.03711e+08 4.31486e+07 1.83144e+07 7.92789e+06 3.49872e+06 1.57362e+06 721065 
4 6.79344e+09 1.1899e+08 7.69716e+13 8.17057e+10 1.67292e+10 5.96922e+09 2.17516e+09 8.0918e+08 3.0721e+08 1.1899e+08 4.70036e+07 1.89297e+07 7.7697e+06 3.24911e+06 
5 7.48055e+09 6.96202e+08 1.29371e+15 8.3206e+11 1.50082e+11 4.91941e+10 1.64626e+10 5.62251e+09 1.95911e+09 6.96202e+08 2.52237e+08 9.31385e+07 3.50387e+07 1.34251e+07 
6 8.58667e+09 3.1097e+09 1.47747e+16 6.11716e+12 9.85503e+11 2.99394e+11 9.28096e+10 2.93464e+10 9.46194e+09 3.1097e+09 1.04142e+09 3.55264e+08 1.23411e+08 4.36406e+07 
7 9.45247e+09 8.42339e+09 8.91505e+16 2.54558e+13 3.72386e+12 1.05992e+12 3.07621e+11 9.10053e+10 2.7433e+10 8.42339e+09 2.63367e+09 8.38208e+08 2.71467e+08 8.94376e+07 
8 9.60314e+09 9.60314e+09 2.05378e+17 4.23536e+13 5.69244e+12 1.53e+12 4.19041e+11 1.16905e+11 3.32101e+10 9.60314e+09 2.82563e+09 8.45733e+08 2.5741e+08 7.96448e+07 
