#t = 422000000; extr. Ts: 0.0993833 0.103383 0.104383 0.10505 0.105717 0.106383 0.10705 0.107717 0.108383 0.10905 0.109717 0.110383 
0 5.11745e+10 6.39681e+09 3.85591e+13 3.89e+11 1.39554e+11 7.23402e+10 3.82812e+10 2.06727e+10 1.1388e+10 6.39681e+09 3.66244e+09 2.13642e+09 1.2692e+09 7.67562e+08 
1 4.03084e+09 380501 6.57882e+09 3.98438e+07 1.25936e+07 6.00153e+06 2.92067e+06 1.45101e+06 735661 380501 200700 107917 59130.6 33002 
2 5.63699e+09 2.99219e+06 1.87954e+11 6.15136e+08 1.66535e+08 7.15589e+07 3.13931e+07 1.40564e+07 6.42159e+06 2.99219e+06 1.42157e+06 688375 339630 170668 
3 6.66673e+09 2.00201e+07 4.09487e+12 7.56102e+09 1.7775e+09 6.95396e+08 2.77817e+08 1.13303e+08 4.71549e+07 2.00201e+07 8.66778e+06 3.8256e+06 1.72064e+06 788355 
4 7.45953e+09 1.30657e+08 8.34391e+13 8.91647e+10 1.82871e+10 6.53211e+09 2.38266e+09 8.87188e+08 3.371e+08 1.30657e+08 5.164e+07 2.08046e+07 8.54078e+06 3.57145e+06 
5 8.20338e+09 7.63474e+08 1.41524e+15 9.10513e+11 1.64291e+11 5.38675e+10 1.80324e+10 6.1609e+09 2.14754e+09 7.63474e+08 2.76725e+08 1.02224e+08 3.84728e+07 1.47468e+07 
6 9.51803e+09 3.447e+09 1.63902e+16 6.78283e+12 1.0926e+12 3.31904e+11 1.02881e+11 3.25298e+10 1.04881e+10 3.447e+09 1.15442e+09 3.93841e+08 1.36826e+08 4.83912e+07 
7 1.0501e+10 9.3578e+09 9.92631e+16 2.83191e+13 4.14156e+12 1.17857e+12 3.41985e+11 1.01149e+11 3.04836e+10 9.3578e+09 2.92508e+09 9.30711e+08 3.01344e+08 9.92529e+07 
8 1.07487e+10 1.07487e+10 2.30017e+17 4.74208e+13 6.37298e+12 1.71283e+12 4.69091e+11 1.30862e+11 3.71733e+10 1.07487e+10 3.16256e+09 9.46543e+08 2.88083e+08 8.91324e+07 
