#t = 439000000; extr. Ts: 0.0993833 0.103383 0.104383 0.10505 0.105717 0.106383 0.10705 0.107717 0.108383 0.10905 0.109717 0.110383 
0 5.66217e+10 7.07771e+09 4.21214e+13 4.27618e+11 1.53637e+11 7.97196e+10 4.22286e+10 2.28273e+10 1.25876e+10 7.07771e+09 4.05628e+09 2.36844e+09 1.40834e+09 8.52462e+08 
1 4.01679e+09 379175 6.39673e+09 3.88572e+07 1.23168e+07 5.88443e+06 2.87252e+06 1.43236e+06 729381 379175 201178 108903 60128.1 33849.3 
2 5.48915e+09 2.91372e+06 1.86085e+11 6.04034e+08 1.63163e+08 7.00081e+07 3.06702e+07 1.37153e+07 6.25879e+06 2.91372e+06 1.38342e+06 669704 330452 166150 
3 6.5333e+09 1.96194e+07 4.01433e+12 7.41496e+09 1.74286e+09 6.81749e+08 2.72328e+08 1.11051e+08 4.62133e+07 1.96194e+07 8.4944e+06 3.74942e+06 1.68668e+06 773028 
4 7.31932e+09 1.28201e+08 8.23637e+13 8.7591e+10 1.79523e+10 6.41049e+09 2.33781e+09 8.70401e+08 3.30724e+08 1.28201e+08 5.06809e+07 2.0425e+07 8.38865e+06 3.50973e+06 
5 8.16541e+09 7.59941e+08 1.42396e+15 9.10826e+11 1.64125e+11 5.37675e+10 1.79846e+10 6.14005e+09 2.13885e+09 7.59941e+08 2.75308e+08 1.01659e+08 3.82486e+07 1.4658e+07 
6 9.44181e+09 3.4194e+09 1.64043e+16 6.75854e+12 1.08754e+12 3.30137e+11 1.02263e+11 3.23124e+10 1.04111e+10 3.4194e+09 1.14443e+09 3.9018e+08 1.35469e+08 4.78816e+07 
7 1.03492e+10 9.2225e+09 9.81563e+16 2.79635e+13 4.08791e+12 1.16298e+12 3.37361e+11 9.97507e+10 3.00527e+10 9.2225e+09 2.88181e+09 9.16617e+08 2.96672e+08 9.76771e+07 
8 1.0593e+10 1.0593e+10 2.26966e+17 4.67657e+13 6.28401e+12 1.68874e+12 4.62447e+11 1.28995e+11 3.6639e+10 1.0593e+10 3.11644e+09 9.32635e+08 2.83819e+08 8.78031e+07 
