#t = 427000000; extr. Ts: 0.0993833 0.103383 0.104383 0.10505 0.105717 0.106383 0.10705 0.107717 0.108383 0.10905 0.109717 0.110383 
0 5.49834e+10 6.87293e+09 4.08592e+13 4.14542e+11 1.48993e+11 7.73321e+10 4.09757e+10 2.21563e+10 1.22207e+10 6.87293e+09 3.93961e+09 2.30061e+09 1.36812e+09 8.28131e+08 
1 3.78295e+09 357101 6.0393e+09 3.67891e+07 1.16579e+07 5.56712e+06 2.71575e+06 1.35289e+06 688037 357101 189081 102100 56202.6 31525.9 
2 5.37046e+09 2.85072e+06 1.79609e+11 5.85253e+08 1.58364e+08 6.80394e+07 2.98517e+07 1.33707e+07 6.11214e+06 2.85072e+06 1.35615e+06 657834 325273 163893 
3 6.43647e+09 1.93286e+07 3.90965e+12 7.26099e+09 1.70897e+09 6.69104e+08 2.67524e+08 1.09194e+08 4.54841e+07 1.93286e+07 8.37682e+06 3.70126e+06 1.66674e+06 764691 
4 7.25671e+09 1.27105e+08 8.08276e+13 8.64794e+10 1.7745e+10 6.34091e+09 2.31394e+09 8.62033e+08 3.27727e+08 1.27105e+08 5.0271e+07 2.02685e+07 8.32759e+06 3.48539e+06 
5 7.99723e+09 7.44288e+08 1.38063e+15 8.88326e+11 1.60262e+11 5.25399e+10 1.75857e+10 6.00747e+09 2.0938e+09 7.44288e+08 2.69749e+08 9.96419e+07 3.75006e+07 1.43747e+07 
6 9.22868e+09 3.34221e+09 1.58107e+16 6.55957e+12 1.05731e+12 3.21319e+11 9.96407e+10 3.15175e+10 1.01656e+10 3.34221e+09 1.11971e+09 3.82124e+08 1.32796e+08 4.69794e+07 
7 1.00837e+10 8.9859e+09 9.46773e+16 2.70941e+13 3.96565e+12 1.12914e+12 3.27825e+11 9.70161e+10 2.9255e+10 8.9859e+09 2.81049e+09 8.94785e+08 2.89886e+08 9.5537e+07 
8 1.01501e+10 1.01501e+10 2.17608e+17 4.48221e+13 6.02243e+12 1.61838e+12 4.43161e+11 1.23611e+11 3.51082e+10 1.01501e+10 2.986e+09 8.93566e+08 2.71919e+08 8.41185e+07 
