#t = 1210; extr. Ts: 0.0993833 0.103383 0.104383 0.10505 0.105717 0.106383 0.10705 0.107717 0.108383 0.10905 0.109717 0.110383 
0 0 0 0 0 0 0 0 0 0 0 0 0 0 0 
1 0 0 0 0 0 0 0 0 0 0 0 0 0 0 
2 0 0 0 0 0 0 0 0 0 0 0 0 0 0 
3 0 0 0 0 0 0 0 0 0 0 0 0 0 0 
4 0 0 0 0 0 0 0 0 0 0 0 0 0 0 
5 2101 195.536 1.66222e+08 176371 34758.8 11990.3 4196.17 1489.39 536.009 195.536 72.2867 27.0739 10.2706 3.94531 
6 1095 396.56 1.86565e+09 841588 135308 40837.8 12524.8 3902.19 1234.62 396.56 129.272 42.7557 14.3433 4.87924 
7 148 131.887 7.38257e+08 310838 48898.2 14532.8 4386.23 1343.99 417.966 131.887 42.215 13.7031 4.50966 1.50431 
8 0 0 0 0 0 0 0 0 0 0 0 0 0 0 
