t = 1210
b = 20 20 20
E = -1.04476308705732 -1.04476308705732 0
1189.28126548988 137.511043556098 -382.063340353056 0.279419424346916 0.955682464038144 -0.0927129657508415 0.843052560844488 -0.19797633157068 0.500067628008538 0 0 0 0 0 0
1189.76673856164 137.525532687628 -382.143832033393 -0.154326470603109 0.780728976206689 0.605512582010601 0.932346250837031 -0.0877424287789308 0.350758628593547 0 0 0 0 0 0
1190.2212494347 137.633569839912 -382.214234305673 -0.300620746683242 0.394529789167672 0.86831635531852 0.953741875537478 0.126137198030265 0.272884083284538 0 0 0 0 0 0
1190.60968011298 137.996466687913 -382.086319778834 -0.233045424744301 -0.450075904183857 0.862044889358764 0.955694252393207 0.0579249706680723 0.288605395837307 0 0 0 0 0 0
1191.11974224968 138.272472567013 -381.820490744722 -0.184736721484785 -0.823178791945723 0.53688816434762 0.943124172241168 0.00514146800373258 0.332400724776408 0 0 0 0 0 0
1191.41900978205 138.282167712684 -381.313449768215 -0.0606231727606834 -0.983279751758416 -0.171713836067598 0.98156882094107 -0.0899626437095299 0.16860976627659 0 0 0 0 0 0
1191.69710560944 137.984160676244 -381.016129155248 0.241559684638571 -0.404273751567401 -0.882162985701426 0.970256611202189 0.0857836655286858 0.226369503108561 0 0 0 0 0 0
1191.48107196647 137.843200307439 -380.428982014504 -0.838414686728926 -0.365355190702639 0.404445643436312 0.535705248529226 -0.689098127169607 0.488020018667543 0 0 0 0 0 0
-2267.84346933617 4297.4223596937 -4701.90663552881 0.144777484259911 -0.231051508976252 0.962109432986652 -0.984654495394686 0.0621137881521877 0.16308673401337 0 0 0 0 0 0
-2268.31869844288 4297.15061669497 -4701.84533345742 0.155687908694591 0.591324531454794 0.791262569806505 -0.950990032670684 0.306376921194038 -0.0418451993828218 0 0 0 0 0 0
-2268.76725705115 4297.11624631538 -4701.60491628387 0.251349061197549 0.922530730471705 0.292849076421926 -0.967299725532007 0.228797849604257 0.109465363439162 0 0 0 0 0 0
-2269.14571682925 4297.29250042252 -4701.18658557068 0.189999984958897 0.864111079734317 -0.46606000513529 -0.981589305287572 0.176648328748352 -0.0726476736458576 0 0 0 0 0 0
-2269.63643703375 4297.57893097033 -4701.03150016167 0.163290515219764 0.441605347920633 -0.882224917534013 -0.920219649178159 0.390590718971511 0.0251906393422388 0 0 0 0 0 0
-2270.14016742802 4297.97052958705 -4701.15550647804 0.272755706002617 -0.165293260210083 -0.947777581378065 -0.912878421179545 0.266550080484842 -0.30919884140947 0 0 0 0 0 0
-2270.34692082907 4298.42445400762 -4701.39258416235 0.0651275106544559 -0.791765151741727 -0.607343586970411 -0.881627864993378 0.239444361948964 -0.406692249727939 0 0 0 0 0 0
-2270.21862502969 4298.74023468342 -4700.8244992687 -0.23370663984879 0.970500252698427 0.0592481796646749 0.913201840528935 0.240013651814344 -0.329326169910642 0 0 0 0 0 0
