#t = 299000000; extr. Ts: 0.0993833 0.103383 0.109717 0.110383 0.11105 0.111717 0.112383 0.11305 0.113717 0.114383 0.11505 0.115717 
0 9.30088e+09 1.16261e+09 8.27238e+09 2.13304e+09 9.76539e+08 9.81735e+08 1.00207e+09 1.03806e+09 1.09092e+09 1.16261e+09 1.25594e+09 1.37475e+09 1.52418e+09 1.71098e+09 
1 1.1127e+10 1.05036e+06 1.46397e+08 1.58239e+07 1.77787e+06 1.54762e+06 1.37012e+06 1.23342e+06 1.12892e+06 1.05036e+06 993277 954530 932018 924495 
2 1.55167e+10 8.2365e+06 8.78241e+09 5.36942e+08 2.36127e+07 1.85389e+07 1.47875e+07 1.19812e+07 9.85851e+06 8.2365e+06 6.98566e+06 6.01334e+06 5.25262e+06 4.65473e+06 
3 1.62029e+10 4.86572e+07 2.80379e+11 1.04571e+10 2.11472e+08 1.52873e+08 1.12243e+08 8.36824e+07 6.33378e+07 4.86572e+07 3.79304e+07 2.99975e+07 2.40623e+07 1.95724e+07 
4 1.40192e+10 2.45553e+08 6.76117e+12 1.5938e+11 1.56697e+09 1.04946e+09 7.13724e+08 4.92781e+08 3.45325e+08 2.45553e+08 1.77134e+08 1.29596e+08 9.61407e+07 7.23008e+07 
5 1.08133e+10 1.00638e+09 1.16431e+14 1.8186e+12 9.19545e+09 5.73522e+09 3.63137e+09 2.33357e+09 1.52156e+09 1.00638e+09 6.75043e+08 4.59078e+08 3.16458e+08 2.2106e+08 
6 8.10813e+09 2.9364e+09 1.28138e+15 1.36976e+13 3.74767e+10 2.18778e+10 1.29612e+10 7.7906e+09 4.74969e+09 2.9364e+09 1.84039e+09 1.16906e+09 7.52468e+08 4.90631e+08 
7 5.77448e+09 5.14582e+09 7.30722e+15 5.62904e+13 8.90931e+10 4.89801e+10 2.73139e+10 1.54461e+10 8.85553e+09 5.14582e+09 3.02991e+09 1.8073e+09 1.09182e+09 6.67861e+08 
8 3.91999e+09 3.91999e+09 1.62477e+16 9.32779e+13 8.98266e+10 4.67418e+10 2.46581e+10 1.31841e+10 7.1427e+09 3.91999e+09 2.17876e+09 1.22611e+09 6.98462e+08 4.02666e+08 
