#t = 297000000; extr. Ts: 0.0993833 0.103383 0.109717 0.110383 0.11105 0.111717 0.112383 0.11305 0.113717 0.114383 0.11505 0.115717 
0 8.15068e+09 1.01884e+09 9.58e+09 2.33889e+09 9.34743e+08 9.23978e+08 9.26954e+08 9.43436e+08 9.73761e+08 1.01884e+09 1.08016e+09 1.15993e+09 1.26109e+09 1.38757e+09 
1 1.19384e+10 1.12696e+06 1.87136e+08 1.91913e+07 1.99315e+06 1.72037e+06 1.51001e+06 1.34752e+06 1.22238e+06 1.12696e+06 1.05573e+06 1.00474e+06 971210 953332 
2 1.63359e+10 8.67134e+06 1.07591e+10 6.24334e+08 2.56211e+07 1.99888e+07 1.58459e+07 1.27615e+07 1.04389e+07 8.67134e+06 7.31322e+06 6.26086e+06 5.43973e+06 4.79571e+06 
3 1.66139e+10 4.98913e+07 3.38296e+11 1.19748e+10 2.24651e+08 1.61214e+08 1.17515e+08 8.69945e+07 6.53882e+07 4.98913e+07 3.86344e+07 3.03567e+07 2.41976e+07 1.95629e+07 
4 1.40042e+10 2.4529e+08 8.02019e+12 1.79879e+11 1.63215e+09 1.08399e+09 7.3107e+08 5.00554e+08 3.47851e+08 2.4529e+08 1.75471e+08 1.2731e+08 9.36589e+07 6.98496e+07 
5 1.04847e+10 9.75793e+08 1.39218e+14 2.03336e+12 9.34045e+09 5.77071e+09 3.61972e+09 2.30457e+09 1.48886e+09 9.75793e+08 6.48607e+08 4.37133e+08 2.98634e+08 2.06751e+08 
6 7.66284e+09 2.77513e+09 1.49857e+15 1.50229e+13 3.7225e+10 2.15124e+10 1.26175e+10 7.50892e+09 4.53298e+09 2.77513e+09 1.72253e+09 1.08374e+09 6.90958e+08 4.46315e+08 
7 5.36954e+09 4.78496e+09 8.48165e+15 6.10353e+13 8.72531e+10 4.74703e+10 2.6198e+10 1.46623e+10 8.31974e+09 4.78496e+09 2.78867e+09 1.64649e+09 9.84593e+08 5.96194e+08 
8 3.5885e+09 3.5885e+09 1.86306e+16 1.00034e+14 8.68214e+10 4.46894e+10 2.33205e+10 1.23342e+10 6.61007e+09 3.5885e+09 1.97298e+09 1.09831e+09 6.18904e+08 3.52948e+08 
