#t = 309000000; extr. Ts: 0.0993833 0.103383 0.109717 0.110383 0.11105 0.111717 0.112383 0.11305 0.113717 0.114383 0.11505 0.115717 
0 1.60709e+10 2.00887e+09 3.00813e+10 6.48331e+09 2.07733e+09 2.00474e+09 1.96351e+09 1.9511e+09 1.96625e+09 2.00887e+09 2.07998e+09 2.18171e+09 2.31744e+09 2.4919e+09 
1 1.7418e+10 1.64422e+06 2.1928e+08 2.37819e+07 2.75589e+06 2.40648e+06 2.13619e+06 1.92713e+06 1.76629e+06 1.64422e+06 1.55405e+06 1.49086e+06 1.45121e+06 1.43286e+06 
2 1.75716e+10 9.32724e+06 1.0009e+10 6.01619e+08 2.6451e+07 2.08023e+07 1.66253e+07 1.34997e+07 1.11348e+07 9.32724e+06 7.93301e+06 6.84924e+06 6.00169e+06 5.33629e+06 
3 1.50753e+10 4.5271e+07 2.83127e+11 1.02318e+10 1.99449e+08 1.43749e+08 1.05242e+08 7.82501e+07 5.90738e+07 4.5271e+07 3.52095e+07 2.77853e+07 2.22427e+07 1.80581e+07 
4 1.15516e+10 2.02332e+08 6.36418e+12 1.4355e+11 1.32884e+09 8.84782e+08 5.98258e+08 4.10693e+08 2.86163e+08 2.02332e+08 1.45131e+08 1.05583e+08 7.78841e+07 5.824e+07 
5 8.20331e+09 7.63468e+08 1.09456e+14 1.58814e+12 7.29453e+09 4.50821e+09 2.82882e+09 1.8017e+09 1.16444e+09 7.63468e+08 5.07676e+08 3.42286e+08 2.33928e+08 1.62013e+08 
6 5.64098e+09 2.04291e+09 1.16365e+15 1.14266e+13 2.76779e+10 1.59631e+10 9.34418e+09 5.54988e+09 3.34369e+09 2.04291e+09 1.26543e+09 7.9447e+08 5.05422e+08 3.25728e+08 
7 3.83923e+09 3.42126e+09 6.66061e+15 4.66364e+13 6.3783e+10 3.45456e+10 1.89802e+10 1.05758e+10 5.97466e+09 3.42126e+09 1.98526e+09 1.16708e+09 6.94904e+08 4.18968e+08 
8 2.58167e+09 2.58167e+09 1.56293e+16 8.00313e+13 6.4718e+10 3.30738e+10 1.71363e+10 8.9993e+09 4.78895e+09 2.58167e+09 1.40955e+09 7.79238e+08 4.36082e+08 2.46985e+08 
