#t = 310000000; extr. Ts: 0.0993833 0.103383 0.109717 0.110383 0.11105 0.111717 0.112383 0.11305 0.113717 0.114383 0.11505 0.115717 
0 1.6893e+10 2.11163e+09 2.24493e+10 5.35159e+09 2.01464e+09 1.97635e+09 1.96742e+09 1.98673e+09 2.03439e+09 2.11163e+09 2.22089e+09 2.36591e+09 2.55188e+09 2.78578e+09 
1 1.59156e+10 1.50239e+06 1.39355e+08 1.70304e+07 2.33254e+06 2.06913e+06 1.8654e+06 1.70873e+06 1.58994e+06 1.50239e+06 1.44132e+06 1.40344e+06 1.38662e+06 1.3897e+06 
2 1.72239e+10 9.14269e+06 6.73575e+09 4.54957e+08 2.38437e+07 1.90802e+07 1.55117e+07 1.28086e+07 1.07401e+07 9.14269e+06 7.89931e+06 6.92538e+06 6.15915e+06 5.55526e+06 
3 1.53344e+10 4.6049e+07 1.92486e+11 7.80093e+09 1.83845e+08 1.35169e+08 1.00942e+08 7.65482e+07 5.89323e+07 4.6049e+07 3.65114e+07 2.93677e+07 2.39572e+07 1.9816e+07 
4 1.18977e+10 2.08394e+08 4.30323e+12 1.09701e+11 1.23462e+09 8.39201e+08 5.79274e+08 4.05948e+08 2.88742e+08 2.08394e+08 1.52573e+08 1.13285e+08 8.52813e+07 6.50734e+07 
5 8.42811e+09 7.84389e+08 7.34701e+13 1.208e+12 6.74726e+09 4.25766e+09 2.72802e+09 1.77437e+09 1.17123e+09 7.84389e+08 5.32841e+08 3.67053e+08 2.56338e+08 1.81444e+08 
6 5.89097e+09 2.13344e+09 7.95314e+14 8.87509e+12 2.61177e+10 1.53712e+10 9.18167e+09 5.56498e+09 3.42153e+09 2.13344e+09 1.34877e+09 8.64332e+08 5.61314e+08 3.69325e+08 
7 4.03271e+09 3.59367e+09 4.62113e+15 3.65914e+13 6.06258e+10 3.34988e+10 1.87765e+10 1.06734e+10 6.15149e+09 3.59367e+09 2.1275e+09 1.27606e+09 7.75252e+08 4.76961e+08 
8 2.65328e+09 2.65328e+09 1.04321e+16 6.08136e+13 5.99904e+10 3.12974e+10 1.6554e+10 8.87469e+09 4.82112e+09 2.65328e+09 1.47895e+09 8.34763e+08 4.76997e+08 2.7588e+08 
