#t = 302000000; extr. Ts: 0.0993833 0.103383 0.109717 0.110383 0.11105 0.111717 0.112383 0.11305 0.113717 0.114383 0.11505 0.115717 
0 1.13783e+10 1.42229e+09 1.76816e+10 3.84315e+09 1.36455e+09 1.33631e+09 1.32852e+09 1.3402e+09 1.37123e+09 1.42229e+09 1.49489e+09 1.59139e+09 1.71512e+09 1.87058e+09 
1 1.19807e+10 1.13095e+06 2.63948e+08 2.41774e+07 2.14523e+06 1.82472e+06 1.57887e+06 1.38943e+06 1.24328e+06 1.13095e+06 1.04555e+06 982105 937053 907897 
2 1.56961e+10 8.33173e+06 1.5542e+10 7.93528e+08 2.7004e+07 2.06744e+07 1.60863e+07 1.27176e+07 1.0214e+07 8.33173e+06 6.90137e+06 5.80369e+06 4.95394e+06 4.29127e+06 
3 1.59467e+10 4.78876e+07 4.97128e+11 1.55077e+10 2.38547e+08 1.67724e+08 1.19802e+08 8.69139e+07 6.40285e+07 4.78876e+07 3.63534e+07 2.80054e+07 2.18885e+07 1.7353e+07 
4 1.36823e+10 2.39653e+08 1.2024e+13 2.36155e+11 1.75869e+09 1.14497e+09 7.57078e+08 5.08306e+08 3.4645e+08 2.39653e+08 1.68207e+08 1.19763e+08 8.64792e+07 6.3315e+07 
5 1.03911e+10 9.67084e+08 2.09255e+14 2.70325e+12 1.02331e+10 6.19581e+09 3.80891e+09 2.37686e+09 1.5052e+09 9.67084e+08 6.30238e+08 4.16491e+08 2.79038e+08 1.89482e+08 
6 7.69566e+09 2.78702e+09 2.24975e+15 1.99821e+13 4.11424e+10 2.3323e+10 1.34193e+10 7.8345e+09 4.64e+09 2.78702e+09 1.69734e+09 1.04785e+09 6.55587e+08 4.15584e+08 
7 5.38758e+09 4.80104e+09 1.2508e+16 8.05056e+13 9.61203e+10 5.13189e+10 2.77954e+10 1.52682e+10 8.50375e+09 4.80104e+09 2.74698e+09 1.59246e+09 9.3514e+08 5.56134e+08 
8 3.57511e+09 3.57511e+09 2.71793e+16 1.3028e+14 9.47227e+10 4.78713e+10 2.45292e+10 1.27399e+10 6.70507e+09 3.57511e+09 1.9307e+09 1.05578e+09 5.84473e+08 3.27481e+08 
