t = 43956
b = 20 20 20
E = -0.463768973569629 -0.463768973569629 0
-0.0957499764907368 0.265360937225182 0.277714386638025 -0.992948992989576 -0.0695892469651141 -0.0959656046945666 0.102163238568636 -0.912965044482353 -0.395040984943318 0 0 0 0 0 0
-0.132726542082565 -0.248153894753813 0.315857712559986 -0.699226131573338 0.246285981992319 -0.671137731398179 -0.0168161895232495 -0.944191307169805 -0.328967888998164 0 0 0 0 0 0
-0.423648248765005 -0.601404721252152 0.403957003791482 0.0323967347240155 0.174236927452961 -0.984170628172052 -0.0962003650161949 -0.979572107219177 -0.176589513325154 0 0 0 0 0 0
-0.501008271384592 -1.85124574701916 0.931276491112779 -0.7409164233873 -0.22504939106045 0.632768077962354 -0.62759997967191 -0.103397248013714 -0.771639234652656 0 0 0 0 0 0
-1.49679826354472 -0.916779858562478 1.16569597008175 -0.445114413097271 0.609788505900464 0.655767485086673 -0.310692523724887 0.5816562606421 -0.751761943330966 0 0 0 0 0 0
-1.31405412225368 -1.44941968437865 0.449567749959185 0.752117732804437 -0.204868257269556 -0.626376665051239 0.651393239590108 0.375357837623601 0.659388482883565 0 0 0 0 0 0
-2.36492977601517 -1.67344049510825 1.16814933116397 -0.2515765122737 -0.492292664237333 0.833280903691042 0.224306609199239 0.807872927514657 0.545002525545807 0 0 0 0 0 0
-2.59165213475268 -1.31918805416188 1.45772040416406 0.501213259281819 -0.587981892693054 0.634871966170193 0.105184964875282 0.769639243779705 0.629755061170778 0 0 0 0 0 0
-2.76809305924112 -1.33584341763984 1.83051622298153 0.90664948126252 0.326571628514643 0.267090756812711 -0.412549701888513 0.553849243911547 0.723224459619528 0 0 0 0 0 0
-3.4347701907667 -1.36035046925406 1.22904495424984 0.36682720049061 0.429324556059748 -0.825298791525815 0.356763978138223 0.754390809989313 0.551011647176669 0 0 0 0 0 0
-4.40616867981916 -1.25257094602887 2.1328939776034 0.303008858717968 0.334328597203625 0.892418002102082 -0.950043626091925 0.0324232969761269 0.310428110083032 0 0 0 0 0 0
-5.18718343633603 -1.19899577255373 0.765037766534046 -0.150042305257939 -0.720609524419172 -0.676911440334869 -0.383781296029991 -0.588523743802047 0.711583855235192 0 0 0 0 0 0
-5.4882729758942 -0.327178346486477 1.14334101450091 -0.623695500982184 0.749254857560283 0.222757524891226 0.317279631263876 0.503106997914723 -0.803876142838343 0 0 0 0 0 0
-5.60995278497913 -0.151602730898162 0.729601438764501 -0.0818613148988764 0.825155069704395 0.558943392532746 0.206895355438192 0.562678067287015 -0.800367153361582 0 0 0 0 0 0
-5.78145879179385 0.161792661569848 0.384072479418108 0.398562709799976 0.64154854443955 0.65541062955864 -0.0810734034721244 0.736471201772541 -0.671592995955368 0 0 0 0 0 0
-5.98213313710113 0.525473326597705 0.244645439153981 0.940855887293529 0.239312558478875 0.239832178751897 -0.107222003152795 0.881804569490569 -0.45926465429604 0 0 0 0 0 0
13.075496742 6.45113896894 10.5196156851 0.0 0.0 1.0 0.0 0.1 0.0 0.0 0.0 0.0 0.0 0.0 0.0
12.8840189005 6.69887217955 16.4839767986 0.0 0.0 1.0 0.0 0.1 0.0 0.0 0.0 0.0 0.0 0.0 0.0
18.31852194 3.96352631059 12.6402771391 0.0 0.0 1.0 0.0 0.1 0.0 0.0 0.0 0.0 0.0 0.0 0.0
4.76925166425 1.52759503697 5.34806953494 0.0 0.0 1.0 0.0 0.1 0.0 0.0 0.0 0.0 0.0 0.0 0.0
2.2248846534 15.5865566591 8.45299346606 0.0 0.0 1.0 0.0 0.1 0.0 0.0 0.0 0.0 0.0 0.0 0.0
18.8428439724 18.2746926115 4.25868478073 0.0 0.0 1.0 0.0 0.1 0.0 0.0 0.0 0.0 0.0 0.0 0.0
16.1027523717 13.4221268326 11.649228856 0.0 0.0 1.0 0.0 0.1 0.0 0.0 0.0 0.0 0.0 0.0 0.0
19.4790360222 3.89638318754 6.76273534611 0.0 0.0 1.0 0.0 0.1 0.0 0.0 0.0 0.0 0.0 0.0 0.0
2.24169583407 15.1803993427 12.956359702 0.0 0.0 1.0 0.0 0.1 0.0 0.0 0.0 0.0 0.0 0.0 0.0
6.25656560082 2.14095465724 19.8309842333 0.0 0.0 1.0 0.0 0.1 0.0 0.0 0.0 0.0 0.0 0.0 0.0
1.60592384788 1.59261430516 3.31956625198 0.0 0.0 1.0 0.0 0.1 0.0 0.0 0.0 0.0 0.0 0.0 0.0
8.80097623158 2.34372679619 14.4476200219 0.0 0.0 1.0 0.0 0.1 0.0 0.0 0.0 0.0 0.0 0.0 0.0
8.25865720321 0.78632693603 11.0542637579 0.0 0.0 1.0 0.0 0.1 0.0 0.0 0.0 0.0 0.0 0.0 0.0
15.1000200486 10.9954559679 14.7735840063 0.0 0.0 1.0 0.0 0.1 0.0 0.0 0.0 0.0 0.0 0.0 0.0
2.32861688596 18.1606520385 11.9955088383 0.0 0.0 1.0 0.0 0.1 0.0 0.0 0.0 0.0 0.0 0.0 0.0
8.24872204638 8.92689122971 19.5833594111 0.0 0.0 1.0 0.0 0.1 0.0 0.0 0.0 0.0 0.0 0.0 0.0
0.404237967632 1.00809333659 13.2105688451 0.0 0.0 1.0 0.0 0.1 0.0 0.0 0.0 0.0 0.0 0.0 0.0
1.40806563307 14.1701926595 7.38091305029 0.0 0.0 1.0 0.0 0.1 0.0 0.0 0.0 0.0 0.0 0.0 0.0
15.3488307191 2.59769350053 10.5986102402 0.0 0.0 1.0 0.0 0.1 0.0 0.0 0.0 0.0 0.0 0.0 0.0
14.7777606617 10.7368996547 8.82955569312 0.0 0.0 1.0 0.0 0.1 0.0 0.0 0.0 0.0 0.0 0.0 0.0
0.656327783329 7.66194508107 17.5665554691 0.0 0.0 1.0 0.0 0.1 0.0 0.0 0.0 0.0 0.0 0.0 0.0
9.50513701585 9.58897046587 10.8119771009 0.0 0.0 1.0 0.0 0.1 0.0 0.0 0.0 0.0 0.0 0.0 0.0
4.83731102664 16.4120373293 15.1865263201 0.0 0.0 1.0 0.0 0.1 0.0 0.0 0.0 0.0 0.0 0.0 0.0
2.66396029879 3.70350640683 1.2449241502 0.0 0.0 1.0 0.0 0.1 0.0 0.0 0.0 0.0 0.0 0.0 0.0
12.8099763638 11.6764023743 10.48849767 0.0 0.0 1.0 0.0 0.1 0.0 0.0 0.0 0.0 0.0 0.0 0.0
16.4176324938 4.56725099204 17.3811542056 0.0 0.0 1.0 0.0 0.1 0.0 0.0 0.0 0.0 0.0 0.0 0.0
7.23290430426 17.1358036735 7.81904974703 0.0 0.0 1.0 0.0 0.1 0.0 0.0 0.0 0.0 0.0 0.0 0.0
5.93254072184 12.1540820559 19.3490114364 0.0 0.0 1.0 0.0 0.1 0.0 0.0 0.0 0.0 0.0 0.0 0.0
9.6462569574 1.14923745187 8.98817001327 0.0 0.0 1.0 0.0 0.1 0.0 0.0 0.0 0.0 0.0 0.0 0.0
18.8980662559 2.94234675418 18.6877119627 0.0 0.0 1.0 0.0 0.1 0.0 0.0 0.0 0.0 0.0 0.0 0.0
6.75893460077 12.0281216008 0.260926952583 0.0 0.0 1.0 0.0 0.1 0.0 0.0 0.0 0.0 0.0 0.0 0.0
19.3379904509 1.12609512139 5.84794338368 0.0 0.0 1.0 0.0 0.1 0.0 0.0 0.0 0.0 0.0 0.0 0.0
12.5408427935 14.7115139224 10.1476073334 0.0 0.0 1.0 0.0 0.1 0.0 0.0 0.0 0.0 0.0 0.0 0.0
7.8015012568 11.4031771753 13.8833658324 0.0 0.0 1.0 0.0 0.1 0.0 0.0 0.0 0.0 0.0 0.0 0.0
6.64506691598 1.95063377157 14.0027289601 0.0 0.0 1.0 0.0 0.1 0.0 0.0 0.0 0.0 0.0 0.0 0.0
2.98737103594 2.7786230194 19.5540610279 0.0 0.0 1.0 0.0 0.1 0.0 0.0 0.0 0.0 0.0 0.0 0.0
6.22471500777 2.39365004258 9.61414930378 0.0 0.0 1.0 0.0 0.1 0.0 0.0 0.0 0.0 0.0 0.0 0.0
1.90714957249 14.7402698566 14.5225943765 0.0 0.0 1.0 0.0 0.1 0.0 0.0 0.0 0.0 0.0 0.0 0.0
2.77820603536 15.7344960466 4.88181409015 0.0 0.0 1.0 0.0 0.1 0.0 0.0 0.0 0.0 0.0 0.0 0.0
7.83817554588 17.7638231439 11.6830452639 0.0 0.0 1.0 0.0 0.1 0.0 0.0 0.0 0.0 0.0 0.0 0.0
8.67933142699 19.0947489992 9.96639517367 0.0 0.0 1.0 0.0 0.1 0.0 0.0 0.0 0.0 0.0 0.0 0.0
4.64890022903 14.4084553743 15.3595784923 0.0 0.0 1.0 0.0 0.1 0.0 0.0 0.0 0.0 0.0 0.0 0.0
10.2191100712 11.730271609 13.1966447095 0.0 0.0 1.0 0.0 0.1 0.0 0.0 0.0 0.0 0.0 0.0 0.0
17.8102732331 19.5084696662 6.2116406119 0.0 0.0 1.0 0.0 0.1 0.0 0.0 0.0 0.0 0.0 0.0 0.0
13.7970301133 10.0745840409 4.30603832949 0.0 0.0 1.0 0.0 0.1 0.0 0.0 0.0 0.0 0.0 0.0 0.0
15.5673522798 16.2552791396 15.2184142705 0.0 0.0 1.0 0.0 0.1 0.0 0.0 0.0 0.0 0.0 0.0 0.0
16.0282451464 11.8762376093 7.76345056129 0.0 0.0 1.0 0.0 0.1 0.0 0.0 0.0 0.0 0.0 0.0 0.0
19.9883734542 13.8193923991 15.9030137957 0.0 0.0 1.0 0.0 0.1 0.0 0.0 0.0 0.0 0.0 0.0 0.0
11.0525569535 9.61012282037 18.6984557698 0.0 0.0 1.0 0.0 0.1 0.0 0.0 0.0 0.0 0.0 0.0 0.0
6.28085510856 15.4128290937 13.1867246943 0.0 0.0 1.0 0.0 0.1 0.0 0.0 0.0 0.0 0.0 0.0 0.0
9.93301038174 15.3129107915 14.7537076972 0.0 0.0 1.0 0.0 0.1 0.0 0.0 0.0 0.0 0.0 0.0 0.0
17.6513776599 5.63712474097 9.52624690943 0.0 0.0 1.0 0.0 0.1 0.0 0.0 0.0 0.0 0.0 0.0 0.0
19.8068032963 12.1587615267 19.783108364 0.0 0.0 1.0 0.0 0.1 0.0 0.0 0.0 0.0 0.0 0.0 0.0
5.09921393316 17.2668778678 7.29454315067 0.0 0.0 1.0 0.0 0.1 0.0 0.0 0.0 0.0 0.0 0.0 0.0
2.04325592691 15.8706137729 17.6497300295 0.0 0.0 1.0 0.0 0.1 0.0 0.0 0.0 0.0 0.0 0.0 0.0
10.5601074577 0.373103881715 19.050086013 0.0 0.0 1.0 0.0 0.1 0.0 0.0 0.0 0.0 0.0 0.0 0.0
1.76466369835 11.1347331788 15.7521834082 0.0 0.0 1.0 0.0 0.1 0.0 0.0 0.0 0.0 0.0 0.0 0.0
11.519833931 18.0445545225 3.0877033317 0.0 0.0 1.0 0.0 0.1 0.0 0.0 0.0 0.0 0.0 0.0 0.0
7.20843119073 1.59068941971 0.544930407866 0.0 0.0 1.0 0.0 0.1 0.0 0.0 0.0 0.0 0.0 0.0 0.0
0.695609144485 18.276460387 12.4693235244 0.0 0.0 1.0 0.0 0.1 0.0 0.0 0.0 0.0 0.0 0.0 0.0
1.10322837198 0.0958352518897 18.0631492734 0.0 0.0 1.0 0.0 0.1 0.0 0.0 0.0 0.0 0.0 0.0 0.0
9.4042355158 8.48430086962 14.0557638728 0.0 0.0 1.0 0.0 0.1 0.0 0.0 0.0 0.0 0.0 0.0 0.0
7.64342864067 17.474084579 4.19963897787 0.0 0.0 1.0 0.0 0.1 0.0 0.0 0.0 0.0 0.0 0.0 0.0
5.55533919666 2.44568055055 18.3593212619 0.0 0.0 1.0 0.0 0.1 0.0 0.0 0.0 0.0 0.0 0.0 0.0
19.9570347465 17.2341145099 0.915830240653 0.0 0.0 1.0 0.0 0.1 0.0 0.0 0.0 0.0 0.0 0.0 0.0
12.7575660138 4.13638721872 6.5789665258 0.0 0.0 1.0 0.0 0.1 0.0 0.0 0.0 0.0 0.0 0.0 0.0
4.0022043939 19.3094818641 10.6903245272 0.0 0.0 1.0 0.0 0.1 0.0 0.0 0.0 0.0 0.0 0.0 0.0
5.83988949964 4.86564770275 6.46110613224 0.0 0.0 1.0 0.0 0.1 0.0 0.0 0.0 0.0 0.0 0.0 0.0
6.90972091004 19.6421238376 2.32566194164 0.0 0.0 1.0 0.0 0.1 0.0 0.0 0.0 0.0 0.0 0.0 0.0
3.39616722074 10.4775400331 1.20800240656 0.0 0.0 1.0 0.0 0.1 0.0 0.0 0.0 0.0 0.0 0.0 0.0
8.68371671676 4.47460629009 19.1283527081 0.0 0.0 1.0 0.0 0.1 0.0 0.0 0.0 0.0 0.0 0.0 0.0
12.0682062569 7.05485146427 4.97021516397 0.0 0.0 1.0 0.0 0.1 0.0 0.0 0.0 0.0 0.0 0.0 0.0
11.6142604653 13.6938497076 16.0882823526 0.0 0.0 1.0 0.0 0.1 0.0 0.0 0.0 0.0 0.0 0.0 0.0
1.28346732791 2.47250532219 13.5334633209 0.0 0.0 1.0 0.0 0.1 0.0 0.0 0.0 0.0 0.0 0.0 0.0
4.04555434452 14.7930807234 12.3545364635 0.0 0.0 1.0 0.0 0.1 0.0 0.0 0.0 0.0 0.0 0.0 0.0
5.54472731187 2.21105727268 15.6825644676 0.0 0.0 1.0 0.0 0.1 0.0 0.0 0.0 0.0 0.0 0.0 0.0
10.1219989413 15.705517338 7.90988212185 0.0 0.0 1.0 0.0 0.1 0.0 0.0 0.0 0.0 0.0 0.0 0.0
16.3453039004 18.4915200193 16.859999124 0.0 0.0 1.0 0.0 0.1 0.0 0.0 0.0 0.0 0.0 0.0 0.0
7.07276500078 17.9466573991 14.3036073127 0.0 0.0 1.0 0.0 0.1 0.0 0.0 0.0 0.0 0.0 0.0 0.0
4.82425375953 4.19039528604 14.7247357273 0.0 0.0 1.0 0.0 0.1 0.0 0.0 0.0 0.0 0.0 0.0 0.0
6.29946416246 4.25718709937 7.99978986978 0.0 0.0 1.0 0.0 0.1 0.0 0.0 0.0 0.0 0.0 0.0 0.0
5.16327253165 7.30355116206 16.7775123931 0.0 0.0 1.0 0.0 0.1 0.0 0.0 0.0 0.0 0.0 0.0 0.0
3.72940395225 9.88479492173 9.9897694294 0.0 0.0 1.0 0.0 0.1 0.0 0.0 0.0 0.0 0.0 0.0 0.0
16.9430063562 16.8803831256 3.89690464708 0.0 0.0 1.0 0.0 0.1 0.0 0.0 0.0 0.0 0.0 0.0 0.0
6.47137550137 5.95526698448 14.4262510872 0.0 0.0 1.0 0.0 0.1 0.0 0.0 0.0 0.0 0.0 0.0 0.0
1.34681427043 10.2884506114 7.26252457047 0.0 0.0 1.0 0.0 0.1 0.0 0.0 0.0 0.0 0.0 0.0 0.0
18.7794584719 14.2660391142 7.92043578404 0.0 0.0 1.0 0.0 0.1 0.0 0.0 0.0 0.0 0.0 0.0 0.0
1.53604881089 3.56434129711 11.4008538186 0.0 0.0 1.0 0.0 0.1 0.0 0.0 0.0 0.0 0.0 0.0 0.0
7.75289875015 16.6508426102 18.2357506062 0.0 0.0 1.0 0.0 0.1 0.0 0.0 0.0 0.0 0.0 0.0 0.0
10.3395312692 9.8966960525 12.8171142817 0.0 0.0 1.0 0.0 0.1 0.0 0.0 0.0 0.0 0.0 0.0 0.0
7.22088273109 10.5957874731 3.20722816554 0.0 0.0 1.0 0.0 0.1 0.0 0.0 0.0 0.0 0.0 0.0 0.0
11.8566822789 9.0701825498 6.09668477768 0.0 0.0 1.0 0.0 0.1 0.0 0.0 0.0 0.0 0.0 0.0 0.0
8.47605949132 12.4047874169 19.6325095322 0.0 0.0 1.0 0.0 0.1 0.0 0.0 0.0 0.0 0.0 0.0 0.0
6.53795617802 9.54020484032 8.36224724718 0.0 0.0 1.0 0.0 0.1 0.0 0.0 0.0 0.0 0.0 0.0 0.0
8.46833008081 17.5099682553 19.2560306635 0.0 0.0 1.0 0.0 0.1 0.0 0.0 0.0 0.0 0.0 0.0 0.0
0.176189277836 1.90367293061 16.1754724378 0.0 0.0 1.0 0.0 0.1 0.0 0.0 0.0 0.0 0.0 0.0 0.0
11.9298537772 6.79510111082 19.3548094146 0.0 0.0 1.0 0.0 0.1 0.0 0.0 0.0 0.0 0.0 0.0 0.0
3.53701772224 4.15813408691 18.377201412 0.0 0.0 1.0 0.0 0.1 0.0 0.0 0.0 0.0 0.0 0.0 0.0
1.84151767117 18.7807382962 19.4658422624 0.0 0.0 1.0 0.0 0.1 0.0 0.0 0.0 0.0 0.0 0.0 0.0
2.37457816634 6.59577268834 5.07254377088 0.0 0.0 1.0 0.0 0.1 0.0 0.0 0.0 0.0 0.0 0.0 0.0
12.8669955904 1.160154212 13.8233739648 0.0 0.0 1.0 0.0 0.1 0.0 0.0 0.0 0.0 0.0 0.0 0.0
11.4881014783 12.9037693575 2.02911291711 0.0 0.0 1.0 0.0 0.1 0.0 0.0 0.0 0.0 0.0 0.0 0.0
7.66765824225 7.65024697412 2.82629465222 0.0 0.0 1.0 0.0 0.1 0.0 0.0 0.0 0.0 0.0 0.0 0.0
16.6708848243 15.5058900403 3.07008464818 0.0 0.0 1.0 0.0 0.1 0.0 0.0 0.0 0.0 0.0 0.0 0.0
16.4854008847 14.954756306 1.29863132774 0.0 0.0 1.0 0.0 0.1 0.0 0.0 0.0 0.0 0.0 0.0 0.0
9.61204377427 12.4639045575 15.5879385784 0.0 0.0 1.0 0.0 0.1 0.0 0.0 0.0 0.0 0.0 0.0 0.0
10.246408137 15.3442797293 3.49173159656 0.0 0.0 1.0 0.0 0.1 0.0 0.0 0.0 0.0 0.0 0.0 0.0
0.790431182043 4.47076537152 1.02766548317 0.0 0.0 1.0 0.0 0.1 0.0 0.0 0.0 0.0 0.0 0.0 0.0
16.8925588252 5.07961513965 2.05544746029 0.0 0.0 1.0 0.0 0.1 0.0 0.0 0.0 0.0 0.0 0.0 0.0
18.4592648839 2.27454375741 8.67943141655 0.0 0.0 1.0 0.0 0.1 0.0 0.0 0.0 0.0 0.0 0.0 0.0
8.22664289303 2.76507000022 10.7724582786 0.0 0.0 1.0 0.0 0.1 0.0 0.0 0.0 0.0 0.0 0.0 0.0
14.5811481084 3.46205399414 2.5885942656 0.0 0.0 1.0 0.0 0.1 0.0 0.0 0.0 0.0 0.0 0.0 0.0
4.78151311483 4.72140761535 0.727056825643 0.0 0.0 1.0 0.0 0.1 0.0 0.0 0.0 0.0 0.0 0.0 0.0
19.7490429587 1.29159608938 13.4690049445 0.0 0.0 1.0 0.0 0.1 0.0 0.0 0.0 0.0 0.0 0.0 0.0
16.6141632225 2.75440977518 2.98200476022 0.0 0.0 1.0 0.0 0.1 0.0 0.0 0.0 0.0 0.0 0.0 0.0
7.1533793026 17.65987994 1.82653774507 0.0 0.0 1.0 0.0 0.1 0.0 0.0 0.0 0.0 0.0 0.0 0.0
1.17366016949 15.0627932042 16.4468390245 0.0 0.0 1.0 0.0 0.1 0.0 0.0 0.0 0.0 0.0 0.0 0.0
11.3751071107 8.55329812689 1.00647197555 0.0 0.0 1.0 0.0 0.1 0.0 0.0 0.0 0.0 0.0 0.0 0.0
1.9094529436 14.4129996802 10.9602291292 0.0 0.0 1.0 0.0 0.1 0.0 0.0 0.0 0.0 0.0 0.0 0.0
9.55879652662 0.308691263679 4.72739457427 0.0 0.0 1.0 0.0 0.1 0.0 0.0 0.0 0.0 0.0 0.0 0.0
11.9474883443 3.21857547753 3.69959117203 0.0 0.0 1.0 0.0 0.1 0.0 0.0 0.0 0.0 0.0 0.0 0.0
9.23563368968 10.6518625085 17.7842797363 0.0 0.0 1.0 0.0 0.1 0.0 0.0 0.0 0.0 0.0 0.0 0.0
9.26483423026 8.16014921858 6.63239428051 0.0 0.0 1.0 0.0 0.1 0.0 0.0 0.0 0.0 0.0 0.0 0.0
16.9562178684 17.4608956132 18.7657184569 0.0 0.0 1.0 0.0 0.1 0.0 0.0 0.0 0.0 0.0 0.0 0.0
4.79880438733 11.3006872187 14.8459994799 0.0 0.0 1.0 0.0 0.1 0.0 0.0 0.0 0.0 0.0 0.0 0.0
6.92743654945 5.57792407034 0.978655283307 0.0 0.0 1.0 0.0 0.1 0.0 0.0 0.0 0.0 0.0 0.0 0.0
6.71671660591 8.09794232866 17.5014256148 0.0 0.0 1.0 0.0 0.1 0.0 0.0 0.0 0.0 0.0 0.0 0.0
19.7013668051 10.6229555519 9.72077437692 0.0 0.0 1.0 0.0 0.1 0.0 0.0 0.0 0.0 0.0 0.0 0.0
3.5434581284 12.5228032205 0.768441494706 0.0 0.0 1.0 0.0 0.1 0.0 0.0 0.0 0.0 0.0 0.0 0.0
18.0580840366 5.89313851249 0.933989272024 0.0 0.0 1.0 0.0 0.1 0.0 0.0 0.0 0.0 0.0 0.0 0.0
11.5134144191 18.6894314445 6.82997768717 0.0 0.0 1.0 0.0 0.1 0.0 0.0 0.0 0.0 0.0 0.0 0.0
16.5056950429 9.75434217024 9.67367707366 0.0 0.0 1.0 0.0 0.1 0.0 0.0 0.0 0.0 0.0 0.0 0.0
12.1533736635 19.6189475483 0.0218610941832 0.0 0.0 1.0 0.0 0.1 0.0 0.0 0.0 0.0 0.0 0.0 0.0
6.36750229716 11.9679865514 9.76331456938 0.0 0.0 1.0 0.0 0.1 0.0 0.0 0.0 0.0 0.0 0.0 0.0
13.5890157461 2.84014549288 6.4986962015 0.0 0.0 1.0 0.0 0.1 0.0 0.0 0.0 0.0 0.0 0.0 0.0
0.400306765511 9.77240908235 14.924162638 0.0 0.0 1.0 0.0 0.1 0.0 0.0 0.0 0.0 0.0 0.0 0.0
7.59262471766 0.90174048617 6.29542470008 0.0 0.0 1.0 0.0 0.1 0.0 0.0 0.0 0.0 0.0 0.0 0.0
11.5673534818 19.4269005927 9.89026056499 0.0 0.0 1.0 0.0 0.1 0.0 0.0 0.0 0.0 0.0 0.0 0.0
1.97855112568 13.8089021764 3.50841236762 0.0 0.0 1.0 0.0 0.1 0.0 0.0 0.0 0.0 0.0 0.0 0.0
11.3648473173 14.856873498 14.8835390897 0.0 0.0 1.0 0.0 0.1 0.0 0.0 0.0 0.0 0.0 0.0 0.0
4.45399011897 17.4625141898 18.3242540184 0.0 0.0 1.0 0.0 0.1 0.0 0.0 0.0 0.0 0.0 0.0 0.0
7.40724038035 19.3808673302 11.231923183 0.0 0.0 1.0 0.0 0.1 0.0 0.0 0.0 0.0 0.0 0.0 0.0
6.73116805853 10.9297414515 6.01296498052 0.0 0.0 1.0 0.0 0.1 0.0 0.0 0.0 0.0 0.0 0.0 0.0
2.64333152554 18.2541831303 8.84332648629 0.0 0.0 1.0 0.0 0.1 0.0 0.0 0.0 0.0 0.0 0.0 0.0
0.790417096458 5.04890620126 14.6410144693 0.0 0.0 1.0 0.0 0.1 0.0 0.0 0.0 0.0 0.0 0.0 0.0
3.1600395568 17.9933910594 6.50731723779 0.0 0.0 1.0 0.0 0.1 0.0 0.0 0.0 0.0 0.0 0.0 0.0
13.8738077951 12.5774009966 9.2079412489 0.0 0.0 1.0 0.0 0.1 0.0 0.0 0.0 0.0 0.0 0.0 0.0
19.7597067862 8.25787520629 6.34053215409 0.0 0.0 1.0 0.0 0.1 0.0 0.0 0.0 0.0 0.0 0.0 0.0
14.9299761464 18.4801239638 9.95581771736 0.0 0.0 1.0 0.0 0.1 0.0 0.0 0.0 0.0 0.0 0.0 0.0
9.65379600298 17.3503168619 3.99424670012 0.0 0.0 1.0 0.0 0.1 0.0 0.0 0.0 0.0 0.0 0.0 0.0
16.8596039914 15.8022948036 17.1757688434 0.0 0.0 1.0 0.0 0.1 0.0 0.0 0.0 0.0 0.0 0.0 0.0
7.0703884709 8.56683167666 15.2129305228 0.0 0.0 1.0 0.0 0.1 0.0 0.0 0.0 0.0 0.0 0.0 0.0
13.5704507379 17.8085340722 10.8681430821 0.0 0.0 1.0 0.0 0.1 0.0 0.0 0.0 0.0 0.0 0.0 0.0
3.05992637966 9.5231915051 8.28195834574 0.0 0.0 1.0 0.0 0.1 0.0 0.0 0.0 0.0 0.0 0.0 0.0
1.56002974863 5.27628287509 19.9766075277 0.0 0.0 1.0 0.0 0.1 0.0 0.0 0.0 0.0 0.0 0.0 0.0
3.08614281396 14.2213249409 8.60094975458 0.0 0.0 1.0 0.0 0.1 0.0 0.0 0.0 0.0 0.0 0.0 0.0
3.14521800336 17.1509477934 3.74128064461 0.0 0.0 1.0 0.0 0.1 0.0 0.0 0.0 0.0 0.0 0.0 0.0
4.95815680026 9.93959586611 8.54826001637 0.0 0.0 1.0 0.0 0.1 0.0 0.0 0.0 0.0 0.0 0.0 0.0
2.03723752366 8.14580759519 7.6065690469 0.0 0.0 1.0 0.0 0.1 0.0 0.0 0.0 0.0 0.0 0.0 0.0
16.2768632279 10.2138950274 3.77898529166 0.0 0.0 1.0 0.0 0.1 0.0 0.0 0.0 0.0 0.0 0.0 0.0
8.46359792685 9.59042445435 8.44234473698 0.0 0.0 1.0 0.0 0.1 0.0 0.0 0.0 0.0 0.0 0.0 0.0
19.9629567043 16.5497480704 17.1168716811 0.0 0.0 1.0 0.0 0.1 0.0 0.0 0.0 0.0 0.0 0.0 0.0
13.6270015898 17.4138193198 15.8003781555 0.0 0.0 1.0 0.0 0.1 0.0 0.0 0.0 0.0 0.0 0.0 0.0
9.18351939382 0.834508488429 6.50107816476 0.0 0.0 1.0 0.0 0.1 0.0 0.0 0.0 0.0 0.0 0.0 0.0
7.96337434381 2.78609369495 5.09402929547 0.0 0.0 1.0 0.0 0.1 0.0 0.0 0.0 0.0 0.0 0.0 0.0
6.91354360072 7.11059616834 4.10681965888 0.0 0.0 1.0 0.0 0.1 0.0 0.0 0.0 0.0 0.0 0.0 0.0
18.5960796158 0.197375727883 3.23212538727 0.0 0.0 1.0 0.0 0.1 0.0 0.0 0.0 0.0 0.0 0.0 0.0
3.85679285206 19.4434048958 0.652674872591 0.0 0.0 1.0 0.0 0.1 0.0 0.0 0.0 0.0 0.0 0.0 0.0
7.46779066664 14.5384124721 8.08890244331 0.0 0.0 1.0 0.0 0.1 0.0 0.0 0.0 0.0 0.0 0.0 0.0
0.509967709525 1.72460349235 0.541039571503 0.0 0.0 1.0 0.0 0.1 0.0 0.0 0.0 0.0 0.0 0.0 0.0
13.3244951882 11.9931253362 18.6606834063 0.0 0.0 1.0 0.0 0.1 0.0 0.0 0.0 0.0 0.0 0.0 0.0
18.5641774596 14.6785196179 18.3537724725 0.0 0.0 1.0 0.0 0.1 0.0 0.0 0.0 0.0 0.0 0.0 0.0
16.7469929908 9.45320975393 18.1725449399 0.0 0.0 1.0 0.0 0.1 0.0 0.0 0.0 0.0 0.0 0.0 0.0
18.5039305753 13.9878430055 14.4362700209 0.0 0.0 1.0 0.0 0.1 0.0 0.0 0.0 0.0 0.0 0.0 0.0
0.916317482279 17.2664571568 7.83562119586 0.0 0.0 1.0 0.0 0.1 0.0 0.0 0.0 0.0 0.0 0.0 0.0
6.00632639606 8.98415506339 18.8571223257 0.0 0.0 1.0 0.0 0.1 0.0 0.0 0.0 0.0 0.0 0.0 0.0
3.58310002495 7.49948224769 9.52557655316 0.0 0.0 1.0 0.0 0.1 0.0 0.0 0.0 0.0 0.0 0.0 0.0
17.9722712359 8.12788373451 8.81580494204 0.0 0.0 1.0 0.0 0.1 0.0 0.0 0.0 0.0 0.0 0.0 0.0
16.3000085731 5.20541360946 4.43998996987 0.0 0.0 1.0 0.0 0.1 0.0 0.0 0.0 0.0 0.0 0.0 0.0
14.2719632473 12.1477339192 3.43309232681 0.0 0.0 1.0 0.0 0.1 0.0 0.0 0.0 0.0 0.0 0.0 0.0
14.6828267837 17.3281410666 5.24013807547 0.0 0.0 1.0 0.0 0.1 0.0 0.0 0.0 0.0 0.0 0.0 0.0
13.5659787891 17.6279009201 2.83509275789 0.0 0.0 1.0 0.0 0.1 0.0 0.0 0.0 0.0 0.0 0.0 0.0
6.84043269839 0.191532905846 7.50005165502 0.0 0.0 1.0 0.0 0.1 0.0 0.0 0.0 0.0 0.0 0.0 0.0
1.09422205847 5.75853742658 8.51370679086 0.0 0.0 1.0 0.0 0.1 0.0 0.0 0.0 0.0 0.0 0.0 0.0
1.37528919938 11.8955311239 8.10161297369 0.0 0.0 1.0 0.0 0.1 0.0 0.0 0.0 0.0 0.0 0.0 0.0
9.81707275554 2.39225500817 6.11174960714 0.0 0.0 1.0 0.0 0.1 0.0 0.0 0.0 0.0 0.0 0.0 0.0
5.37639001389 4.33741017401 19.6701050377 0.0 0.0 1.0 0.0 0.1 0.0 0.0 0.0 0.0 0.0 0.0 0.0
13.4926820359 1.41706592818 4.5135695943 0.0 0.0 1.0 0.0 0.1 0.0 0.0 0.0 0.0 0.0 0.0 0.0
7.3700656285 9.91978765456 10.861961121 0.0 0.0 1.0 0.0 0.1 0.0 0.0 0.0 0.0 0.0 0.0 0.0
16.7539817469 8.00336630753 1.518340498 0.0 0.0 1.0 0.0 0.1 0.0 0.0 0.0 0.0 0.0 0.0 0.0
15.5387171887 3.40135396339 15.1970642241 0.0 0.0 1.0 0.0 0.1 0.0 0.0 0.0 0.0 0.0 0.0 0.0
17.4471254946 11.0700889542 10.3051590112 0.0 0.0 1.0 0.0 0.1 0.0 0.0 0.0 0.0 0.0 0.0 0.0
14.1841005587 16.4513583194 13.1334825303 0.0 0.0 1.0 0.0 0.1 0.0 0.0 0.0 0.0 0.0 0.0 0.0
18.8330760677 5.22866385969 17.0965255953 0.0 0.0 1.0 0.0 0.1 0.0 0.0 0.0 0.0 0.0 0.0 0.0
1.80568749571 8.18287947908 19.6029686703 0.0 0.0 1.0 0.0 0.1 0.0 0.0 0.0 0.0 0.0 0.0 0.0
19.8435558656 4.21770894353 18.3391188891 0.0 0.0 1.0 0.0 0.1 0.0 0.0 0.0 0.0 0.0 0.0 0.0
19.4051384239 5.07395966136 0.382502711753 0.0 0.0 1.0 0.0 0.1 0.0 0.0 0.0 0.0 0.0 0.0 0.0
8.17558724733 17.8198086364 9.21100245827 0.0 0.0 1.0 0.0 0.1 0.0 0.0 0.0 0.0 0.0 0.0 0.0
19.7354632799 6.2287778213 19.3900341963 0.0 0.0 1.0 0.0 0.1 0.0 0.0 0.0 0.0 0.0 0.0 0.0
9.48419006701 4.6932824904 12.7358155771 0.0 0.0 1.0 0.0 0.1 0.0 0.0 0.0 0.0 0.0 0.0 0.0
3.75138556261 5.22191767277 10.6257759502 0.0 0.0 1.0 0.0 0.1 0.0 0.0 0.0 0.0 0.0 0.0 0.0
6.11620525546 8.69251650503 2.57393642178 0.0 0.0 1.0 0.0 0.1 0.0 0.0 0.0 0.0 0.0 0.0 0.0
8.60456475277 19.8918179509 15.3086869965 0.0 0.0 1.0 0.0 0.1 0.0 0.0 0.0 0.0 0.0 0.0 0.0
12.596344843 19.8370779445 11.3699641729 0.0 0.0 1.0 0.0 0.1 0.0 0.0 0.0 0.0 0.0 0.0 0.0
6.06398916332 12.0342044665 17.6820751335 0.0 0.0 1.0 0.0 0.1 0.0 0.0 0.0 0.0 0.0 0.0 0.0
5.5790320321 5.93869320209 19.3703297025 0.0 0.0 1.0 0.0 0.1 0.0 0.0 0.0 0.0 0.0 0.0 0.0
8.74094545246 0.765380187672 15.7814019481 0.0 0.0 1.0 0.0 0.1 0.0 0.0 0.0 0.0 0.0 0.0 0.0
15.8427606459 7.31101663964 3.17746633015 0.0 0.0 1.0 0.0 0.1 0.0 0.0 0.0 0.0 0.0 0.0 0.0
1.14879772652 10.6521470741 19.6513201763 0.0 0.0 1.0 0.0 0.1 0.0 0.0 0.0 0.0 0.0 0.0 0.0
13.6028206789 7.36062483371 19.285652023 0.0 0.0 1.0 0.0 0.1 0.0 0.0 0.0 0.0 0.0 0.0 0.0
18.1412499822 1.99753438707 2.30487160021 0.0 0.0 1.0 0.0 0.1 0.0 0.0 0.0 0.0 0.0 0.0 0.0
2.78390165369 12.0761219581 10.9855685716 0.0 0.0 1.0 0.0 0.1 0.0 0.0 0.0 0.0 0.0 0.0 0.0
15.5193651672 2.95362149548 19.3351577547 0.0 0.0 1.0 0.0 0.1 0.0 0.0 0.0 0.0 0.0 0.0 0.0
14.6312192091 4.63702511526 18.9839068677 0.0 0.0 1.0 0.0 0.1 0.0 0.0 0.0 0.0 0.0 0.0 0.0
5.49738965012 18.9340747644 8.19222893892 0.0 0.0 1.0 0.0 0.1 0.0 0.0 0.0 0.0 0.0 0.0 0.0
11.7631735077 9.44014423934 4.38470220303 0.0 0.0 1.0 0.0 0.1 0.0 0.0 0.0 0.0 0.0 0.0 0.0
14.7206817223 4.57280435864 9.81717666887 0.0 0.0 1.0 0.0 0.1 0.0 0.0 0.0 0.0 0.0 0.0 0.0
13.6169594113 18.3011057736 8.63397419498 0.0 0.0 1.0 0.0 0.1 0.0 0.0 0.0 0.0 0.0 0.0 0.0
15.3207456185 16.0112972849 7.28197749207 0.0 0.0 1.0 0.0 0.1 0.0 0.0 0.0 0.0 0.0 0.0 0.0
7.17668828142 13.5892133276 2.08855265276 0.0 0.0 1.0 0.0 0.1 0.0 0.0 0.0 0.0 0.0 0.0 0.0
11.3981929634 14.5813205357 18.4588263212 0.0 0.0 1.0 0.0 0.1 0.0 0.0 0.0 0.0 0.0 0.0 0.0
19.8124361572 2.87641093856 3.62106956033 0.0 0.0 1.0 0.0 0.1 0.0 0.0 0.0 0.0 0.0 0.0 0.0
17.3159732781 8.83885086595 5.97710499419 0.0 0.0 1.0 0.0 0.1 0.0 0.0 0.0 0.0 0.0 0.0 0.0
14.258820562 19.8480784752 11.7131414166 0.0 0.0 1.0 0.0 0.1 0.0 0.0 0.0 0.0 0.0 0.0 0.0
16.6707610237 14.9832810464 13.3128036915 0.0 0.0 1.0 0.0 0.1 0.0 0.0 0.0 0.0 0.0 0.0 0.0
3.20361906476 13.0753824155 6.47318403246 0.0 0.0 1.0 0.0 0.1 0.0 0.0 0.0 0.0 0.0 0.0 0.0
3.59579489805 13.0957203079 4.92469962782 0.0 0.0 1.0 0.0 0.1 0.0 0.0 0.0 0.0 0.0 0.0 0.0
2.25186705642 19.3394889499 2.45162740947 0.0 0.0 1.0 0.0 0.1 0.0 0.0 0.0 0.0 0.0 0.0 0.0
10.0138258484 12.0375544686 6.08362959435 0.0 0.0 1.0 0.0 0.1 0.0 0.0 0.0 0.0 0.0 0.0 0.0
11.5142378314 6.4792535125 9.09458852106 0.0 0.0 1.0 0.0 0.1 0.0 0.0 0.0 0.0 0.0 0.0 0.0
17.8242290994 7.67262363697 12.4157488218 0.0 0.0 1.0 0.0 0.1 0.0 0.0 0.0 0.0 0.0 0.0 0.0
6.49615542018 5.29696243559 10.7978450871 0.0 0.0 1.0 0.0 0.1 0.0 0.0 0.0 0.0 0.0 0.0 0.0
7.38722720798 4.5277236165 15.3836875793 0.0 0.0 1.0 0.0 0.1 0.0 0.0 0.0 0.0 0.0 0.0 0.0
10.0057511177 19.57326645 0.842566248806 0.0 0.0 1.0 0.0 0.1 0.0 0.0 0.0 0.0 0.0 0.0 0.0
19.7459233115 14.8473153269 10.5954112691 0.0 0.0 1.0 0.0 0.1 0.0 0.0 0.0 0.0 0.0 0.0 0.0
17.5104861191 0.0596556571602 9.27715738484 0.0 0.0 1.0 0.0 0.1 0.0 0.0 0.0 0.0 0.0 0.0 0.0
2.79488383041 6.69948360709 16.1037592023 0.0 0.0 1.0 0.0 0.1 0.0 0.0 0.0 0.0 0.0 0.0 0.0
11.8411718604 3.94038845531 9.72110399853 0.0 0.0 1.0 0.0 0.1 0.0 0.0 0.0 0.0 0.0 0.0 0.0
13.1772193594 15.7877298658 6.06319936457 0.0 0.0 1.0 0.0 0.1 0.0 0.0 0.0 0.0 0.0 0.0 0.0
19.246970882 8.40109196969 3.99465566915 0.0 0.0 1.0 0.0 0.1 0.0 0.0 0.0 0.0 0.0 0.0 0.0
0.636249829943 10.342858943 10.6460020801 0.0 0.0 1.0 0.0 0.1 0.0 0.0 0.0 0.0 0.0 0.0 0.0
4.01054099079 0.273460494846 1.62202825617 0.0 0.0 1.0 0.0 0.1 0.0 0.0 0.0 0.0 0.0 0.0 0.0
14.718943606 10.7571319828 11.7106107295 0.0 0.0 1.0 0.0 0.1 0.0 0.0 0.0 0.0 0.0 0.0 0.0
2.79378287099 6.02960225089 19.4596835693 0.0 0.0 1.0 0.0 0.1 0.0 0.0 0.0 0.0 0.0 0.0 0.0
2.57625418494 17.368610673 13.6133991552 0.0 0.0 1.0 0.0 0.1 0.0 0.0 0.0 0.0 0.0 0.0 0.0
15.0784868045 19.7619856433 18.7607970162 0.0 0.0 1.0 0.0 0.1 0.0 0.0 0.0 0.0 0.0 0.0 0.0
17.4414483252 12.1724778905 1.89428601762 0.0 0.0 1.0 0.0 0.1 0.0 0.0 0.0 0.0 0.0 0.0 0.0
0.0860837455264 15.4942871549 19.6754601014 0.0 0.0 1.0 0.0 0.1 0.0 0.0 0.0 0.0 0.0 0.0 0.0
16.3170308496 1.20571367299 18.2991496714 0.0 0.0 1.0 0.0 0.1 0.0 0.0 0.0 0.0 0.0 0.0 0.0
3.73738629169 1.24199423553 6.99274575114 0.0 0.0 1.0 0.0 0.1 0.0 0.0 0.0 0.0 0.0 0.0 0.0
0.373126058546 6.76439376955 2.99712113389 0.0 0.0 1.0 0.0 0.1 0.0 0.0 0.0 0.0 0.0 0.0 0.0
8.94159804478 6.55126130765 16.2525629476 0.0 0.0 1.0 0.0 0.1 0.0 0.0 0.0 0.0 0.0 0.0 0.0
9.78144760896 7.58118154373 3.036918554 0.0 0.0 1.0 0.0 0.1 0.0 0.0 0.0 0.0 0.0 0.0 0.0
2.82033443842 17.0793853796 1.56615108746 0.0 0.0 1.0 0.0 0.1 0.0 0.0 0.0 0.0 0.0 0.0 0.0
5.74762338923 15.2740880956 6.27549279617 0.0 0.0 1.0 0.0 0.1 0.0 0.0 0.0 0.0 0.0 0.0 0.0
3.73452351072 3.16956535809 10.0558412745 0.0 0.0 1.0 0.0 0.1 0.0 0.0 0.0 0.0 0.0 0.0 0.0
15.3857100976 10.6935474388 17.6732913277 0.0 0.0 1.0 0.0 0.1 0.0 0.0 0.0 0.0 0.0 0.0 0.0
12.3322516129 17.2608599206 7.12682017284 0.0 0.0 1.0 0.0 0.1 0.0 0.0 0.0 0.0 0.0 0.0 0.0
16.8639432771 16.0453707009 5.43681467973 0.0 0.0 1.0 0.0 0.1 0.0 0.0 0.0 0.0 0.0 0.0 0.0
10.0820851355 19.7136574342 6.96057202862 0.0 0.0 1.0 0.0 0.1 0.0 0.0 0.0 0.0 0.0 0.0 0.0
1.63190658579 7.13773466616 13.8557586873 0.0 0.0 1.0 0.0 0.1 0.0 0.0 0.0 0.0 0.0 0.0 0.0
13.4190327163 10.1264764674 12.4401521404 0.0 0.0 1.0 0.0 0.1 0.0 0.0 0.0 0.0 0.0 0.0 0.0
1.36822002528 8.76575071258 10.7388618856 0.0 0.0 1.0 0.0 0.1 0.0 0.0 0.0 0.0 0.0 0.0 0.0
16.4232188037 16.9908124584 14.1646440297 0.0 0.0 1.0 0.0 0.1 0.0 0.0 0.0 0.0 0.0 0.0 0.0
17.9297482378 16.8249286086 1.76746037736 0.0 0.0 1.0 0.0 0.1 0.0 0.0 0.0 0.0 0.0 0.0 0.0
19.7346411566 17.7260993103 13.9200717218 0.0 0.0 1.0 0.0 0.1 0.0 0.0 0.0 0.0 0.0 0.0 0.0
17.1796271798 3.47422019925 19.7134325578 0.0 0.0 1.0 0.0 0.1 0.0 0.0 0.0 0.0 0.0 0.0 0.0
9.69484443606 18.6000358904 19.5784705238 0.0 0.0 1.0 0.0 0.1 0.0 0.0 0.0 0.0 0.0 0.0 0.0
13.4207559536 13.6124647047 0.147025548044 0.0 0.0 1.0 0.0 0.1 0.0 0.0 0.0 0.0 0.0 0.0 0.0
2.27207054388 0.6954312285 19.3860937944 0.0 0.0 1.0 0.0 0.1 0.0 0.0 0.0 0.0 0.0 0.0 0.0
0.128211851031 19.5288089199 10.1373888325 0.0 0.0 1.0 0.0 0.1 0.0 0.0 0.0 0.0 0.0 0.0 0.0
15.5459165335 10.1141829087 1.1829450583 0.0 0.0 1.0 0.0 0.1 0.0 0.0 0.0 0.0 0.0 0.0 0.0
1.56018917147 11.2258827778 3.3224490992 0.0 0.0 1.0 0.0 0.1 0.0 0.0 0.0 0.0 0.0 0.0 0.0
17.750743403 6.04704523637 4.80220725837 0.0 0.0 1.0 0.0 0.1 0.0 0.0 0.0 0.0 0.0 0.0 0.0
18.5747090154 19.1720547379 0.806430344257 0.0 0.0 1.0 0.0 0.1 0.0 0.0 0.0 0.0 0.0 0.0 0.0
7.35129783651 4.00531150481 10.1462301715 0.0 0.0 1.0 0.0 0.1 0.0 0.0 0.0 0.0 0.0 0.0 0.0
11.6183777102 14.2771772353 6.27434575512 0.0 0.0 1.0 0.0 0.1 0.0 0.0 0.0 0.0 0.0 0.0 0.0
6.20375731941 11.9360084057 2.45264235497 0.0 0.0 1.0 0.0 0.1 0.0 0.0 0.0 0.0 0.0 0.0 0.0
18.0918922144 2.58546936009 16.282266637 0.0 0.0 1.0 0.0 0.1 0.0 0.0 0.0 0.0 0.0 0.0 0.0
13.3460662461 14.4868948971 13.0568680431 0.0 0.0 1.0 0.0 0.1 0.0 0.0 0.0 0.0 0.0 0.0 0.0
13.2251724285 3.49972276609 16.0453368089 0.0 0.0 1.0 0.0 0.1 0.0 0.0 0.0 0.0 0.0 0.0 0.0
19.2767690836 17.5198831954 19.1003924173 0.0 0.0 1.0 0.0 0.1 0.0 0.0 0.0 0.0 0.0 0.0 0.0
8.02230044197 3.27852970156 16.2132080374 0.0 0.0 1.0 0.0 0.1 0.0 0.0 0.0 0.0 0.0 0.0 0.0
3.95644425472 17.5601574779 11.4048559145 0.0 0.0 1.0 0.0 0.1 0.0 0.0 0.0 0.0 0.0 0.0 0.0
18.0017649813 3.70707855604 3.95910259286 0.0 0.0 1.0 0.0 0.1 0.0 0.0 0.0 0.0 0.0 0.0 0.0
7.52947793327 8.11111014534 10.703084767 0.0 0.0 1.0 0.0 0.1 0.0 0.0 0.0 0.0 0.0 0.0 0.0
8.79607922253 17.6378087024 6.42399119351 0.0 0.0 1.0 0.0 0.1 0.0 0.0 0.0 0.0 0.0 0.0 0.0
6.42293377954 4.32065294347 4.21924447578 0.0 0.0 1.0 0.0 0.1 0.0 0.0 0.0 0.0 0.0 0.0 0.0
17.552939864 16.3269699688 11.0008902203 0.0 0.0 1.0 0.0 0.1 0.0 0.0 0.0 0.0 0.0 0.0 0.0
19.419953861 15.9614154651 7.65992336028 0.0 0.0 1.0 0.0 0.1 0.0 0.0 0.0 0.0 0.0 0.0 0.0
12.4727644792 15.5685626364 0.8328259814 0.0 0.0 1.0 0.0 0.1 0.0 0.0 0.0 0.0 0.0 0.0 0.0
7.13105795763 4.12600262181 2.12414053939 0.0 0.0 1.0 0.0 0.1 0.0 0.0 0.0 0.0 0.0 0.0 0.0
11.4666594982 8.7753951031 12.6155304294 0.0 0.0 1.0 0.0 0.1 0.0 0.0 0.0 0.0 0.0 0.0 0.0
9.4845196666 17.3345318411 2.35651317371 0.0 0.0 1.0 0.0 0.1 0.0 0.0 0.0 0.0 0.0 0.0 0.0
16.7971108767 0.670742757778 2.14891146042 0.0 0.0 1.0 0.0 0.1 0.0 0.0 0.0 0.0 0.0 0.0 0.0
14.5571878969 18.6592366596 1.03736587658 0.0 0.0 1.0 0.0 0.1 0.0 0.0 0.0 0.0 0.0 0.0 0.0
5.32690415104 17.7412639575 4.51327992026 0.0 0.0 1.0 0.0 0.1 0.0 0.0 0.0 0.0 0.0 0.0 0.0
2.58745778736 12.4958480505 2.58309315671 0.0 0.0 1.0 0.0 0.1 0.0 0.0 0.0 0.0 0.0 0.0 0.0
13.7574057314 16.3864312802 19.2921796526 0.0 0.0 1.0 0.0 0.1 0.0 0.0 0.0 0.0 0.0 0.0 0.0
2.13292632884 8.86229430754 2.99560092053 0.0 0.0 1.0 0.0 0.1 0.0 0.0 0.0 0.0 0.0 0.0 0.0
18.7188894593 2.43488954441 5.10042353724 0.0 0.0 1.0 0.0 0.1 0.0 0.0 0.0 0.0 0.0 0.0 0.0
6.26109235256 14.1628122713 11.5116271475 0.0 0.0 1.0 0.0 0.1 0.0 0.0 0.0 0.0 0.0 0.0 0.0
2.65530783763 0.787132194557 5.86507353935 0.0 0.0 1.0 0.0 0.1 0.0 0.0 0.0 0.0 0.0 0.0 0.0
12.6873021449 11.3830741909 14.5490930247 0.0 0.0 1.0 0.0 0.1 0.0 0.0 0.0 0.0 0.0 0.0 0.0
12.8433212625 18.8031484938 16.5452190465 0.0 0.0 1.0 0.0 0.1 0.0 0.0 0.0 0.0 0.0 0.0 0.0
12.5318215001 16.5656453513 3.21260877632 0.0 0.0 1.0 0.0 0.1 0.0 0.0 0.0 0.0 0.0 0.0 0.0
1.86658708552 1.11307856095 7.59391128535 0.0 0.0 1.0 0.0 0.1 0.0 0.0 0.0 0.0 0.0 0.0 0.0
0.871132465383 8.54284994055 1.38927452455 0.0 0.0 1.0 0.0 0.1 0.0 0.0 0.0 0.0 0.0 0.0 0.0
4.73144018604 10.9518293306 7.44432634803 0.0 0.0 1.0 0.0 0.1 0.0 0.0 0.0 0.0 0.0 0.0 0.0
16.7186437722 10.8888114241 14.2130850044 0.0 0.0 1.0 0.0 0.1 0.0 0.0 0.0 0.0 0.0 0.0 0.0
16.4929342086 11.911923953 18.6231257812 0.0 0.0 1.0 0.0 0.1 0.0 0.0 0.0 0.0 0.0 0.0 0.0
0.873394845035 6.19723932683 11.7021420615 0.0 0.0 1.0 0.0 0.1 0.0 0.0 0.0 0.0 0.0 0.0 0.0
15.2073106187 6.05153038698 18.9136610128 0.0 0.0 1.0 0.0 0.1 0.0 0.0 0.0 0.0 0.0 0.0 0.0
5.20921490182 15.2272574069 9.72515450235 0.0 0.0 1.0 0.0 0.1 0.0 0.0 0.0 0.0 0.0 0.0 0.0
14.0630002831 10.6656685177 1.82009179059 0.0 0.0 1.0 0.0 0.1 0.0 0.0 0.0 0.0 0.0 0.0 0.0
7.51772925481 15.9748468415 2.021169597 0.0 0.0 1.0 0.0 0.1 0.0 0.0 0.0 0.0 0.0 0.0 0.0
0.0333620312748 3.5839629919 13.8090274524 0.0 0.0 1.0 0.0 0.1 0.0 0.0 0.0 0.0 0.0 0.0 0.0
18.3833394471 9.8519907833 3.91945787046 0.0 0.0 1.0 0.0 0.1 0.0 0.0 0.0 0.0 0.0 0.0 0.0
18.4879484656 13.4086856542 19.7259458011 0.0 0.0 1.0 0.0 0.1 0.0 0.0 0.0 0.0 0.0 0.0 0.0
8.78670107534 5.53921714061 5.52711067866 0.0 0.0 1.0 0.0 0.1 0.0 0.0 0.0 0.0 0.0 0.0 0.0
15.2238472473 11.9110948419 5.16641929405 0.0 0.0 1.0 0.0 0.1 0.0 0.0 0.0 0.0 0.0 0.0 0.0
14.8818203462 17.4704191585 18.5428251474 0.0 0.0 1.0 0.0 0.1 0.0 0.0 0.0 0.0 0.0 0.0 0.0
8.33407631422 6.95538517131 12.2317621949 0.0 0.0 1.0 0.0 0.1 0.0 0.0 0.0 0.0 0.0 0.0 0.0
16.458470568 4.43753729159 11.0512827643 0.0 0.0 1.0 0.0 0.1 0.0 0.0 0.0 0.0 0.0 0.0 0.0
7.31105907329 13.7053506705 6.10027604129 0.0 0.0 1.0 0.0 0.1 0.0 0.0 0.0 0.0 0.0 0.0 0.0
9.75123498604 14.2617340912 7.63495679666 0.0 0.0 1.0 0.0 0.1 0.0 0.0 0.0 0.0 0.0 0.0 0.0
0.514254213871 0.87653090445 6.92206783652 0.0 0.0 1.0 0.0 0.1 0.0 0.0 0.0 0.0 0.0 0.0 0.0
0.510638274817 12.1444884105 2.17064164917 0.0 0.0 1.0 0.0 0.1 0.0 0.0 0.0 0.0 0.0 0.0 0.0
6.56805899311 17.9671183761 19.5534350173 0.0 0.0 1.0 0.0 0.1 0.0 0.0 0.0 0.0 0.0 0.0 0.0
12.5848103146 0.0824635259569 8.57672304577 0.0 0.0 1.0 0.0 0.1 0.0 0.0 0.0 0.0 0.0 0.0 0.0
2.30466624813 7.2927523085 3.18305540804 0.0 0.0 1.0 0.0 0.1 0.0 0.0 0.0 0.0 0.0 0.0 0.0
2.11350927851 11.2245070207 18.3951445121 0.0 0.0 1.0 0.0 0.1 0.0 0.0 0.0 0.0 0.0 0.0 0.0
8.78615937428 10.6799069735 6.80801263755 0.0 0.0 1.0 0.0 0.1 0.0 0.0 0.0 0.0 0.0 0.0 0.0
13.6981651841 7.76922096959 5.69175107807 0.0 0.0 1.0 0.0 0.1 0.0 0.0 0.0 0.0 0.0 0.0 0.0
9.87421026759 3.87988945789 5.31739744067 0.0 0.0 1.0 0.0 0.1 0.0 0.0 0.0 0.0 0.0 0.0 0.0
11.3072465308 2.28639487819 13.5580435419 0.0 0.0 1.0 0.0 0.1 0.0 0.0 0.0 0.0 0.0 0.0 0.0
7.63343948176 18.7600879135 16.022974573 0.0 0.0 1.0 0.0 0.1 0.0 0.0 0.0 0.0 0.0 0.0 0.0
17.7261898656 1.79569742857 14.081933386 0.0 0.0 1.0 0.0 0.1 0.0 0.0 0.0 0.0 0.0 0.0 0.0
13.8557446104 5.14471065496 4.92780767424 0.0 0.0 1.0 0.0 0.1 0.0 0.0 0.0 0.0 0.0 0.0 0.0
11.1958668448 5.00415129226 18.3528844414 0.0 0.0 1.0 0.0 0.1 0.0 0.0 0.0 0.0 0.0 0.0 0.0
2.48859636044 11.1872342794 13.8563260571 0.0 0.0 1.0 0.0 0.1 0.0 0.0 0.0 0.0 0.0 0.0 0.0
17.197651893 1.42596477579 12.4354317829 0.0 0.0 1.0 0.0 0.1 0.0 0.0 0.0 0.0 0.0 0.0 0.0
9.20807269851 3.09975017983 3.88051749075 0.0 0.0 1.0 0.0 0.1 0.0 0.0 0.0 0.0 0.0 0.0 0.0
3.41950036737 16.0863475526 13.4532620851 0.0 0.0 1.0 0.0 0.1 0.0 0.0 0.0 0.0 0.0 0.0 0.0
4.00530060952 19.4869597991 19.5227542038 0.0 0.0 1.0 0.0 0.1 0.0 0.0 0.0 0.0 0.0 0.0 0.0
9.52624274396 2.39482269859 12.3024461113 0.0 0.0 1.0 0.0 0.1 0.0 0.0 0.0 0.0 0.0 0.0 0.0
8.41642337596 15.2331910282 4.46423022561 0.0 0.0 1.0 0.0 0.1 0.0 0.0 0.0 0.0 0.0 0.0 0.0
8.61204495547 2.98306102356 18.8201293713 0.0 0.0 1.0 0.0 0.1 0.0 0.0 0.0 0.0 0.0 0.0 0.0
19.5879592441 9.68136477516 13.4635992431 0.0 0.0 1.0 0.0 0.1 0.0 0.0 0.0 0.0 0.0 0.0 0.0
15.5683721464 1.4339098776 7.02693926951 0.0 0.0 1.0 0.0 0.1 0.0 0.0 0.0 0.0 0.0 0.0 0.0
4.28990666618 1.24245101092 3.3693588418 0.0 0.0 1.0 0.0 0.1 0.0 0.0 0.0 0.0 0.0 0.0 0.0
12.2594054796 15.4069318993 12.4633883295 0.0 0.0 1.0 0.0 0.1 0.0 0.0 0.0 0.0 0.0 0.0 0.0
3.34246723554 3.77689501773 11.7316986593 0.0 0.0 1.0 0.0 0.1 0.0 0.0 0.0 0.0 0.0 0.0 0.0
5.0094458614 13.1279328815 16.1502000264 0.0 0.0 1.0 0.0 0.1 0.0 0.0 0.0 0.0 0.0 0.0 0.0
10.2490711573 4.00170842966 14.0994160754 0.0 0.0 1.0 0.0 0.1 0.0 0.0 0.0 0.0 0.0 0.0 0.0
0.762909792017 12.2441937152 17.3965234201 0.0 0.0 1.0 0.0 0.1 0.0 0.0 0.0 0.0 0.0 0.0 0.0
19.8948052717 18.6442033809 1.53213699259 0.0 0.0 1.0 0.0 0.1 0.0 0.0 0.0 0.0 0.0 0.0 0.0
1.8499060338 14.4813278927 4.84838103331 0.0 0.0 1.0 0.0 0.1 0.0 0.0 0.0 0.0 0.0 0.0 0.0
19.4119232906 11.3542183132 14.6566284708 0.0 0.0 1.0 0.0 0.1 0.0 0.0 0.0 0.0 0.0 0.0 0.0
14.6090326862 7.62656923036 2.30471772784 0.0 0.0 1.0 0.0 0.1 0.0 0.0 0.0 0.0 0.0 0.0 0.0
2.80576197013 3.24445490411 7.61824290353 0.0 0.0 1.0 0.0 0.1 0.0 0.0 0.0 0.0 0.0 0.0 0.0
13.876199144 15.4754605498 16.7464797183 0.0 0.0 1.0 0.0 0.1 0.0 0.0 0.0 0.0 0.0 0.0 0.0
8.35255645203 15.5475205085 10.1887676379 0.0 0.0 1.0 0.0 0.1 0.0 0.0 0.0 0.0 0.0 0.0 0.0
18.3866863281 11.1951005523 18.8921816876 0.0 0.0 1.0 0.0 0.1 0.0 0.0 0.0 0.0 0.0 0.0 0.0
4.54367772191 9.46854790649 19.0918078369 0.0 0.0 1.0 0.0 0.1 0.0 0.0 0.0 0.0 0.0 0.0 0.0
14.4045173983 2.55377823228 13.1075838349 0.0 0.0 1.0 0.0 0.1 0.0 0.0 0.0 0.0 0.0 0.0 0.0
1.29884639753 16.1171467843 11.7975094711 0.0 0.0 1.0 0.0 0.1 0.0 0.0 0.0 0.0 0.0 0.0 0.0
12.1465556455 4.55451980654 14.5260809983 0.0 0.0 1.0 0.0 0.1 0.0 0.0 0.0 0.0 0.0 0.0 0.0
19.6494223602 17.2415008897 6.26257066232 0.0 0.0 1.0 0.0 0.1 0.0 0.0 0.0 0.0 0.0 0.0 0.0
0.479319579205 7.3484456514 8.52878291887 0.0 0.0 1.0 0.0 0.1 0.0 0.0 0.0 0.0 0.0 0.0 0.0
8.83448538879 12.5328439642 1.97171818626 0.0 0.0 1.0 0.0 0.1 0.0 0.0 0.0 0.0 0.0 0.0 0.0
7.38757627518 8.58930081674 12.6001908646 0.0 0.0 1.0 0.0 0.1 0.0 0.0 0.0 0.0 0.0 0.0 0.0
19.7784320839 4.72939007071 10.0774589433 0.0 0.0 1.0 0.0 0.1 0.0 0.0 0.0 0.0 0.0 0.0 0.0
17.6911196559 5.71118950689 19.880117723 0.0 0.0 1.0 0.0 0.1 0.0 0.0 0.0 0.0 0.0 0.0 0.0
0.933638822508 9.35093286873 13.1030972632 0.0 0.0 1.0 0.0 0.1 0.0 0.0 0.0 0.0 0.0 0.0 0.0
11.7512857886 7.63266319881 17.8345188712 0.0 0.0 1.0 0.0 0.1 0.0 0.0 0.0 0.0 0.0 0.0 0.0
4.15636407247 15.7900830625 3.25384491156 0.0 0.0 1.0 0.0 0.1 0.0 0.0 0.0 0.0 0.0 0.0 0.0
11.795564366 0.693805002536 6.24952998139 0.0 0.0 1.0 0.0 0.1 0.0 0.0 0.0 0.0 0.0 0.0 0.0
4.25539677869 8.11443322649 3.99911724001 0.0 0.0 1.0 0.0 0.1 0.0 0.0 0.0 0.0 0.0 0.0 0.0
14.5675254907 0.39277380083 5.10757586005 0.0 0.0 1.0 0.0 0.1 0.0 0.0 0.0 0.0 0.0 0.0 0.0
16.2149113125 7.21867503749 6.62616996419 0.0 0.0 1.0 0.0 0.1 0.0 0.0 0.0 0.0 0.0 0.0 0.0
4.59963382466 3.35762015279 15.9772844663 0.0 0.0 1.0 0.0 0.1 0.0 0.0 0.0 0.0 0.0 0.0 0.0
7.64227896055 14.9421354416 15.7118100847 0.0 0.0 1.0 0.0 0.1 0.0 0.0 0.0 0.0 0.0 0.0 0.0
9.04067472329 11.5161275 4.89096999883 0.0 0.0 1.0 0.0 0.1 0.0 0.0 0.0 0.0 0.0 0.0 0.0
15.3387361158 8.19058062324 0.352386224457 0.0 0.0 1.0 0.0 0.1 0.0 0.0 0.0 0.0 0.0 0.0 0.0
14.5678023255 12.7023978542 18.1048872567 0.0 0.0 1.0 0.0 0.1 0.0 0.0 0.0 0.0 0.0 0.0 0.0
6.95712232019 13.8294395683 17.9620316518 0.0 0.0 1.0 0.0 0.1 0.0 0.0 0.0 0.0 0.0 0.0 0.0
3.03130904138 2.02774164177 17.6499571654 0.0 0.0 1.0 0.0 0.1 0.0 0.0 0.0 0.0 0.0 0.0 0.0
10.0671834432 13.2996559132 4.89350109656 0.0 0.0 1.0 0.0 0.1 0.0 0.0 0.0 0.0 0.0 0.0 0.0
14.5607592899 16.118152859 10.486403048 0.0 0.0 1.0 0.0 0.1 0.0 0.0 0.0 0.0 0.0 0.0 0.0
16.4827403271 13.8864817148 7.91407382715 0.0 0.0 1.0 0.0 0.1 0.0 0.0 0.0 0.0 0.0 0.0 0.0
6.53022049335 8.66387639533 6.74418939428 0.0 0.0 1.0 0.0 0.1 0.0 0.0 0.0 0.0 0.0 0.0 0.0
19.808899391 4.52722975913 13.3343126922 0.0 0.0 1.0 0.0 0.1 0.0 0.0 0.0 0.0 0.0 0.0 0.0
18.1488904919 13.517076351 5.31851620118 0.0 0.0 1.0 0.0 0.1 0.0 0.0 0.0 0.0 0.0 0.0 0.0
18.276531653 18.4467819329 14.0958035289 0.0 0.0 1.0 0.0 0.1 0.0 0.0 0.0 0.0 0.0 0.0 0.0
14.1939039627 7.14645626107 15.2997246661 0.0 0.0 1.0 0.0 0.1 0.0 0.0 0.0 0.0 0.0 0.0 0.0
3.10982170771 5.71726043066 2.62998558941 0.0 0.0 1.0 0.0 0.1 0.0 0.0 0.0 0.0 0.0 0.0 0.0
13.8995572525 2.27771440603 11.6462520458 0.0 0.0 1.0 0.0 0.1 0.0 0.0 0.0 0.0 0.0 0.0 0.0
17.4045852181 19.7095144646 14.7497917163 0.0 0.0 1.0 0.0 0.1 0.0 0.0 0.0 0.0 0.0 0.0 0.0
14.7632823664 4.14395442447 13.4801561356 0.0 0.0 1.0 0.0 0.1 0.0 0.0 0.0 0.0 0.0 0.0 0.0
16.104481935 13.1477936352 15.0193786777 0.0 0.0 1.0 0.0 0.1 0.0 0.0 0.0 0.0 0.0 0.0 0.0
10.2202325903 7.26359556233 8.53936543559 0.0 0.0 1.0 0.0 0.1 0.0 0.0 0.0 0.0 0.0 0.0 0.0
3.40679757871 16.3196901713 16.8461763841 0.0 0.0 1.0 0.0 0.1 0.0 0.0 0.0 0.0 0.0 0.0 0.0
1.40408678253 18.2784510445 5.89140548254 0.0 0.0 1.0 0.0 0.1 0.0 0.0 0.0 0.0 0.0 0.0 0.0
12.6295481616 10.9120778883 17.1296594453 0.0 0.0 1.0 0.0 0.1 0.0 0.0 0.0 0.0 0.0 0.0 0.0
19.0507416978 19.1423964719 2.83730759708 0.0 0.0 1.0 0.0 0.1 0.0 0.0 0.0 0.0 0.0 0.0 0.0
0.041902151858 16.0953914496 13.7155006859 0.0 0.0 1.0 0.0 0.1 0.0 0.0 0.0 0.0 0.0 0.0 0.0
0.437274643323 19.3461267717 19.2966282432 0.0 0.0 1.0 0.0 0.1 0.0 0.0 0.0 0.0 0.0 0.0 0.0
2.98849311253 9.64753594188 19.0253199977 0.0 0.0 1.0 0.0 0.1 0.0 0.0 0.0 0.0 0.0 0.0 0.0
9.31104191753 9.28317407146 0.398156595339 0.0 0.0 1.0 0.0 0.1 0.0 0.0 0.0 0.0 0.0 0.0 0.0
2.73064560512 14.7696414214 1.89749798664 0.0 0.0 1.0 0.0 0.1 0.0 0.0 0.0 0.0 0.0 0.0 0.0
3.68152961415 16.5948710363 6.10996344754 0.0 0.0 1.0 0.0 0.1 0.0 0.0 0.0 0.0 0.0 0.0 0.0
7.5575780745 0.210016852901 4.67687628296 0.0 0.0 1.0 0.0 0.1 0.0 0.0 0.0 0.0 0.0 0.0 0.0
17.3491706063 9.30734383257 0.966788023513 0.0 0.0 1.0 0.0 0.1 0.0 0.0 0.0 0.0 0.0 0.0 0.0
0.420921822937 17.6024323661 9.53611077616 0.0 0.0 1.0 0.0 0.1 0.0 0.0 0.0 0.0 0.0 0.0 0.0
10.1627524508 12.9408014053 10.2270818023 0.0 0.0 1.0 0.0 0.1 0.0 0.0 0.0 0.0 0.0 0.0 0.0
3.13689506861 3.45180077041 4.3847795406 0.0 0.0 1.0 0.0 0.1 0.0 0.0 0.0 0.0 0.0 0.0 0.0
14.6716907887 4.96233486282 11.2925156801 0.0 0.0 1.0 0.0 0.1 0.0 0.0 0.0 0.0 0.0 0.0 0.0
2.72460402152 12.9562759617 15.7606357191 0.0 0.0 1.0 0.0 0.1 0.0 0.0 0.0 0.0 0.0 0.0 0.0
18.7288050983 9.65949161576 8.34209509475 0.0 0.0 1.0 0.0 0.1 0.0 0.0 0.0 0.0 0.0 0.0 0.0
14.6350745324 1.7634354384 16.9788900136 0.0 0.0 1.0 0.0 0.1 0.0 0.0 0.0 0.0 0.0 0.0 0.0
10.8599523517 5.98842663119 13.3888623573 0.0 0.0 1.0 0.0 0.1 0.0 0.0 0.0 0.0 0.0 0.0 0.0
19.0644219632 19.5750444495 16.9803594869 0.0 0.0 1.0 0.0 0.1 0.0 0.0 0.0 0.0 0.0 0.0 0.0
16.1945555165 4.17442320708 5.68010657186 0.0 0.0 1.0 0.0 0.1 0.0 0.0 0.0 0.0 0.0 0.0 0.0
18.8946692591 7.36611555704 19.9960380352 0.0 0.0 1.0 0.0 0.1 0.0 0.0 0.0 0.0 0.0 0.0 0.0
10.6305806486 7.56921189433 15.307404318 0.0 0.0 1.0 0.0 0.1 0.0 0.0 0.0 0.0 0.0 0.0 0.0
11.5919920486 13.1252180623 0.0519249452083 0.0 0.0 1.0 0.0 0.1 0.0 0.0 0.0 0.0 0.0 0.0 0.0
9.36455791438 5.11150784132 8.67580657639 0.0 0.0 1.0 0.0 0.1 0.0 0.0 0.0 0.0 0.0 0.0 0.0
5.55320831439 13.3287794066 13.0627479948 0.0 0.0 1.0 0.0 0.1 0.0 0.0 0.0 0.0 0.0 0.0 0.0
13.6949796319 15.6113001972 7.83356680077 0.0 0.0 1.0 0.0 0.1 0.0 0.0 0.0 0.0 0.0 0.0 0.0
18.7522746046 3.85814523704 11.1339099188 0.0 0.0 1.0 0.0 0.1 0.0 0.0 0.0 0.0 0.0 0.0 0.0
7.49142165458 3.31785276112 7.25134675558 0.0 0.0 1.0 0.0 0.1 0.0 0.0 0.0 0.0 0.0 0.0 0.0
5.24919888256 16.3448815779 16.7607929372 0.0 0.0 1.0 0.0 0.1 0.0 0.0 0.0 0.0 0.0 0.0 0.0
11.4276499334 18.8675714327 17.2269996574 0.0 0.0 1.0 0.0 0.1 0.0 0.0 0.0 0.0 0.0 0.0 0.0
10.6202913333 8.76799465759 9.28577718735 0.0 0.0 1.0 0.0 0.1 0.0 0.0 0.0 0.0 0.0 0.0 0.0
9.86054126204 6.52125507767 18.0499259624 0.0 0.0 1.0 0.0 0.1 0.0 0.0 0.0 0.0 0.0 0.0 0.0
15.2463962506 5.83541111503 13.8641859987 0.0 0.0 1.0 0.0 0.1 0.0 0.0 0.0 0.0 0.0 0.0 0.0
11.7212358743 0.769452017823 1.34177178643 0.0 0.0 1.0 0.0 0.1 0.0 0.0 0.0 0.0 0.0 0.0 0.0
0.184703667948 16.0359720075 15.7020623238 0.0 0.0 1.0 0.0 0.1 0.0 0.0 0.0 0.0 0.0 0.0 0.0
15.223155302 2.79336275069 4.50534351809 0.0 0.0 1.0 0.0 0.1 0.0 0.0 0.0 0.0 0.0 0.0 0.0
12.9583159573 12.0552914758 12.4060430062 0.0 0.0 1.0 0.0 0.1 0.0 0.0 0.0 0.0 0.0 0.0 0.0
10.9355189052 10.6097682723 3.02906149891 0.0 0.0 1.0 0.0 0.1 0.0 0.0 0.0 0.0 0.0 0.0 0.0
3.38468761824 5.03563374279 8.48726010304 0.0 0.0 1.0 0.0 0.1 0.0 0.0 0.0 0.0 0.0 0.0 0.0
10.5917968805 16.8465817741 15.9094861016 0.0 0.0 1.0 0.0 0.1 0.0 0.0 0.0 0.0 0.0 0.0 0.0
5.31765205145 3.02672013797 5.68743131596 0.0 0.0 1.0 0.0 0.1 0.0 0.0 0.0 0.0 0.0 0.0 0.0
6.66419369373 19.8709577656 13.2658156112 0.0 0.0 1.0 0.0 0.1 0.0 0.0 0.0 0.0 0.0 0.0 0.0
3.47272561862 6.68364112125 6.98547632761 0.0 0.0 1.0 0.0 0.1 0.0 0.0 0.0 0.0 0.0 0.0 0.0
19.7175196288 6.87759776428 4.99382203772 0.0 0.0 1.0 0.0 0.1 0.0 0.0 0.0 0.0 0.0 0.0 0.0
0.088510000466 7.75954414972 19.8893674599 0.0 0.0 1.0 0.0 0.1 0.0 0.0 0.0 0.0 0.0 0.0 0.0
7.85747111913 11.735336767 11.9573288132 0.0 0.0 1.0 0.0 0.1 0.0 0.0 0.0 0.0 0.0 0.0 0.0
0.753634393433 11.8850907591 12.7705102913 0.0 0.0 1.0 0.0 0.1 0.0 0.0 0.0 0.0 0.0 0.0 0.0
12.2116848981 13.7032064598 14.2446574482 0.0 0.0 1.0 0.0 0.1 0.0 0.0 0.0 0.0 0.0 0.0 0.0
4.7055265707 15.0046155461 13.9631872208 0.0 0.0 1.0 0.0 0.1 0.0 0.0 0.0 0.0 0.0 0.0 0.0
3.00302522936 5.3833978186 12.451035515 0.0 0.0 1.0 0.0 0.1 0.0 0.0 0.0 0.0 0.0 0.0 0.0
9.54031534308 1.69261112708 3.20228478956 0.0 0.0 1.0 0.0 0.1 0.0 0.0 0.0 0.0 0.0 0.0 0.0
8.63770711785 18.8603635106 18.2456576511 0.0 0.0 1.0 0.0 0.1 0.0 0.0 0.0 0.0 0.0 0.0 0.0
5.94161920239 6.01331472852 8.46432075767 0.0 0.0 1.0 0.0 0.1 0.0 0.0 0.0 0.0 0.0 0.0 0.0
4.59238830978 6.6484711863 1.37590439397 0.0 0.0 1.0 0.0 0.1 0.0 0.0 0.0 0.0 0.0 0.0 0.0
2.26731041377 10.4073319295 5.0889465498 0.0 0.0 1.0 0.0 0.1 0.0 0.0 0.0 0.0 0.0 0.0 0.0
9.09513294234 9.21501626739 2.60770667367 0.0 0.0 1.0 0.0 0.1 0.0 0.0 0.0 0.0 0.0 0.0 0.0
1.65089699315 13.7782552595 9.38260007076 0.0 0.0 1.0 0.0 0.1 0.0 0.0 0.0 0.0 0.0 0.0 0.0
9.40133445991 13.1277140033 16.9963675371 0.0 0.0 1.0 0.0 0.1 0.0 0.0 0.0 0.0 0.0 0.0 0.0
14.8548541327 0.135654724838 1.53287457481 0.0 0.0 1.0 0.0 0.1 0.0 0.0 0.0 0.0 0.0 0.0 0.0
6.267131697 17.9610559819 9.21995476662 0.0 0.0 1.0 0.0 0.1 0.0 0.0 0.0 0.0 0.0 0.0 0.0
0.233492019144 3.30777294072 10.3494900904 0.0 0.0 1.0 0.0 0.1 0.0 0.0 0.0 0.0 0.0 0.0 0.0
18.5519436324 0.149419021676 13.248942152 0.0 0.0 1.0 0.0 0.1 0.0 0.0 0.0 0.0 0.0 0.0 0.0
17.893369231 16.6476398776 16.0076977479 0.0 0.0 1.0 0.0 0.1 0.0 0.0 0.0 0.0 0.0 0.0 0.0
9.1324627014 15.720633828 1.47208285498 0.0 0.0 1.0 0.0 0.1 0.0 0.0 0.0 0.0 0.0 0.0 0.0
19.0439685794 3.00162844522 0.0986443234266 0.0 0.0 1.0 0.0 0.1 0.0 0.0 0.0 0.0 0.0 0.0 0.0
6.48825839513 2.27198211639 2.55938649445 0.0 0.0 1.0 0.0 0.1 0.0 0.0 0.0 0.0 0.0 0.0 0.0
16.4158168959 1.14890372197 10.7831153685 0.0 0.0 1.0 0.0 0.1 0.0 0.0 0.0 0.0 0.0 0.0 0.0
3.15236278606 11.5001898219 12.4353247617 0.0 0.0 1.0 0.0 0.1 0.0 0.0 0.0 0.0 0.0 0.0 0.0
9.0972270647 8.10750703138 9.48226798688 0.0 0.0 1.0 0.0 0.1 0.0 0.0 0.0 0.0 0.0 0.0 0.0
3.48552986163 10.9770317876 3.9589675618 0.0 0.0 1.0 0.0 0.1 0.0 0.0 0.0 0.0 0.0 0.0 0.0
13.4603637552 6.76932283333 8.02147344266 0.0 0.0 1.0 0.0 0.1 0.0 0.0 0.0 0.0 0.0 0.0 0.0
5.5069641027 18.1857951717 1.29186665534 0.0 0.0 1.0 0.0 0.1 0.0 0.0 0.0 0.0 0.0 0.0 0.0
17.7099484406 16.1926117663 8.77805372857 0.0 0.0 1.0 0.0 0.1 0.0 0.0 0.0 0.0 0.0 0.0 0.0
16.2990270342 15.0030193363 19.9609850327 0.0 0.0 1.0 0.0 0.1 0.0 0.0 0.0 0.0 0.0 0.0 0.0
9.17889262759 6.44252998718 14.3779316947 0.0 0.0 1.0 0.0 0.1 0.0 0.0 0.0 0.0 0.0 0.0 0.0
14.9152712479 9.10451495604 11.484960232 0.0 0.0 1.0 0.0 0.1 0.0 0.0 0.0 0.0 0.0 0.0 0.0
14.9159595461 3.29167073294 8.99561629932 0.0 0.0 1.0 0.0 0.1 0.0 0.0 0.0 0.0 0.0 0.0 0.0
3.64496893494 8.33046940533 6.70278838122 0.0 0.0 1.0 0.0 0.1 0.0 0.0 0.0 0.0 0.0 0.0 0.0
3.33133126906 8.80981345578 16.4862709311 0.0 0.0 1.0 0.0 0.1 0.0 0.0 0.0 0.0 0.0 0.0 0.0
18.0790695966 0.57760830867 0.249330400123 0.0 0.0 1.0 0.0 0.1 0.0 0.0 0.0 0.0 0.0 0.0 0.0
10.792017529 18.2856966107 1.44730243616 0.0 0.0 1.0 0.0 0.1 0.0 0.0 0.0 0.0 0.0 0.0 0.0
2.21374674446 8.69333124964 0.521911627118 0.0 0.0 1.0 0.0 0.1 0.0 0.0 0.0 0.0 0.0 0.0 0.0
10.7876189872 3.95151330802 17.2650855389 0.0 0.0 1.0 0.0 0.1 0.0 0.0 0.0 0.0 0.0 0.0 0.0
4.45975395858 17.2544491125 0.748102925451 0.0 0.0 1.0 0.0 0.1 0.0 0.0 0.0 0.0 0.0 0.0 0.0
8.7299957523 7.59175883503 1.50003471931 0.0 0.0 1.0 0.0 0.1 0.0 0.0 0.0 0.0 0.0 0.0 0.0
17.7091798391 8.04547175028 15.855930817 0.0 0.0 1.0 0.0 0.1 0.0 0.0 0.0 0.0 0.0 0.0 0.0
18.8215071082 11.7995708381 4.40177767772 0.0 0.0 1.0 0.0 0.1 0.0 0.0 0.0 0.0 0.0 0.0 0.0
19.9728335847 0.468062832522 11.3473607256 0.0 0.0 1.0 0.0 0.1 0.0 0.0 0.0 0.0 0.0 0.0 0.0
9.20820531085 18.7692301969 4.87585473973 0.0 0.0 1.0 0.0 0.1 0.0 0.0 0.0 0.0 0.0 0.0 0.0
19.8951969053 13.5559715335 3.46855031111 0.0 0.0 1.0 0.0 0.1 0.0 0.0 0.0 0.0 0.0 0.0 0.0
5.80025195845 0.712159982486 2.44409301533 0.0 0.0 1.0 0.0 0.1 0.0 0.0 0.0 0.0 0.0 0.0 0.0
10.6379856956 1.64789554332 7.70886323292 0.0 0.0 1.0 0.0 0.1 0.0 0.0 0.0 0.0 0.0 0.0 0.0
4.6256986972 5.57140569281 4.53996203947 0.0 0.0 1.0 0.0 0.1 0.0 0.0 0.0 0.0 0.0 0.0 0.0
2.38752003584 15.7256315678 0.724188129671 0.0 0.0 1.0 0.0 0.1 0.0 0.0 0.0 0.0 0.0 0.0 0.0
11.5386680218 3.58486652298 5.25960809904 0.0 0.0 1.0 0.0 0.1 0.0 0.0 0.0 0.0 0.0 0.0 0.0
6.65566579892 19.5545185505 4.52596552656 0.0 0.0 1.0 0.0 0.1 0.0 0.0 0.0 0.0 0.0 0.0 0.0
5.7910312884 16.2147510085 8.67518255799 0.0 0.0 1.0 0.0 0.1 0.0 0.0 0.0 0.0 0.0 0.0 0.0
5.37411870159 2.12200946628 12.1324861154 0.0 0.0 1.0 0.0 0.1 0.0 0.0 0.0 0.0 0.0 0.0 0.0
15.8732270307 15.9803304163 11.3970652159 0.0 0.0 1.0 0.0 0.1 0.0 0.0 0.0 0.0 0.0 0.0 0.0
19.058940775 13.200600908 10.2450810109 0.0 0.0 1.0 0.0 0.1 0.0 0.0 0.0 0.0 0.0 0.0 0.0
11.549399474 2.89532901595 11.3799910291 0.0 0.0 1.0 0.0 0.1 0.0 0.0 0.0 0.0 0.0 0.0 0.0
12.7872055649 19.5140583184 19.1261684274 0.0 0.0 1.0 0.0 0.1 0.0 0.0 0.0 0.0 0.0 0.0 0.0
8.42778455695 5.12516636695 11.2994535721 0.0 0.0 1.0 0.0 0.1 0.0 0.0 0.0 0.0 0.0 0.0 0.0
1.7060887475 19.0532055945 17.7377296318 0.0 0.0 1.0 0.0 0.1 0.0 0.0 0.0 0.0 0.0 0.0 0.0
9.7864858133 13.6220297523 12.2692139088 0.0 0.0 1.0 0.0 0.1 0.0 0.0 0.0 0.0 0.0 0.0 0.0
5.67989384905 0.771372017178 11.2283966931 0.0 0.0 1.0 0.0 0.1 0.0 0.0 0.0 0.0 0.0 0.0 0.0
5.20387345779 18.9806023605 14.7808840559 0.0 0.0 1.0 0.0 0.1 0.0 0.0 0.0 0.0 0.0 0.0 0.0
0.619660289512 5.24051289012 3.87700984027 0.0 0.0 1.0 0.0 0.1 0.0 0.0 0.0 0.0 0.0 0.0 0.0
8.16008287841 19.4028729303 19.7584933987 0.0 0.0 1.0 0.0 0.1 0.0 0.0 0.0 0.0 0.0 0.0 0.0
14.499133682 0.824088453497 13.1986490553 0.0 0.0 1.0 0.0 0.1 0.0 0.0 0.0 0.0 0.0 0.0 0.0
10.6813351152 19.9014368676 5.35262107187 0.0 0.0 1.0 0.0 0.1 0.0 0.0 0.0 0.0 0.0 0.0 0.0
18.2136556098 15.7785133635 4.69886348843 0.0 0.0 1.0 0.0 0.1 0.0 0.0 0.0 0.0 0.0 0.0 0.0
17.4372125398 6.19926100708 3.30530407091 0.0 0.0 1.0 0.0 0.1 0.0 0.0 0.0 0.0 0.0 0.0 0.0
2.60212951836 7.60230253409 18.1937790603 0.0 0.0 1.0 0.0 0.1 0.0 0.0 0.0 0.0 0.0 0.0 0.0
14.3294321917 0.954405108142 10.9523197655 0.0 0.0 1.0 0.0 0.1 0.0 0.0 0.0 0.0 0.0 0.0 0.0
0.621172578404 2.75114303096 4.15117233854 0.0 0.0 1.0 0.0 0.1 0.0 0.0 0.0 0.0 0.0 0.0 0.0
3.98147003187 14.4393505975 17.6384066071 0.0 0.0 1.0 0.0 0.1 0.0 0.0 0.0 0.0 0.0 0.0 0.0
5.60955371646 1.94029661393 3.76053787935 0.0 0.0 1.0 0.0 0.1 0.0 0.0 0.0 0.0 0.0 0.0 0.0
7.54162202356 4.34084901514 13.1986664822 0.0 0.0 1.0 0.0 0.1 0.0 0.0 0.0 0.0 0.0 0.0 0.0
15.8764488573 19.9959872655 7.1091294904 0.0 0.0 1.0 0.0 0.1 0.0 0.0 0.0 0.0 0.0 0.0 0.0
18.1850150019 15.2605445353 13.3802800207 0.0 0.0 1.0 0.0 0.1 0.0 0.0 0.0 0.0 0.0 0.0 0.0
18.7100470972 1.11890598216 15.5746608654 0.0 0.0 1.0 0.0 0.1 0.0 0.0 0.0 0.0 0.0 0.0 0.0
2.91152127339 15.6798568191 19.5521554529 0.0 0.0 1.0 0.0 0.1 0.0 0.0 0.0 0.0 0.0 0.0 0.0
5.560428229 18.7536840274 12.7296456904 0.0 0.0 1.0 0.0 0.1 0.0 0.0 0.0 0.0 0.0 0.0 0.0
8.35820697387 12.6401725694 0.144077846559 0.0 0.0 1.0 0.0 0.1 0.0 0.0 0.0 0.0 0.0 0.0 0.0
11.8907733485 13.2830039264 7.82314157168 0.0 0.0 1.0 0.0 0.1 0.0 0.0 0.0 0.0 0.0 0.0 0.0
9.57890049912 3.78024608665 10.9015308385 0.0 0.0 1.0 0.0 0.1 0.0 0.0 0.0 0.0 0.0 0.0 0.0
1.95032083754 16.8595364968 6.47565481255 0.0 0.0 1.0 0.0 0.1 0.0 0.0 0.0 0.0 0.0 0.0 0.0
0.956958722334 0.501408731479 15.4929954916 0.0 0.0 1.0 0.0 0.1 0.0 0.0 0.0 0.0 0.0 0.0 0.0
2.05530913157 19.9234058355 0.706137500707 0.0 0.0 1.0 0.0 0.1 0.0 0.0 0.0 0.0 0.0 0.0 0.0
19.5746289654 17.0551444142 12.0359875111 0.0 0.0 1.0 0.0 0.1 0.0 0.0 0.0 0.0 0.0 0.0 0.0
0.511786190246 5.99068089273 0.755185620727 0.0 0.0 1.0 0.0 0.1 0.0 0.0 0.0 0.0 0.0 0.0 0.0
0.472243528743 7.20566394016 6.85349829365 0.0 0.0 1.0 0.0 0.1 0.0 0.0 0.0 0.0 0.0 0.0 0.0
2.23971694633 7.10164001447 1.63005749004 0.0 0.0 1.0 0.0 0.1 0.0 0.0 0.0 0.0 0.0 0.0 0.0
13.4466047028 19.4081445059 13.225234456 0.0 0.0 1.0 0.0 0.1 0.0 0.0 0.0 0.0 0.0 0.0 0.0
4.66094687221 18.1887928201 9.63044496535 0.0 0.0 1.0 0.0 0.1 0.0 0.0 0.0 0.0 0.0 0.0 0.0
18.4139403366 12.4537221156 15.8227257318 0.0 0.0 1.0 0.0 0.1 0.0 0.0 0.0 0.0 0.0 0.0 0.0
4.67802220074 17.364385269 2.86979344069 0.0 0.0 1.0 0.0 0.1 0.0 0.0 0.0 0.0 0.0 0.0 0.0
4.52903970485 17.7749363248 15.7617675315 0.0 0.0 1.0 0.0 0.1 0.0 0.0 0.0 0.0 0.0 0.0 0.0
14.0752799467 8.84099896075 15.4508712729 0.0 0.0 1.0 0.0 0.1 0.0 0.0 0.0 0.0 0.0 0.0 0.0
10.6773044836 16.3967667334 19.3478423921 0.0 0.0 1.0 0.0 0.1 0.0 0.0 0.0 0.0 0.0 0.0 0.0
18.8815209158 8.65813571824 18.7584802345 0.0 0.0 1.0 0.0 0.1 0.0 0.0 0.0 0.0 0.0 0.0 0.0
5.28834607141 3.7630644042 1.89172152591 0.0 0.0 1.0 0.0 0.1 0.0 0.0 0.0 0.0 0.0 0.0 0.0
13.3346396882 17.7275795164 5.97974028355 0.0 0.0 1.0 0.0 0.1 0.0 0.0 0.0 0.0 0.0 0.0 0.0
12.2599812978 7.84802139018 7.91540428259 0.0 0.0 1.0 0.0 0.1 0.0 0.0 0.0 0.0 0.0 0.0 0.0
1.13044829505 0.213858462899 2.61671706135 0.0 0.0 1.0 0.0 0.1 0.0 0.0 0.0 0.0 0.0 0.0 0.0
2.85741271911 12.668598966 13.8888252745 0.0 0.0 1.0 0.0 0.1 0.0 0.0 0.0 0.0 0.0 0.0 0.0
16.548903233 17.1622840099 6.5384598525 0.0 0.0 1.0 0.0 0.1 0.0 0.0 0.0 0.0 0.0 0.0 0.0
8.51435875555 6.61418792195 19.2729219833 0.0 0.0 1.0 0.0 0.1 0.0 0.0 0.0 0.0 0.0 0.0 0.0
11.5840183203 1.12519188847 14.941338531 0.0 0.0 1.0 0.0 0.1 0.0 0.0 0.0 0.0 0.0 0.0 0.0
18.6666679293 5.50606470256 11.7207941397 0.0 0.0 1.0 0.0 0.1 0.0 0.0 0.0 0.0 0.0 0.0 0.0
18.6555788317 12.0577862071 0.895957912063 0.0 0.0 1.0 0.0 0.1 0.0 0.0 0.0 0.0 0.0 0.0 0.0
18.693938037 9.87102525399 19.8646668151 0.0 0.0 1.0 0.0 0.1 0.0 0.0 0.0 0.0 0.0 0.0 0.0
16.5113610697 7.73587113106 11.5277772786 0.0 0.0 1.0 0.0 0.1 0.0 0.0 0.0 0.0 0.0 0.0 0.0
18.0989408468 8.89459164031 10.4218264261 0.0 0.0 1.0 0.0 0.1 0.0 0.0 0.0 0.0 0.0 0.0 0.0
15.0157780509 8.51869372717 13.184103039 0.0 0.0 1.0 0.0 0.1 0.0 0.0 0.0 0.0 0.0 0.0 0.0
11.1135824984 12.6744359381 18.3630866606 0.0 0.0 1.0 0.0 0.1 0.0 0.0 0.0 0.0 0.0 0.0 0.0
10.8578749322 12.0889431074 19.805766982 0.0 0.0 1.0 0.0 0.1 0.0 0.0 0.0 0.0 0.0 0.0 0.0
17.6692194771 12.575806525 11.2168642444 0.0 0.0 1.0 0.0 0.1 0.0 0.0 0.0 0.0 0.0 0.0 0.0
6.20540173622 12.4290358929 14.5305129573 0.0 0.0 1.0 0.0 0.1 0.0 0.0 0.0 0.0 0.0 0.0 0.0
2.84460973752 8.94454846124 12.5018025326 0.0 0.0 1.0 0.0 0.1 0.0 0.0 0.0 0.0 0.0 0.0 0.0
6.65801195109 16.0650965675 19.3874698804 0.0 0.0 1.0 0.0 0.1 0.0 0.0 0.0 0.0 0.0 0.0 0.0
17.4764003316 17.7713737306 7.86644490956 0.0 0.0 1.0 0.0 0.1 0.0 0.0 0.0 0.0 0.0 0.0 0.0
11.0529197427 5.37351654729 1.7196581528 0.0 0.0 1.0 0.0 0.1 0.0 0.0 0.0 0.0 0.0 0.0 0.0
10.3121518208 1.07922913114 10.7280175614 0.0 0.0 1.0 0.0 0.1 0.0 0.0 0.0 0.0 0.0 0.0 0.0
4.48037925309 11.0018986931 11.2336844571 0.0 0.0 1.0 0.0 0.1 0.0 0.0 0.0 0.0 0.0 0.0 0.0
17.0168330849 5.9479416359 12.5291189909 0.0 0.0 1.0 0.0 0.1 0.0 0.0 0.0 0.0 0.0 0.0 0.0
18.3232609029 7.57285606044 17.3616773437 0.0 0.0 1.0 0.0 0.1 0.0 0.0 0.0 0.0 0.0 0.0 0.0
19.450293838 12.580461158 12.7929291457 0.0 0.0 1.0 0.0 0.1 0.0 0.0 0.0 0.0 0.0 0.0 0.0
12.4241004537 2.38602136826 18.1309980243 0.0 0.0 1.0 0.0 0.1 0.0 0.0 0.0 0.0 0.0 0.0 0.0
0.462809987952 9.92224169799 0.140918842921 0.0 0.0 1.0 0.0 0.1 0.0 0.0 0.0 0.0 0.0 0.0 0.0
3.54247170735 0.373424710283 11.1363150576 0.0 0.0 1.0 0.0 0.1 0.0 0.0 0.0 0.0 0.0 0.0 0.0
14.3604391803 13.3226368133 16.0740451306 0.0 0.0 1.0 0.0 0.1 0.0 0.0 0.0 0.0 0.0 0.0 0.0
4.41384004454 3.19541749562 7.9892507689 0.0 0.0 1.0 0.0 0.1 0.0 0.0 0.0 0.0 0.0 0.0 0.0
18.0402764789 9.94872899875 11.5012008096 0.0 0.0 1.0 0.0 0.1 0.0 0.0 0.0 0.0 0.0 0.0 0.0
12.861678798 12.9106375632 4.51190124485 0.0 0.0 1.0 0.0 0.1 0.0 0.0 0.0 0.0 0.0 0.0 0.0
19.4649834003 12.6176946116 8.0781250044 0.0 0.0 1.0 0.0 0.1 0.0 0.0 0.0 0.0 0.0 0.0 0.0
0.192795975467 10.2093520014 4.51371569348 0.0 0.0 1.0 0.0 0.1 0.0 0.0 0.0 0.0 0.0 0.0 0.0
5.01931289728 8.49351316204 6.11495712356 0.0 0.0 1.0 0.0 0.1 0.0 0.0 0.0 0.0 0.0 0.0 0.0
3.37483108074 12.3755776082 17.5994672681 0.0 0.0 1.0 0.0 0.1 0.0 0.0 0.0 0.0 0.0 0.0 0.0
3.27477674573 13.3436518101 12.2982729928 0.0 0.0 1.0 0.0 0.1 0.0 0.0 0.0 0.0 0.0 0.0 0.0
2.43039097535 2.20149583805 16.0626686021 0.0 0.0 1.0 0.0 0.1 0.0 0.0 0.0 0.0 0.0 0.0 0.0
15.7655580885 11.8172995677 2.09511838028 0.0 0.0 1.0 0.0 0.1 0.0 0.0 0.0 0.0 0.0 0.0 0.0
13.89071759 19.4504792809 17.4044299528 0.0 0.0 1.0 0.0 0.1 0.0 0.0 0.0 0.0 0.0 0.0 0.0
10.9235616755 6.59087616297 6.20071253441 0.0 0.0 1.0 0.0 0.1 0.0 0.0 0.0 0.0 0.0 0.0 0.0
18.2985220434 11.2343685604 17.3022919427 0.0 0.0 1.0 0.0 0.1 0.0 0.0 0.0 0.0 0.0 0.0 0.0
19.6802198185 19.9612583837 5.33482533519 0.0 0.0 1.0 0.0 0.1 0.0 0.0 0.0 0.0 0.0 0.0 0.0
7.98997218867 6.68774138326 7.17758025663 0.0 0.0 1.0 0.0 0.1 0.0 0.0 0.0 0.0 0.0 0.0 0.0
18.0325747218 12.0208160721 6.58575834708 0.0 0.0 1.0 0.0 0.1 0.0 0.0 0.0 0.0 0.0 0.0 0.0
8.15993406297 4.79637459395 17.5879079094 0.0 0.0 1.0 0.0 0.1 0.0 0.0 0.0 0.0 0.0 0.0 0.0
7.03093307174 19.0667205379 0.397663741887 0.0 0.0 1.0 0.0 0.1 0.0 0.0 0.0 0.0 0.0 0.0 0.0
14.4021524497 7.03715326582 11.874004975 0.0 0.0 1.0 0.0 0.1 0.0 0.0 0.0 0.0 0.0 0.0 0.0
10.6389619957 3.52741356836 2.643990493 0.0 0.0 1.0 0.0 0.1 0.0 0.0 0.0 0.0 0.0 0.0 0.0
2.9822379485 2.08760376909 0.511818174469 0.0 0.0 1.0 0.0 0.1 0.0 0.0 0.0 0.0 0.0 0.0 0.0
14.8279659814 6.73848832354 17.3239271215 0.0 0.0 1.0 0.0 0.1 0.0 0.0 0.0 0.0 0.0 0.0 0.0
11.623937839 18.6607147081 5.05036409239 0.0 0.0 1.0 0.0 0.1 0.0 0.0 0.0 0.0 0.0 0.0 0.0
12.7211700094 5.31365504617 0.446868759696 0.0 0.0 1.0 0.0 0.1 0.0 0.0 0.0 0.0 0.0 0.0 0.0
3.42809258238 18.1102270888 16.8694777415 0.0 0.0 1.0 0.0 0.1 0.0 0.0 0.0 0.0 0.0 0.0 0.0
14.4301792062 5.77441675689 3.27240201834 0.0 0.0 1.0 0.0 0.1 0.0 0.0 0.0 0.0 0.0 0.0 0.0
13.4857636077 0.385608894642 19.4581273256 0.0 0.0 1.0 0.0 0.1 0.0 0.0 0.0 0.0 0.0 0.0 0.0
12.4738525615 13.681999915 12.0954198628 0.0 0.0 1.0 0.0 0.1 0.0 0.0 0.0 0.0 0.0 0.0 0.0
1.60929741508 5.69668072457 16.1039707904 0.0 0.0 1.0 0.0 0.1 0.0 0.0 0.0 0.0 0.0 0.0 0.0
19.4362280548 15.2349389493 2.40444319117 0.0 0.0 1.0 0.0 0.1 0.0 0.0 0.0 0.0 0.0 0.0 0.0
12.4320439433 7.25529254606 14.1279071773 0.0 0.0 1.0 0.0 0.1 0.0 0.0 0.0 0.0 0.0 0.0 0.0
4.51271161034 1.75920702842 1.52716314757 0.0 0.0 1.0 0.0 0.1 0.0 0.0 0.0 0.0 0.0 0.0 0.0
10.1382272796 1.69350820371 14.974662543 0.0 0.0 1.0 0.0 0.1 0.0 0.0 0.0 0.0 0.0 0.0 0.0
9.87996168774 19.7907899778 10.8705257914 0.0 0.0 1.0 0.0 0.1 0.0 0.0 0.0 0.0 0.0 0.0 0.0
8.66937907612 9.32634990681 5.54175082317 0.0 0.0 1.0 0.0 0.1 0.0 0.0 0.0 0.0 0.0 0.0 0.0
6.47792012247 2.7902789754 1.08121479373 0.0 0.0 1.0 0.0 0.1 0.0 0.0 0.0 0.0 0.0 0.0 0.0
19.1688569422 18.3444668968 7.47125631888 0.0 0.0 1.0 0.0 0.1 0.0 0.0 0.0 0.0 0.0 0.0 0.0
9.64867668992 1.72875209516 0.568358719264 0.0 0.0 1.0 0.0 0.1 0.0 0.0 0.0 0.0 0.0 0.0 0.0
11.7644299242 10.7748768367 13.3937429976 0.0 0.0 1.0 0.0 0.1 0.0 0.0 0.0 0.0 0.0 0.0 0.0
12.8157287835 11.5687580349 6.34223965367 0.0 0.0 1.0 0.0 0.1 0.0 0.0 0.0 0.0 0.0 0.0 0.0
6.33542510557 10.8175864087 15.4962319743 0.0 0.0 1.0 0.0 0.1 0.0 0.0 0.0 0.0 0.0 0.0 0.0
19.0530221381 8.45690086955 1.32450378817 0.0 0.0 1.0 0.0 0.1 0.0 0.0 0.0 0.0 0.0 0.0 0.0
3.0740475624 11.2222363426 19.8949882268 0.0 0.0 1.0 0.0 0.1 0.0 0.0 0.0 0.0 0.0 0.0 0.0
9.57850656271 19.9995410611 8.44302704418 0.0 0.0 1.0 0.0 0.1 0.0 0.0 0.0 0.0 0.0 0.0 0.0
13.4744709555 2.27366826152 9.90058193683 0.0 0.0 1.0 0.0 0.1 0.0 0.0 0.0 0.0 0.0 0.0 0.0
0.229226059576 1.54640659595 18.9486147683 0.0 0.0 1.0 0.0 0.1 0.0 0.0 0.0 0.0 0.0 0.0 0.0
16.2819463614 11.4995115315 12.6208992727 0.0 0.0 1.0 0.0 0.1 0.0 0.0 0.0 0.0 0.0 0.0 0.0
15.2387188121 18.705695258 5.92204379894 0.0 0.0 1.0 0.0 0.1 0.0 0.0 0.0 0.0 0.0 0.0 0.0
17.8056878112 2.74484163782 11.7947257952 0.0 0.0 1.0 0.0 0.1 0.0 0.0 0.0 0.0 0.0 0.0 0.0
3.97158289523 15.0246413494 7.46700447693 0.0 0.0 1.0 0.0 0.1 0.0 0.0 0.0 0.0 0.0 0.0 0.0
4.8673562019 8.0919266226 13.9776671461 0.0 0.0 1.0 0.0 0.1 0.0 0.0 0.0 0.0 0.0 0.0 0.0
1.56475214136 17.8649489927 0.489307589028 0.0 0.0 1.0 0.0 0.1 0.0 0.0 0.0 0.0 0.0 0.0 0.0
0.0304528631693 11.1794753817 6.39255782598 0.0 0.0 1.0 0.0 0.1 0.0 0.0 0.0 0.0 0.0 0.0 0.0
11.944890038 7.43837002843 2.36874892223 0.0 0.0 1.0 0.0 0.1 0.0 0.0 0.0 0.0 0.0 0.0 0.0
9.77148338842 18.0880232752 11.2180880583 0.0 0.0 1.0 0.0 0.1 0.0 0.0 0.0 0.0 0.0 0.0 0.0
17.821316469 14.6234174606 0.696334548784 0.0 0.0 1.0 0.0 0.1 0.0 0.0 0.0 0.0 0.0 0.0 0.0
10.2947341041 14.566654978 16.7599842904 0.0 0.0 1.0 0.0 0.1 0.0 0.0 0.0 0.0 0.0 0.0 0.0
19.6738622056 6.49038280692 3.49979257192 0.0 0.0 1.0 0.0 0.1 0.0 0.0 0.0 0.0 0.0 0.0 0.0
19.1220621008 7.36051240683 9.86239098693 0.0 0.0 1.0 0.0 0.1 0.0 0.0 0.0 0.0 0.0 0.0 0.0
13.6612932815 9.97924227817 18.1575646973 0.0 0.0 1.0 0.0 0.1 0.0 0.0 0.0 0.0 0.0 0.0 0.0
13.0094349217 3.41930437805 8.18072386459 0.0 0.0 1.0 0.0 0.1 0.0 0.0 0.0 0.0 0.0 0.0 0.0
1.92173811 3.06701174415 17.5242043821 0.0 0.0 1.0 0.0 0.1 0.0 0.0 0.0 0.0 0.0 0.0 0.0
15.9591196676 18.6861168357 8.50955993213 0.0 0.0 1.0 0.0 0.1 0.0 0.0 0.0 0.0 0.0 0.0 0.0
4.17385362539 5.7195408802 17.4112823898 0.0 0.0 1.0 0.0 0.1 0.0 0.0 0.0 0.0 0.0 0.0 0.0
14.327949222 11.7673436348 15.8273317184 0.0 0.0 1.0 0.0 0.1 0.0 0.0 0.0 0.0 0.0 0.0 0.0
2.95534461044 18.6218349017 14.8873401833 0.0 0.0 1.0 0.0 0.1 0.0 0.0 0.0 0.0 0.0 0.0 0.0
5.48044782333 13.4447985797 18.2450482653 0.0 0.0 1.0 0.0 0.1 0.0 0.0 0.0 0.0 0.0 0.0 0.0
17.4573978575 12.7221466899 17.5603143666 0.0 0.0 1.0 0.0 0.1 0.0 0.0 0.0 0.0 0.0 0.0 0.0
7.02596090381 5.44266699177 7.3086543096 0.0 0.0 1.0 0.0 0.1 0.0 0.0 0.0 0.0 0.0 0.0 0.0
8.19820212651 15.1588534118 6.83236680383 0.0 0.0 1.0 0.0 0.1 0.0 0.0 0.0 0.0 0.0 0.0 0.0
0.434295039999 13.0813988991 15.9170363584 0.0 0.0 1.0 0.0 0.1 0.0 0.0 0.0 0.0 0.0 0.0 0.0
12.6187165723 4.23964959006 11.5395955991 0.0 0.0 1.0 0.0 0.1 0.0 0.0 0.0 0.0 0.0 0.0 0.0
7.67667990503 3.86203304787 0.542871726794 0.0 0.0 1.0 0.0 0.1 0.0 0.0 0.0 0.0 0.0 0.0 0.0
16.7324691912 9.22760334613 15.6452280172 0.0 0.0 1.0 0.0 0.1 0.0 0.0 0.0 0.0 0.0 0.0 0.0
17.3684873494 4.13369959385 0.474363800521 0.0 0.0 1.0 0.0 0.1 0.0 0.0 0.0 0.0 0.0 0.0 0.0
10.3575538944 11.6889116668 1.9155933776 0.0 0.0 1.0 0.0 0.1 0.0 0.0 0.0 0.0 0.0 0.0 0.0
3.69581290876 6.74287042675 11.8913577111 0.0 0.0 1.0 0.0 0.1 0.0 0.0 0.0 0.0 0.0 0.0 0.0
9.28545872752 0.474353955478 13.9451271543 0.0 0.0 1.0 0.0 0.1 0.0 0.0 0.0 0.0 0.0 0.0 0.0
12.6834825433 19.4237541855 7.72127771204 0.0 0.0 1.0 0.0 0.1 0.0 0.0 0.0 0.0 0.0 0.0 0.0
5.64765597143 6.26776417177 0.295850011288 0.0 0.0 1.0 0.0 0.1 0.0 0.0 0.0 0.0 0.0 0.0 0.0
14.1302237018 14.8606104633 1.64076332988 0.0 0.0 1.0 0.0 0.1 0.0 0.0 0.0 0.0 0.0 0.0 0.0
15.3420639408 18.3754328013 3.03666317313 0.0 0.0 1.0 0.0 0.1 0.0 0.0 0.0 0.0 0.0 0.0 0.0
18.3169677381 10.6923008533 1.95293335105 0.0 0.0 1.0 0.0 0.1 0.0 0.0 0.0 0.0 0.0 0.0 0.0
5.7104868725 13.2626352806 7.12304111782 0.0 0.0 1.0 0.0 0.1 0.0 0.0 0.0 0.0 0.0 0.0 0.0
14.1541286373 16.3420260243 1.0533610357 0.0 0.0 1.0 0.0 0.1 0.0 0.0 0.0 0.0 0.0 0.0 0.0
5.41977593234 12.3716280265 5.54680085408 0.0 0.0 1.0 0.0 0.1 0.0 0.0 0.0 0.0 0.0 0.0 0.0
9.83600856985 6.47943741868 12.3457794709 0.0 0.0 1.0 0.0 0.1 0.0 0.0 0.0 0.0 0.0 0.0 0.0
7.82963796792 9.00598263587 0.981017582276 0.0 0.0 1.0 0.0 0.1 0.0 0.0 0.0 0.0 0.0 0.0 0.0
5.36000700231 8.32921623023 11.0766245525 0.0 0.0 1.0 0.0 0.1 0.0 0.0 0.0 0.0 0.0 0.0 0.0
8.48430244957 9.83804882544 16.2722082141 0.0 0.0 1.0 0.0 0.1 0.0 0.0 0.0 0.0 0.0 0.0 0.0
13.7940299775 5.60740173685 17.5573647122 0.0 0.0 1.0 0.0 0.1 0.0 0.0 0.0 0.0 0.0 0.0 0.0
15.973691672 9.06113623463 6.85411888973 0.0 0.0 1.0 0.0 0.1 0.0 0.0 0.0 0.0 0.0 0.0 0.0
7.80114064921 12.4362536487 4.67659068245 0.0 0.0 1.0 0.0 0.1 0.0 0.0 0.0 0.0 0.0 0.0 0.0
11.0822011515 14.7164740989 10.6277027363 0.0 0.0 1.0 0.0 0.1 0.0 0.0 0.0 0.0 0.0 0.0 0.0
18.6422512977 15.2575157366 19.8608891535 0.0 0.0 1.0 0.0 0.1 0.0 0.0 0.0 0.0 0.0 0.0 0.0
18.1150544486 9.87312849059 6.75977154527 0.0 0.0 1.0 0.0 0.1 0.0 0.0 0.0 0.0 0.0 0.0 0.0
19.4623225026 12.4893232662 6.01057873913 0.0 0.0 1.0 0.0 0.1 0.0 0.0 0.0 0.0 0.0 0.0 0.0
9.63879757173 17.592967155 0.240274934979 0.0 0.0 1.0 0.0 0.1 0.0 0.0 0.0 0.0 0.0 0.0 0.0
17.4207349423 3.29702444545 1.73739473601 0.0 0.0 1.0 0.0 0.1 0.0 0.0 0.0 0.0 0.0 0.0 0.0
11.8769228369 14.271927393 3.62372435093 0.0 0.0 1.0 0.0 0.1 0.0 0.0 0.0 0.0 0.0 0.0 0.0
4.27653719027 8.25345125963 0.13196250979 0.0 0.0 1.0 0.0 0.1 0.0 0.0 0.0 0.0 0.0 0.0 0.0
6.50422759149 7.5406487459 19.9812966349 0.0 0.0 1.0 0.0 0.1 0.0 0.0 0.0 0.0 0.0 0.0 0.0
14.4360830215 19.1406944145 15.771631912 0.0 0.0 1.0 0.0 0.1 0.0 0.0 0.0 0.0 0.0 0.0 0.0
5.03383367672 14.950096973 19.6101523827 0.0 0.0 1.0 0.0 0.1 0.0 0.0 0.0 0.0 0.0 0.0 0.0
4.83275914868 11.3272605853 12.9512019642 0.0 0.0 1.0 0.0 0.1 0.0 0.0 0.0 0.0 0.0 0.0 0.0
8.82195799818 12.5000142615 8.44740794665 0.0 0.0 1.0 0.0 0.1 0.0 0.0 0.0 0.0 0.0 0.0 0.0
18.8537197992 18.375506742 11.3277299564 0.0 0.0 1.0 0.0 0.1 0.0 0.0 0.0 0.0 0.0 0.0 0.0
17.5898395608 19.8523644794 9.9288134494 0.0 0.0 1.0 0.0 0.1 0.0 0.0 0.0 0.0 0.0 0.0 0.0
6.63984646854 5.83615343031 12.8772055807 0.0 0.0 1.0 0.0 0.1 0.0 0.0 0.0 0.0 0.0 0.0 0.0
4.65683548345 7.19796021596 18.2031391464 0.0 0.0 1.0 0.0 0.1 0.0 0.0 0.0 0.0 0.0 0.0 0.0
5.84889596178 9.82782567466 13.2555074107 0.0 0.0 1.0 0.0 0.1 0.0 0.0 0.0 0.0 0.0 0.0 0.0
9.18487683595 15.7998223304 19.5214045971 0.0 0.0 1.0 0.0 0.1 0.0 0.0 0.0 0.0 0.0 0.0 0.0
16.1665999417 19.1132621854 0.0564703178244 0.0 0.0 1.0 0.0 0.1 0.0 0.0 0.0 0.0 0.0 0.0 0.0
10.8865353207 3.24234312576 19.3649705359 0.0 0.0 1.0 0.0 0.1 0.0 0.0 0.0 0.0 0.0 0.0 0.0
7.4640867417 19.696932698 5.79055250818 0.0 0.0 1.0 0.0 0.1 0.0 0.0 0.0 0.0 0.0 0.0 0.0
6.28807457614 6.88864732034 2.64238183378 0.0 0.0 1.0 0.0 0.1 0.0 0.0 0.0 0.0 0.0 0.0 0.0
2.32981538213 9.27081417526 14.3839574073 0.0 0.0 1.0 0.0 0.1 0.0 0.0 0.0 0.0 0.0 0.0 0.0
19.4306706398 13.7464906954 0.164440294293 0.0 0.0 1.0 0.0 0.1 0.0 0.0 0.0 0.0 0.0 0.0 0.0
4.33291948777 14.2049188213 6.21785226435 0.0 0.0 1.0 0.0 0.1 0.0 0.0 0.0 0.0 0.0 0.0 0.0
12.9115215556 17.7158682299 12.33430387 0.0 0.0 1.0 0.0 0.1 0.0 0.0 0.0 0.0 0.0 0.0 0.0
14.9987042247 16.3417663011 9.01639148142 0.0 0.0 1.0 0.0 0.1 0.0 0.0 0.0 0.0 0.0 0.0 0.0
8.46665133303 19.8681667753 3.38250714095 0.0 0.0 1.0 0.0 0.1 0.0 0.0 0.0 0.0 0.0 0.0 0.0
0.402131904165 2.19931513792 8.89937277499 0.0 0.0 1.0 0.0 0.1 0.0 0.0 0.0 0.0 0.0 0.0 0.0
8.6670327057 14.1205711779 11.1326063822 0.0 0.0 1.0 0.0 0.1 0.0 0.0 0.0 0.0 0.0 0.0 0.0
4.19995608435 19.4735296167 2.21971010764 0.0 0.0 1.0 0.0 0.1 0.0 0.0 0.0 0.0 0.0 0.0 0.0
11.3999820404 4.13336895953 7.88943958638 0.0 0.0 1.0 0.0 0.1 0.0 0.0 0.0 0.0 0.0 0.0 0.0
5.33011391452 5.08523681618 12.0021997841 0.0 0.0 1.0 0.0 0.1 0.0 0.0 0.0 0.0 0.0 0.0 0.0
6.75381784003 12.670838985 16.2366131201 0.0 0.0 1.0 0.0 0.1 0.0 0.0 0.0 0.0 0.0 0.0 0.0
1.94020051824 11.2905200994 0.294816774864 0.0 0.0 1.0 0.0 0.1 0.0 0.0 0.0 0.0 0.0 0.0 0.0
19.7144514339 19.3799761798 15.5280359556 0.0 0.0 1.0 0.0 0.1 0.0 0.0 0.0 0.0 0.0 0.0 0.0
17.5796636837 1.15806048776 6.86728312173 0.0 0.0 1.0 0.0 0.1 0.0 0.0 0.0 0.0 0.0 0.0 0.0
7.72509521792 12.4195915294 3.14537124107 0.0 0.0 1.0 0.0 0.1 0.0 0.0 0.0 0.0 0.0 0.0 0.0
0.216400592281 5.62090511863 17.7432805557 0.0 0.0 1.0 0.0 0.1 0.0 0.0 0.0 0.0 0.0 0.0 0.0
11.7193248987 2.1214204831 16.4217900777 0.0 0.0 1.0 0.0 0.1 0.0 0.0 0.0 0.0 0.0 0.0 0.0
0.603788772284 15.9720817322 5.62683141558 0.0 0.0 1.0 0.0 0.1 0.0 0.0 0.0 0.0 0.0 0.0 0.0
12.4714131882 16.3497773014 9.90951246 0.0 0.0 1.0 0.0 0.1 0.0 0.0 0.0 0.0 0.0 0.0 0.0
4.05600393238 9.65359893453 4.56427724075 0.0 0.0 1.0 0.0 0.1 0.0 0.0 0.0 0.0 0.0 0.0 0.0
1.20328257056 7.81543957916 5.03729526952 0.0 0.0 1.0 0.0 0.1 0.0 0.0 0.0 0.0 0.0 0.0 0.0
9.91668555977 0.863669197439 17.556727379 0.0 0.0 1.0 0.0 0.1 0.0 0.0 0.0 0.0 0.0 0.0 0.0
6.91526726829 6.33951402384 15.8253696068 0.0 0.0 1.0 0.0 0.1 0.0 0.0 0.0 0.0 0.0 0.0 0.0
11.3391534316 17.2458992749 12.7120096607 0.0 0.0 1.0 0.0 0.1 0.0 0.0 0.0 0.0 0.0 0.0 0.0
12.6018703963 2.16945733221 1.33631339226 0.0 0.0 1.0 0.0 0.1 0.0 0.0 0.0 0.0 0.0 0.0 0.0
7.53300320058 15.1834845031 11.6656101694 0.0 0.0 1.0 0.0 0.1 0.0 0.0 0.0 0.0 0.0 0.0 0.0
15.1436383497 13.7501497032 6.46012314039 0.0 0.0 1.0 0.0 0.1 0.0 0.0 0.0 0.0 0.0 0.0 0.0
13.1546199069 16.828513154 17.4145018393 0.0 0.0 1.0 0.0 0.1 0.0 0.0 0.0 0.0 0.0 0.0 0.0
10.5506927164 9.33033080295 16.0617297406 0.0 0.0 1.0 0.0 0.1 0.0 0.0 0.0 0.0 0.0 0.0 0.0
2.09183293135 13.7793985555 17.4094998569 0.0 0.0 1.0 0.0 0.1 0.0 0.0 0.0 0.0 0.0 0.0 0.0
6.13327654039 3.38712209121 13.5948935971 0.0 0.0 1.0 0.0 0.1 0.0 0.0 0.0 0.0 0.0 0.0 0.0
16.3718045106 2.21265438034 0.174851302144 0.0 0.0 1.0 0.0 0.1 0.0 0.0 0.0 0.0 0.0 0.0 0.0
16.5065566434 7.07730926461 17.8275377673 0.0 0.0 1.0 0.0 0.1 0.0 0.0 0.0 0.0 0.0 0.0 0.0
12.3231485472 9.23718853471 8.560278027 0.0 0.0 1.0 0.0 0.1 0.0 0.0 0.0 0.0 0.0 0.0 0.0
14.9172657724 6.15238898378 0.517633003931 0.0 0.0 1.0 0.0 0.1 0.0 0.0 0.0 0.0 0.0 0.0 0.0
3.06026589272 0.953010938715 8.89983757614 0.0 0.0 1.0 0.0 0.1 0.0 0.0 0.0 0.0 0.0 0.0 0.0
17.5024867751 14.8623435555 6.76346413227 0.0 0.0 1.0 0.0 0.1 0.0 0.0 0.0 0.0 0.0 0.0 0.0
11.3775843474 10.3411157087 0.900033694382 0.0 0.0 1.0 0.0 0.1 0.0 0.0 0.0 0.0 0.0 0.0 0.0
4.60169655523 6.62625252372 14.98748337 0.0 0.0 1.0 0.0 0.1 0.0 0.0 0.0 0.0 0.0 0.0 0.0
5.34994458914 0.575331163154 13.0039461101 0.0 0.0 1.0 0.0 0.1 0.0 0.0 0.0 0.0 0.0 0.0 0.0
1.55438965664 15.4104096786 9.85727447743 0.0 0.0 1.0 0.0 0.1 0.0 0.0 0.0 0.0 0.0 0.0 0.0
0.792666280002 7.39455953373 16.0111151144 0.0 0.0 1.0 0.0 0.1 0.0 0.0 0.0 0.0 0.0 0.0 0.0
16.9837850596 18.3265758977 5.46444402984 0.0 0.0 1.0 0.0 0.1 0.0 0.0 0.0 0.0 0.0 0.0 0.0
16.298808332 19.4453017677 11.6003395051 0.0 0.0 1.0 0.0 0.1 0.0 0.0 0.0 0.0 0.0 0.0 0.0
19.9229482512 9.94704072378 5.7169756597 0.0 0.0 1.0 0.0 0.1 0.0 0.0 0.0 0.0 0.0 0.0 0.0
18.2990369601 16.008827293 0.0590426745582 0.0 0.0 1.0 0.0 0.1 0.0 0.0 0.0 0.0 0.0 0.0 0.0
5.90548541006 7.60875675356 12.433846425 0.0 0.0 1.0 0.0 0.1 0.0 0.0 0.0 0.0 0.0 0.0 0.0
14.6956837431 9.84315511986 19.7449397976 0.0 0.0 1.0 0.0 0.1 0.0 0.0 0.0 0.0 0.0 0.0 0.0
3.22301481185 15.0853357784 10.0123604449 0.0 0.0 1.0 0.0 0.1 0.0 0.0 0.0 0.0 0.0 0.0 0.0
0.914977318969 10.2439318749 16.7611383101 0.0 0.0 1.0 0.0 0.1 0.0 0.0 0.0 0.0 0.0 0.0 0.0
7.71224692452 11.3399030094 16.5611352712 0.0 0.0 1.0 0.0 0.1 0.0 0.0 0.0 0.0 0.0 0.0 0.0
3.42122263124 8.48675642993 1.5367939342 0.0 0.0 1.0 0.0 0.1 0.0 0.0 0.0 0.0 0.0 0.0 0.0
9.40952119808 14.4292193202 18.1966904088 0.0 0.0 1.0 0.0 0.1 0.0 0.0 0.0 0.0 0.0 0.0 0.0
17.7318179622 18.7195280075 19.9255259886 0.0 0.0 1.0 0.0 0.1 0.0 0.0 0.0 0.0 0.0 0.0 0.0
6.10034316169 1.07324296873 17.6039500879 0.0 0.0 1.0 0.0 0.1 0.0 0.0 0.0 0.0 0.0 0.0 0.0
15.9045757544 14.7103151427 5.40040505465 0.0 0.0 1.0 0.0 0.1 0.0 0.0 0.0 0.0 0.0 0.0 0.0
13.6644786387 8.11569119545 10.9312206919 0.0 0.0 1.0 0.0 0.1 0.0 0.0 0.0 0.0 0.0 0.0 0.0
5.58358565041 19.7449799476 6.80478649677 0.0 0.0 1.0 0.0 0.1 0.0 0.0 0.0 0.0 0.0 0.0 0.0
19.9991104847 5.91207051215 15.5301453044 0.0 0.0 1.0 0.0 0.1 0.0 0.0 0.0 0.0 0.0 0.0 0.0
12.0770027934 0.129237043473 3.63878727969 0.0 0.0 1.0 0.0 0.1 0.0 0.0 0.0 0.0 0.0 0.0 0.0
19.8881122472 17.3339630069 2.96423525939 0.0 0.0 1.0 0.0 0.1 0.0 0.0 0.0 0.0 0.0 0.0 0.0
6.19782609577 0.354231375306 0.397599463744 0.0 0.0 1.0 0.0 0.1 0.0 0.0 0.0 0.0 0.0 0.0 0.0
5.00819990148 9.41949199758 15.9306795505 0.0 0.0 1.0 0.0 0.1 0.0 0.0 0.0 0.0 0.0 0.0 0.0
8.45875914128 14.1304266325 13.6351800497 0.0 0.0 1.0 0.0 0.1 0.0 0.0 0.0 0.0 0.0 0.0 0.0
6.22092157675 6.24536305154 17.5620076664 0.0 0.0 1.0 0.0 0.1 0.0 0.0 0.0 0.0 0.0 0.0 0.0
4.82648950606 0.35296058121 16.4075245122 0.0 0.0 1.0 0.0 0.1 0.0 0.0 0.0 0.0 0.0 0.0 0.0
9.3787146919 1.6709009843 18.7517310661 0.0 0.0 1.0 0.0 0.1 0.0 0.0 0.0 0.0 0.0 0.0 0.0
9.64939967431 11.1267739051 16.2825771347 0.0 0.0 1.0 0.0 0.1 0.0 0.0 0.0 0.0 0.0 0.0 0.0
17.8967139196 4.16836148022 9.19546967014 0.0 0.0 1.0 0.0 0.1 0.0 0.0 0.0 0.0 0.0 0.0 0.0
1.5781292966 10.487961161 9.03623550889 0.0 0.0 1.0 0.0 0.1 0.0 0.0 0.0 0.0 0.0 0.0 0.0
