t = 10000
b = 20 20 20
E = -0.6268080284701 -0.6268080284701 0
-1.03018426014663 1.61636675841221 -1.22108389398641 0.622755851315667 0.150257096680711 0.767852736003654 0.554391551974928 0.607771478343712 -0.568562868786951 0 0 0 0 0 0
-0.729571047254933 2.07308951369048 -1.3493263919824 0.763305819455706 -0.630034063198341 0.142902212242901 0.546542237928366 0.51181285628126 -0.662826570300165 0 0 0 0 0 0
-0.417055999490314 2.41428378975933 -1.3931096362893 0.258031701341674 -0.897331237517575 -0.358072817754031 0.589933515059816 0.439844391141078 -0.677137579358405 0 0 0 0 0 0
0.0950420607770238 2.47833798462467 -1.45115759872516 -0.172305104179661 -0.629052809714794 -0.758026008041318 0.590617905077505 0.549892212755835 -0.590583601672182 0 0 0 0 0 0
0.564653335264735 2.59922406603317 -1.79335354402887 -0.665925579451579 -0.352192623056005 -0.657649917158422 0.441445174562787 0.524613025779548 -0.727947275703255 0 0 0 0 0 0
0.855269969966743 2.47496307202879 -2.27614261498241 -0.951152349163295 0.229815194481237 -0.206141022172517 0.308012664277551 0.661187795409793 -0.684075155812837 0 0 0 0 0 0
0.993295244878007 2.57065703823789 -2.71126607877644 -0.672970216459313 0.725037831056877 0.146393962713093 0.257080465522825 0.414850820763909 -0.872816334693917 0 0 0 0 0 0
0.991360038842851 2.11155768761266 -3.45852398988428 -0.431972081196233 -0.231826397653257 -0.871582799719262 0.447638629040451 0.783849322581721 -0.43034849415611 0 0 0 0 0 0
1.33412553841661 2.36162373072178 -3.77508964499143 -0.879993453749461 0.0832604873327156 -0.467631343889747 0.338977737942311 0.799732502435158 -0.495501681600288 0 0 0 0 0 0
1.48138907077552 2.42476316165958 -4.22812155487656 -0.770243182096912 0.637687743074264 0.00892765352160068 0.457119551241577 0.561793724948742 -0.689513911579399 0 0 0 0 0 0
1.44462579139847 2.58619823901507 -4.67696389214539 -0.105631288744153 0.814347087056324 0.570684467344767 0.445468917643237 0.551840574186007 -0.705003058114179 0 0 0 0 0 0
0.93265197404101 2.12220862272363 -5.11264346333365 -0.293468651603848 -0.836815973269603 -0.462185095318059 -0.950693284270388 0.204751428604962 0.232935749085492 0 0 0 0 0 0
0.362007261458726 2.34294298513484 -4.78977352978388 0.561113685803145 0.818155378909088 0.125591045657405 0.608037867262131 -0.304457986536698 -0.733208788865813 0 0 0 0 0 0
-0.486695198562151 1.99590262695692 -4.03709281448303 0.0770699762155793 -0.87990465716181 0.468858119062465 0.808165012195363 0.330530703338702 0.487461444611306 0 0 0 0 0 0
-0.301134519837429 2.11752809803866 -3.61321888652512 0.429935381089396 -0.86418215104407 -0.26142815005769 0.788837565710734 0.21869350633144 0.574376454701197 0 0 0 0 0 0
0.0178478784272153 2.02498389350025 -3.2335512312779 0.64694809376555 -0.341973254318623 -0.681551475304 0.762018741247363 0.257087948885252 0.59433419326716 0 0 0 0 0 0
-0.185435719261649 2.69350159705333 -2.69475701800269 0.883643993360883 -0.27195499202286 0.381069115593094 -0.463292652559545 -0.390913530391289 0.795327880034489 0 0 0 0 0 0
-0.344677060644219 2.23629111829229 -2.4402266285027 0.873748959109653 0.216001175989705 0.435782267062473 -0.264145254782309 -0.541593483299448 0.798062474798641 0 0 0 0 0 0
-0.233851160948288 1.70308269107528 -2.27193712440419 0.276929408667393 0.701986408887376 0.656144087567492 -0.546276893023442 -0.44674681807796 0.70851867830114 0 0 0 0 0 0
-0.189688978430923 1.36605844521908 -1.93094639015776 -0.128089374032206 0.871217034678073 0.473892322948136 -0.381173190281703 -0.48437334843091 0.78745753256628 0 0 0 0 0 0
-0.385193478345578 0.105437621814788 -2.41175094482625 -0.677020953561196 -0.435763581404869 -0.593087322516588 0.73582497050617 -0.385144057528404 -0.556978986222894 0 0 0 0 0 0
-0.432562071295512 0.117707629078172 -1.39523984555259 -0.0510442094365773 0.424117547858137 0.90416735473042 -0.433446078077513 0.806225995055653 -0.40264620996276 0 0 0 0 0 0
-0.200104142661125 21.284712541557 3.1073927781873 0.647064299336128 -0.47547655356801 -0.596011532835588 0.663212877654467 -0.0346070599471024 0.747630196854428 0 0 0 0 0 0
11.0508551509455 14.506378796417 16.4869545842606 0.525960898527926 -0.483420665391231 0.699763890281421 -0.779031866044176 0.0563213274751558 0.62444947027604 0 0 0 0 0 0
6.59295641802068 10.1707043411617 16.1274660015832 -0.0803195056663035 -0.978062947682427 -0.192202086896739 0.606402502964239 0.105089789578431 -0.788182734289653 0 0 0 0 0 0
17.6482041013294 13.0535921374057 8.54317427386068 -0.392833098456811 0.803194895609583 -0.447839339628381 -0.91902811423547 -0.36020394993189 0.160126000249875 0 0 0 0 0 0
10.3483256961259 -0.993871937387234 4.53368838440141 0.767987560075541 -0.593702276918001 0.240234545312467 -0.0879821936794574 0.273740644669284 0.957770892632964 0 0 0 0 0 0
3.00471742371511 8.52075212115423 4.60391680595765 -0.377200213582533 0.923332197059476 0.0719557862043011 -0.912352533233143 -0.383817402159939 0.142467383124671 0 0 0 0 0 0
15.0996166575235 6.66130122422114 14.7909645065563 -0.474962654305192 0.720179476170678 0.505719232121453 0.788342336838542 0.0928361810191956 0.608192145016554 0 0 0 0 0 0
