#t = 1000000000; extr. Ts: 0.0993833 0.103383 0.104383 0.10505 0.105717 0.106383 0.10705 0.107717 0.108383 0.10905 0.109717 0.110383 
0 2.57175e+10 3.21469e+09 1.32481e+13 1.62087e+11 6.08393e+10 3.2481e+10 1.76935e+10 9.83043e+09 5.56851e+09 3.21469e+09 1.89058e+09 1.13221e+09 6.9016e+08 4.28031e+08 
1 1.65941e+09 156644 1.7375e+09 1.3068e+07 4.35402e+06 2.1488e+06 1.08288e+06 557072 292460 156644 85569.3 47658.3 27054.2 15648.1 
2 2.15748e+09 1.14522e+06 4.73095e+10 1.90766e+08 5.42808e+07 2.41001e+07 1.0921e+07 5.04943e+06 2.38139e+06 1.14522e+06 561412 280457 142724 73965.6 
3 2.39045e+09 7.17849e+06 9.71975e+11 2.21005e+09 5.45597e+08 2.20387e+08 9.08659e+07 3.82275e+07 1.64047e+07 7.17849e+06 3.20205e+06 1.45549e+06 673949 317789 
4 2.53113e+09 4.43341e+07 1.92593e+13 2.49663e+10 5.36035e+09 1.97306e+09 7.41343e+08 2.84237e+08 1.11166e+08 4.43341e+07 1.8023e+07 7.46596e+06 3.15033e+06 1.35357e+06 
5 2.70321e+09 2.51583e+08 3.23166e+14 2.50357e+11 4.71839e+10 1.59165e+10 5.47914e+09 1.92415e+09 6.89094e+08 2.51583e+08 9.36052e+07 3.54802e+07 1.36959e+07 5.38223e+06 
6 3.07588e+09 1.11395e+09 3.7392e+15 1.84752e+12 3.10166e+11 9.67916e+10 3.08059e+10 9.99619e+09 3.30592e+09 1.11395e+09 3.823e+08 1.33589e+08 4.75142e+07 1.71957e+07 
7 3.3613e+09 2.99535e+09 2.25694e+16 7.66913e+12 1.16797e+12 3.41249e+11 1.01611e+11 3.08242e+10 9.52304e+09 2.99535e+09 9.58884e+08 3.12312e+08 1.03462e+08 3.48499e+07 
8 3.40356e+09 3.40356e+09 5.23626e+16 1.27916e+13 1.78755e+12 4.92755e+11 1.38337e+11 3.95387e+10 1.1501e+10 3.40356e+09 1.0244e+09 3.1348e+08 9.75019e+07 3.0814e+07 
