#t = 1000000000; extr. Ts: 0.0993833 0.103383 0.104383 0.10505 0.105717 0.106383 0.10705 0.107717 0.108383 0.10905 0.109717 0.110383 
0 2.65859e+10 3.32323e+09 1.35688e+13 1.66801e+11 6.26793e+10 3.34878e+10 1.82549e+10 1.01493e+10 5.75294e+09 3.32323e+09 1.95557e+09 1.17177e+09 7.1463e+08 4.43405e+08 
1 1.63132e+09 153993 1.69754e+09 1.2836e+07 4.28015e+06 2.1131e+06 1.06509e+06 547935 287616 153993 84071.7 46785.8 26530.4 15324.3 
2 2.0828e+09 1.10558e+06 4.53839e+10 1.83592e+08 5.22843e+07 2.32263e+07 1.05303e+07 4.87107e+06 2.2982e+06 1.10558e+06 542111 270855 137844 71431.1 
3 2.31193e+09 6.94269e+06 9.35537e+11 2.13235e+09 5.26707e+08 2.12835e+08 8.77844e+07 3.69447e+07 1.586e+07 6.94269e+06 3.09798e+06 1.40867e+06 652481 307755 
4 2.44768e+09 4.28723e+07 1.86104e+13 2.41417e+10 5.18373e+09 1.90811e+09 7.16947e+08 2.74881e+08 1.07504e+08 4.28723e+07 1.7428e+07 7.21914e+06 3.04607e+06 1.30875e+06 
5 2.61985e+09 2.43825e+08 3.12489e+14 2.42372e+11 4.56925e+10 1.54163e+10 5.3079e+09 1.86432e+09 6.67762e+08 2.43825e+08 9.07269e+07 3.43911e+07 1.32757e+07 5.21695e+06 
6 2.94738e+09 1.06741e+09 3.55276e+15 1.76194e+12 2.96098e+11 9.24665e+10 2.94506e+10 9.56356e+09 3.16529e+09 1.06741e+09 3.6663e+08 1.28222e+08 4.56454e+07 1.65343e+07 
7 3.17989e+09 2.8337e+09 2.12894e+16 7.24306e+12 1.10348e+12 3.22485e+11 9.60484e+10 2.91445e+10 9.00656e+09 2.8337e+09 9.07398e+08 2.95631e+08 9.79657e+07 3.3009e+07 
8 3.19323e+09 3.19323e+09 4.90946e+16 1.1997e+13 1.67665e+12 4.62208e+11 1.29768e+11 3.70914e+10 1.07897e+10 3.19323e+09 9.61147e+08 2.94137e+08 9.14902e+07 2.89156e+07 
