#t = 1000000000; extr. Ts: 0.0993833 0.103383 0.104383 0.10505 0.105717 0.106383 0.10705 0.107717 0.108383 0.10905 0.109717 0.110383 
0 2.6078e+10 3.25975e+09 1.33095e+13 1.63964e+11 6.16019e+10 3.29041e+10 1.79308e+10 9.96507e+09 5.64588e+09 3.25975e+09 1.9172e+09 1.14816e+09 6.99868e+08 4.34032e+08 
1 1.708e+09 161231 1.79653e+09 1.35052e+07 4.49653e+06 2.2179e+06 1.11701e+06 574245 301258 161231 88001.4 48968.3 27769.9 16044 
2 2.18993e+09 1.16245e+06 4.77366e+10 1.9319e+08 5.50094e+07 2.44337e+07 1.10762e+07 5.12284e+06 2.41667e+06 1.16245e+06 569953 284756 144919 75100.9 
3 2.39443e+09 7.19045e+06 9.634e+11 2.20114e+09 5.44137e+08 2.19996e+08 9.07859e+07 3.82273e+07 1.64185e+07 7.19045e+06 3.2099e+06 1.46014e+06 676573 319230 
4 2.48892e+09 4.35946e+07 1.88654e+13 2.45181e+10 5.26661e+09 1.93906e+09 7.28724e+08 2.79445e+08 1.09304e+08 4.35946e+07 1.77228e+07 7.34144e+06 3.09762e+06 1.33082e+06 
5 2.65769e+09 2.47347e+08 3.15575e+14 2.45411e+11 4.62895e+10 1.56227e+10 5.38051e+09 1.89033e+09 6.7725e+08 2.47347e+08 9.20579e+07 3.49031e+07 1.34761e+07 5.29678e+06 
6 2.99109e+09 1.08324e+09 3.6032e+15 1.7882e+12 3.00541e+11 9.3857e+10 2.98936e+10 9.70712e+09 3.21258e+09 1.08324e+09 3.72011e+08 1.30078e+08 4.62944e+07 1.67643e+07 
7 3.23952e+09 2.88683e+09 2.16667e+16 7.37589e+12 1.12386e+12 3.28465e+11 9.78361e+10 2.96886e+10 9.17513e+09 2.88683e+09 9.24433e+08 3.01184e+08 9.98051e+07 3.36281e+07 
8 3.25234e+09 3.25234e+09 4.99828e+16 1.22161e+13 1.70736e+12 4.7069e+11 1.32154e+11 3.7775e+10 1.0989e+10 3.25234e+09 9.7898e+08 2.99607e+08 9.31958e+07 2.94559e+07 
