#t = 1000000000; extr. Ts: 0.0993833 0.103383 0.104383 0.10505 0.105717 0.106383 0.10705 0.107717 0.108383 0.10905 0.109717 0.110383 
0 2.73969e+10 3.42461e+09 1.41554e+13 1.73101e+11 6.49455e+10 3.46615e+10 1.88741e+10 1.04821e+10 5.93497e+09 3.42461e+09 2.01301e+09 1.20488e+09 7.34034e+08 4.54965e+08 
1 1.63085e+09 153948 1.69415e+09 1.28283e+07 4.27803e+06 2.11216e+06 1.06466e+06 547737 287523 153948 84049.4 46773.9 26523.3 15319.7 
2 2.0474e+09 1.08679e+06 4.45156e+10 1.80003e+08 5.12789e+07 2.27867e+07 1.0335e+07 4.78289e+06 2.25779e+06 1.08679e+06 533254 266625 135799 70431.3 
3 2.22293e+09 6.67541e+06 8.96178e+11 2.04522e+09 5.05468e+08 2.04333e+08 8.43113e+07 3.54969e+07 1.52442e+07 6.67541e+06 2.97963e+06 1.3552e+06 627844 296175 
4 2.34665e+09 4.11028e+07 1.76166e+13 2.29866e+10 4.94321e+09 1.82145e+09 6.85107e+08 2.62955e+08 1.02952e+08 4.11028e+07 1.67276e+07 6.93698e+06 2.93041e+06 1.26052e+06 
5 2.48489e+09 2.31264e+08 2.94517e+14 2.28912e+11 4.31878e+10 1.45796e+10 5.02297e+09 1.76546e+09 6.32836e+08 2.31264e+08 8.61314e+07 3.26814e+07 1.26293e+07 4.96869e+06 
6 2.78864e+09 1.00992e+09 3.38066e+15 1.67231e+12 2.8084e+11 8.76598e+10 2.79062e+10 9.05757e+09 2.99632e+09 1.00992e+09 3.46707e+08 1.21193e+08 4.31207e+07 1.56117e+07 
7 3.01866e+09 2.69002e+09 2.0298e+16 6.89303e+12 1.04959e+12 3.06624e+11 9.12895e+10 2.76895e+10 8.55347e+09 2.69002e+09 8.61021e+08 2.80399e+08 9.28763e+07 3.12799e+07 
8 3.06309e+09 3.06309e+09 4.71774e+16 1.1517e+13 1.60923e+12 4.43566e+11 1.24519e+11 3.55871e+10 1.0351e+10 3.06309e+09 9.21888e+08 2.82099e+08 8.77387e+07 2.77279e+07 
