#t = 1000000000; extr. Ts: 0.0993833 0.103383 0.104383 0.10505 0.105717 0.106383 0.10705 0.107717 0.108383 0.10905 0.109717 0.110383 
0 2.49905e+10 3.12381e+09 1.28554e+13 1.57617e+11 5.91659e+10 3.15865e+10 1.72045e+10 9.5572e+09 5.41255e+09 3.12381e+09 1.83655e+09 1.09945e+09 6.69918e+08 4.15289e+08 
1 1.72486e+09 162822 1.83759e+09 1.37586e+07 4.57446e+06 2.25383e+06 1.13366e+06 581955 304799 162822 88684.7 49234.3 27849.6 16045.1 
2 2.22011e+09 1.17846e+06 4.92959e+10 1.97543e+08 5.61258e+07 2.48951e+07 1.12704e+07 5.206e+06 2.45288e+06 1.17846e+06 577140 288022 146420 75796.5 
3 2.47751e+09 7.43992e+06 1.01424e+12 2.29783e+09 5.66788e+08 2.28824e+08 9.42965e+07 3.9652e+07 1.70086e+07 7.43992e+06 3.31757e+06 1.50758e+06 697918 329037 
4 2.62993e+09 4.60646e+07 2.00297e+13 2.59724e+10 5.57583e+09 2.05213e+09 7.70923e+08 2.95512e+08 1.15544e+08 4.60646e+07 1.87191e+07 7.75082e+06 3.26887e+06 1.40372e+06 
5 2.81329e+09 2.61828e+08 3.36883e+14 2.60866e+11 4.91551e+10 1.65789e+10 5.70618e+09 2.00348e+09 7.17341e+08 2.61828e+08 9.73883e+07 3.69017e+07 1.42392e+07 5.59335e+06 
6 3.18953e+09 1.1551e+09 3.8557e+15 1.91089e+12 3.21018e+11 1.00221e+11 3.19101e+10 1.03584e+10 3.42694e+09 1.1551e+09 3.96546e+08 1.38605e+08 4.93102e+07 1.78494e+07 
7 3.4659e+09 3.08857e+09 2.32047e+16 7.89563e+12 1.20289e+12 3.51534e+11 1.04698e+11 3.17683e+10 9.81706e+09 3.08857e+09 9.88959e+08 3.22184e+08 1.06757e+08 3.59682e+07 
8 3.48832e+09 3.48832e+09 5.37306e+16 1.31178e+13 1.83289e+12 5.05207e+11 1.41819e+11 4.05305e+10 1.17885e+10 3.48832e+09 1.04982e+09 3.21229e+08 9.99028e+07 3.15699e+07 
