#t = 658000000; extr. Ts: 0.0993833 0.103383 0.10705 0.107717 0.108383 0.10905 0.109717 0.110383 0.11105 0.111717 0.112383 0.11305 
0 1.04113e+10 1.30141e+09 4.41882e+13 5.19715e+11 1.72952e+10 9.93562e+09 5.81645e+09 3.46847e+09 2.10597e+09 1.30141e+09 8.18161e+08 5.23035e+08 3.3986e+08 2.24363e+08 
1 4.8205e+09 455043 6.16593e+10 4.30582e+08 9.01151e+06 4.76964e+06 2.57508e+06 1.41769e+06 795639 455043 265119 157299 95004.5 58389.1 
2 4.73808e+09 2.51504e+06 1.90356e+12 7.16602e+09 8.46371e+07 4.03255e+07 1.95899e+07 9.70007e+06 4.89398e+06 2.51504e+06 1.31604e+06 700941 379858 209376 
3 4.00068e+09 1.2014e+07 4.22036e+13 9.04758e+10 6.41538e+08 2.78664e+08 1.23424e+08 5.57235e+07 2.5636e+07 1.2014e+07 5.73328e+06 2.78513e+06 1.37677e+06 692302 
4 3.15364e+09 5.52375e+07 8.69638e+14 1.07832e+12 4.64448e+09 1.84257e+09 7.4533e+08 3.07297e+08 1.29093e+08 5.52375e+07 2.40658e+07 1.06721e+07 4.81544e+06 2.21006e+06 
5 2.50331e+09 2.32978e+08 1.48727e+16 1.11807e+13 3.01742e+10 1.09857e+10 4.07697e+09 1.54178e+09 5.93924e+08 2.32978e+08 9.30313e+07 3.78027e+07 1.56261e+07 6.56844e+06 
6 2.10811e+09 7.63461e+08 1.70143e+17 8.25265e+13 1.46625e+11 4.93888e+10 1.69488e+10 5.92375e+09 2.10795e+09 7.63461e+08 2.81344e+08 1.05456e+08 4.01934e+07 1.5572e+07 
7 1.74592e+09 1.55584e+09 1.01609e+18 3.40593e+14 4.22262e+11 1.32917e+11 4.25952e+10 1.38924e+10 4.60989e+09 1.55584e+09 5.33907e+08 1.86233e+08 6.60104e+07 2.37684e+07 
8 1.39242e+09 1.39242e+09 2.35456e+18 5.69506e+14 5.13622e+11 1.52258e+11 4.592e+10 1.40853e+10 4.39272e+09 1.39242e+09 4.48479e+08 1.46731e+08 4.8751e+07 1.64439e+07 
