#t = 660000000; extr. Ts: 0.0993833 0.103383 0.10705 0.107717 0.108383 0.10905 0.109717 0.110383 0.11105 0.111717 0.112383 0.11305 
0 1.07862e+10 1.34828e+09 4.62436e+13 5.38946e+11 1.79101e+10 1.02895e+10 6.02415e+09 3.59271e+09 2.18163e+09 1.34828e+09 8.47655e+08 5.41878e+08 3.52067e+08 2.32375e+08 
1 4.8499e+09 457819 6.24337e+10 4.3348e+08 9.06157e+06 4.79631e+06 2.58969e+06 1.4259e+06 800360 457819 266785 158318 95639.7 58792.3 
2 4.69599e+09 2.49269e+06 1.88668e+12 7.09353e+09 8.37907e+07 3.99282e+07 1.94005e+07 9.60847e+06 4.84904e+06 2.49269e+06 1.30479e+06 695206 376904 207839 
3 3.94414e+09 1.18442e+07 4.16298e+13 8.90803e+10 6.31804e+08 2.74484e+08 1.21597e+08 5.49104e+07 2.52677e+07 1.18442e+07 5.65357e+06 2.74703e+06 1.35823e+06 683114 
4 3.1003e+09 5.43032e+07 8.49159e+14 1.05594e+12 4.55844e+09 1.8091e+09 7.32048e+08 3.01921e+08 1.26874e+08 5.43032e+07 2.36647e+07 1.04965e+07 4.73699e+06 2.17431e+06 
5 2.4436e+09 2.27421e+08 1.45627e+16 1.09257e+13 2.94577e+10 1.07239e+10 3.97964e+09 1.50494e+09 5.79736e+08 2.27421e+08 9.08184e+07 3.6907e+07 1.52577e+07 6.41454e+06 
6 2.05537e+09 7.44362e+08 1.67653e+17 8.10425e+13 1.43466e+11 4.8291e+10 1.65604e+10 5.78388e+09 2.0567e+09 7.44362e+08 2.74106e+08 1.02668e+08 3.91019e+07 1.5138e+07 
7 1.72495e+09 1.53716e+09 1.00976e+18 3.37909e+14 4.1811e+11 1.31557e+11 4.21413e+10 1.37383e+10 4.55668e+09 1.53716e+09 5.27236e+08 1.83813e+08 6.51185e+07 2.34346e+07 
8 1.37948e+09 1.37948e+09 2.32938e+18 5.63913e+14 5.08793e+11 1.50833e+11 4.54915e+10 1.39542e+10 4.35188e+09 1.37948e+09 4.4431e+08 1.45365e+08 4.82963e+07 1.62901e+07 
