#t = 653000000; extr. Ts: 0.0993833 0.103383 0.10705 0.107717 0.108383 0.10905 0.109717 0.110383 0.11105 0.111717 0.112383 0.11305 
0 1.00501e+10 1.25627e+09 4.20882e+13 4.98954e+11 1.66944e+10 9.59419e+09 5.61762e+09 3.34988e+09 2.0336e+09 1.25627e+09 7.89401e+08 5.04352e+08 3.27498e+08 2.16042e+08 
1 4.67693e+09 441490 6.06982e+10 4.21651e+08 8.78648e+06 4.64642e+06 2.50621e+06 1.37841e+06 772789 441490 256928 152258 91847.8 56379.4 
2 4.65662e+09 2.4718e+06 1.91364e+12 7.15528e+09 8.3879e+07 3.99024e+07 1.93532e+07 9.56685e+06 4.81843e+06 2.4718e+06 1.29104e+06 686324 371215 204205 
3 4.04361e+09 1.21429e+07 4.31925e+13 9.23146e+10 6.52107e+08 2.82991e+08 1.25212e+08 5.64669e+07 2.59459e+07 1.21429e+07 5.78635e+06 2.8065e+06 1.385e+06 695196 
4 3.23638e+09 5.66869e+07 8.9269e+14 1.10764e+12 4.76998e+09 1.89218e+09 7.65299e+08 3.15483e+08 1.32509e+08 5.66869e+07 2.46911e+07 1.09462e+07 4.93737e+06 2.2651e+06 
5 2.57608e+09 2.39751e+08 1.5381e+16 1.15244e+13 3.10603e+10 1.1307e+10 4.19588e+09 1.58666e+09 6.11194e+08 2.39751e+08 9.5737e+07 3.89034e+07 1.60818e+07 6.76043e+06 
6 2.16694e+09 7.84768e+08 1.75158e+17 8.48653e+13 1.50718e+11 5.07662e+10 1.74213e+10 6.08893e+09 2.16675e+09 7.84768e+08 2.89201e+08 1.08403e+08 4.1317e+07 1.60075e+07 
7 1.78446e+09 1.59019e+09 1.03881e+18 3.48108e+14 4.31558e+11 1.35844e+11 4.35336e+10 1.41986e+10 4.71158e+09 1.59019e+09 5.45702e+08 1.90351e+08 6.74712e+07 2.42949e+07 
8 1.41781e+09 1.41781e+09 2.4018e+18 5.8071e+14 5.23395e+11 1.55133e+11 4.67801e+10 1.43469e+10 4.47358e+09 1.41781e+09 4.56578e+08 1.49354e+08 4.96133e+07 1.67315e+07 
