#t = 662000000; extr. Ts: 0.0993833 0.103383 0.10705 0.107717 0.108383 0.10905 0.109717 0.110383 0.11105 0.111717 0.112383 0.11305 
0 1.1039e+10 1.37988e+09 4.60352e+13 5.46424e+11 1.83083e+10 1.0525e+10 6.1646e+09 3.67725e+09 2.23304e+09 1.37988e+09 8.67305e+08 5.54243e+08 3.59946e+08 2.37461e+08 
1 4.77553e+09 450798 6.10669e+10 4.23894e+08 8.88121e+06 4.70424e+06 2.54208e+06 1.40099e+06 787193 450798 263016 156286 94543.9 58203.4 
2 4.62202e+09 2.45343e+06 1.85331e+12 6.98931e+09 8.25884e+07 3.93477e+07 1.91136e+07 9.46354e+06 4.77432e+06 2.45343e+06 1.28379e+06 683795 370608 204318 
3 3.92412e+09 1.17841e+07 4.14068e+13 8.87074e+10 6.29175e+08 2.73307e+08 1.21056e+08 5.46559e+07 2.51452e+07 1.17841e+07 5.62356e+06 2.73183e+06 1.35042e+06 679064 
4 3.09539e+09 5.42173e+07 8.58671e+14 1.06262e+12 4.56812e+09 1.81159e+09 7.32508e+08 3.01886e+08 1.26766e+08 5.42173e+07 2.36101e+07 1.04648e+07 4.71941e+06 2.16478e+06 
5 2.45745e+09 2.28711e+08 1.47516e+16 1.10438e+13 2.97022e+10 1.08075e+10 4.00857e+09 1.51508e+09 5.83333e+08 2.28711e+08 9.12852e+07 3.70775e+07 1.53204e+07 6.4378e+06 
6 2.06533e+09 7.47969e+08 1.68176e+17 8.13875e+13 1.4417e+11 4.853e+10 1.66427e+10 5.81257e+09 2.06682e+09 7.47969e+08 2.75405e+08 1.0314e+08 3.92749e+07 1.52018e+07 
7 1.73005e+09 1.5417e+09 1.00968e+18 3.38058e+14 4.18748e+11 1.31791e+11 4.22279e+10 1.37705e+10 4.56873e+09 1.5417e+09 5.28968e+08 1.84479e+08 6.5377e+07 2.35359e+07 
8 1.37701e+09 1.37701e+09 2.32968e+18 5.63433e+14 5.08057e+11 1.50602e+11 4.54186e+10 1.39308e+10 4.34434e+09 1.37701e+09 4.43493e+08 1.45092e+08 4.82037e+07 1.62583e+07 
