#t = 663000000; extr. Ts: 0.0993833 0.103383 0.10705 0.107717 0.108383 0.10905 0.109717 0.110383 0.11105 0.111717 0.112383 0.11305 
0 1.07761e+10 1.34701e+09 4.54015e+13 5.35788e+11 1.78843e+10 1.02773e+10 6.01792e+09 3.58925e+09 2.17958e+09 1.34701e+09 8.46867e+08 5.41399e+08 3.51794e+08 2.32239e+08 
1 4.8106e+09 454109 6.1014e+10 4.26798e+08 8.96341e+06 4.74752e+06 2.56492e+06 1.41304e+06 793537 454109 264715 157130 94937.5 58363.4 
2 4.66927e+09 2.47851e+06 1.89437e+12 7.09663e+09 8.355e+07 3.97893e+07 1.93215e+07 9.56381e+06 4.82388e+06 2.47851e+06 1.29679e+06 690681 374337 206380 
3 3.97989e+09 1.19516e+07 4.18662e+13 8.9949e+10 6.38505e+08 2.77354e+08 1.2284e+08 5.54544e+07 2.55082e+07 1.19516e+07 5.70191e+06 2.76898e+06 1.36826e+06 687723 
4 3.16366e+09 5.5413e+07 8.6436e+14 1.07594e+12 4.64882e+09 1.84524e+09 7.46769e+08 3.08029e+08 1.29455e+08 5.5413e+07 2.41501e+07 1.07124e+07 4.83457e+06 2.21912e+06 
5 2.49018e+09 2.31757e+08 1.48001e+16 1.11201e+13 3.00103e+10 1.09263e+10 4.05508e+09 1.53356e+09 5.90783e+08 2.31757e+08 9.25478e+07 3.7608e+07 1.55463e+07 6.53517e+06 
6 2.09893e+09 7.60137e+08 1.69081e+17 8.20611e+13 1.45895e+11 4.9149e+10 1.68687e+10 5.89649e+09 2.09851e+09 7.60137e+08 2.80152e+08 1.05022e+08 4.00321e+07 1.55111e+07 
7 1.75248e+09 1.56169e+09 1.02159e+18 3.42133e+14 4.23942e+11 1.33437e+11 4.27595e+10 1.39454e+10 4.62732e+09 1.56169e+09 5.35905e+08 1.8693e+08 6.62577e+07 2.38578e+07 
8 1.39786e+09 1.39786e+09 2.36075e+18 5.71282e+14 5.1545e+11 1.52811e+11 4.60901e+10 1.41385e+10 4.4096e+09 1.39786e+09 4.50261e+08 1.47323e+08 4.89505e+07 1.65121e+07 
