t = 53956
b = 20 20 20
E = -0.474891006692039 -0.474891006692039 0
-0.168072720721643 0.889808632554413 0.517024019658825 -0.63249504943563 0.678379181891514 0.373833622200798 -0.705346248212804 -0.703878876147035 0.0839110242815344 0 0 0 0 0 0
-0.40682610686742 0.630200344969786 0.856366862081244 -0.68464144947898 0.580067370624191 -0.441347551310769 -0.705981696148817 -0.678326052498313 0.203625394347289 0 0 0 0 0 0
-0.767334109156849 0.606910740703665 1.16418197812866 -0.261950533161691 -0.114242634126742 -0.958295575981555 -0.682319245845281 -0.680310542640171 0.267615112194244 0 0 0 0 0 0
-1.17520249608228 -0.279677490617562 1.62515085997168 -0.0558502516717513 -0.777801830450575 0.626023202829581 0.853934359933564 0.2876908367496 0.433624420780349 0 0 0 0 0 0
-1.89348496763759 -0.649356502254452 1.05676259844582 -0.490718078445604 -0.290306043741599 0.82153392888693 -0.809497211627342 0.500716225000791 -0.306589899465942 0 0 0 0 0 0
-1.34581260487949 -0.189987701658424 0.257861117493292 -0.320148513524723 0.920810437461662 0.222739875111525 0.416717751102454 -0.0742715580050712 0.905996742023358 0 0 0 0 0 0
-2.03210976534469 -1.14344388686998 0.350822994530405 0.635189173556048 0.278259766181669 0.720490145042035 -0.771005132167512 0.283598997231218 0.570195137779795 0 0 0 0 0 0
-2.28528158144498 -1.14700917676469 0.784630739834097 0.517476590530356 0.854352441334673 0.0479546516059959 -0.795837838632604 0.459928763638713 0.393836731860071 0 0 0 0 0 0
-2.58766043744837 -0.819182768139605 1.0929792228342 0.398102701553163 0.574012753110499 -0.715558097970015 -0.740520185900898 0.661478739009134 0.118640532348727 0 0 0 0 0 0
-3.41698892563697 -0.871512374162329 1.35689371640501 0.755898942611286 0.62582211826921 -0.192258463057617 0.397202753587788 -0.671828752589936 -0.625200701318222 0 0 0 0 0 0
-3.85265298886351 -0.632993040205371 1.39014275206875 0.958679971561722 -0.0970603580560518 -0.267417295319477 -0.215575435237235 0.365519097223886 -0.905495939655512 0 0 0 0 0 0
-5.00673782520007 -1.54125342032289 0.927901467107727 0.532409048057583 -0.836534851080549 -0.129421194061706 -0.159273514981723 -0.24916058050172 0.955275257068446 0 0 0 0 0 0
-5.6525222610105 -0.451102993948961 0.948603302848624 -0.850095040868514 0.512681980139594 0.120396479633178 0.240340456855151 0.581108415004843 -0.777527711177839 0 0 0 0 0 0
-5.64676997634321 -0.470757056928935 0.488913573444966 -0.378785588973919 0.850607022705901 0.364676619316704 0.220221734418841 0.465561353941964 -0.857178446500141 0 0 0 0 0 0
-5.76845268106372 -0.224204000220571 -0.0233864881092626 0.280927130487115 0.733103124835222 0.619386483687999 0.451444542077267 0.468578209812802 -0.759362970626312 0 0 0 0 0 0
-5.70565290060618 0.115071358096063 -0.35081268215842 0.840264283045902 0.0910050111655049 0.53448471448587 0.447611622893941 0.439836468983561 -0.778580474156366 0 0 0 0 0 0
