#t = 53000000; extr. Ts: 0.0993833 0.103383 0.110383 0.11105 0.111717 0.112383 0.11305 0.113717 0.114383 0.11505 0.115717 0.116383 
0 2.63124e+10 3.28905e+09 0.0449686 28.1567 6.16276e+06 2.11988e+07 7.36707e+07 2.58635e+08 9.17349e+08 3.28905e+09 1.19411e+10 4.41642e+10 1.70785e+11 7.77774e+11 
1 7.86114e+09 742072 7.99424e-05 0.0269823 1979.08 6204.72 19744.6 63961.5 212640 742072 2.88806e+06 1.42783e+07 1.04043e+08 1.10959e+09 
2 7.40981e+09 3.93323e+06 0.00411252 0.69103 17510.8 49555.9 142197 414872 1.24222e+06 3.93323e+06 1.43494e+07 7.13214e+07 5.40913e+08 5.65952e+09 
3 5.48241e+09 1.64636e+07 0.114993 10.7956 113182 294683 777119 2.08049e+06 5.70202e+06 1.64636e+07 5.45576e+07 2.46566e+08 1.70722e+09 1.61969e+10 
4 3.39794e+09 5.95167e+07 1.63321 120.916 621632 1.49878e+06 3.65573e+06 9.03424e+06 2.27476e+07 5.95167e+07 1.72108e+08 6.35286e+08 3.48461e+09 2.70332e+10 
5 1.99253e+09 1.85441e+08 33.5079 1357.18 2.95944e+06 6.59323e+06 1.48544e+07 3.38629e+07 7.83086e+07 1.85441e+08 4.6411e+08 1.34084e+09 5.22162e+09 2.94422e+10 
6 1.21295e+09 4.39275e+08 456.834 10230.7 1.00574e+07 2.08998e+07 4.39158e+07 9.33135e+07 2.00726e+08 4.39275e+08 9.95619e+08 2.47333e+09 7.69566e+09 3.46799e+10 
7 7.22818e+08 6.44125e+08 1807.79 36231.9 2.04223e+07 3.98951e+07 7.8757e+07 1.57077e+08 3.16463e+08 6.44125e+08 1.32591e+09 2.77219e+09 5.97593e+09 1.39118e+10 
8 4.61941e+08 4.61941e+08 3575.96 59201.1 1.98757e+07 3.6613e+07 6.80772e+07 1.27744e+08 2.41861e+08 4.61941e+08 8.89839e+08 1.72843e+09 3.38472e+09 6.68099e+09 
