#t = 52000000; extr. Ts: 0.0993833 0.103383 0.110383 0.11105 0.111717 0.112383 0.11305 0.113717 0.114383 0.11505 0.115717 0.116383 
0 1.33836e+09 1.67296e+08 0.00181666 1.2561 309485 1.06919e+06 3.728e+06 1.31165e+07 4.6574e+07 1.67296e+08 6.17676e+08 2.55977e+09 1.62672e+10 2.09693e+11 
1 1.08757e+10 1.02664e+06 0.000283065 0.0671272 3431.95 10402.9 31953.3 99532.2 315307 1.02664e+06 3.5732e+06 1.50916e+07 9.82455e+07 1.05539e+09 
2 1.21664e+10 6.4581e+06 0.0138848 1.92199 35238.4 96722 268967 758708 2.17956e+06 6.4581e+06 2.05723e+07 7.94165e+07 4.58937e+08 4.25877e+09 
3 1.03814e+10 3.11752e+07 0.31871 30.6631 257386 651566 1.66972e+06 4.33704e+06 1.14622e+07 3.11752e+07 9.02343e+07 3.03379e+08 1.38147e+09 9.28308e+09 
4 7.3533e+09 1.28797e+08 7.79986 410.637 1.52314e+06 3.58498e+06 8.54423e+06 2.06489e+07 5.08096e+07 1.28797e+08 3.47193e+08 1.07309e+09 4.29796e+09 2.40063e+10 
5 4.62124e+09 4.30091e+08 118.095 4215.75 7.25735e+06 1.58803e+07 3.51994e+07 7.91654e+07 1.81535e+08 4.30091e+08 1.08911e+09 3.17233e+09 1.18013e+10 5.88201e+10 
6 3.20495e+09 1.16069e+09 1088.2 29340.1 2.66857e+07 5.4672e+07 1.13425e+08 2.38939e+08 5.151e+08 1.16069e+09 2.87826e+09 8.63739e+09 3.4307e+10 1.77273e+11 
7 2.2215e+09 1.97965e+09 5434.28 109539 5.78785e+07 1.12264e+08 2.206e+08 4.40971e+08 9.07107e+08 1.97965e+09 4.91292e+09 1.543e+10 6.50203e+10 3.44269e+11 
8 1.6561e+09 1.6561e+09 16358 208847 6.11237e+07 1.12471e+08 2.10008e+08 4.00059e+08 7.87905e+08 1.6561e+09 3.96899e+09 1.19194e+10 4.71094e+10 2.31843e+11 
