#t = 52000000; extr. Ts: 0.0993833 0.103383 0.110383 0.11105 0.111717 0.112383 0.11305 0.113717 0.114383 0.11505 0.115717 0.116383 
0 4.08033e+09 5.10042e+08 0.00331601 2.23752 600189 2.11018e+06 7.5307e+06 2.76262e+07 1.08563e+08 5.10042e+08 3.39781e+09 3.35614e+10 4.26603e+11 6.14917e+12 
1 1.20784e+10 1.14017e+06 0.000187981 0.0546068 3407.92 10503 32801.1 104025 337270 1.14017e+06 4.2328e+06 1.9133e+07 1.16839e+08 9.45614e+08 
2 1.31577e+10 6.9843e+06 0.00961431 1.52562 34810.4 97441.2 276201 793721 2.32122e+06 6.9843e+06 2.22581e+07 8.01721e+07 3.60157e+08 2.13163e+09 
3 1.01005e+10 3.03317e+07 0.209449 21.865 227916 590114 1.54603e+06 4.10099e+06 1.10377e+07 3.03317e+07 8.65656e+07 2.67558e+08 9.71348e+08 4.53454e+09 
4 6.40133e+09 1.12123e+08 3.72068 247.363 1.21908e+06 2.93674e+06 7.15618e+06 1.76469e+07 4.41001e+07 1.12123e+08 2.92951e+08 8.05841e+08 2.45455e+09 8.93733e+09 
5 3.63023e+09 3.3786e+08 64.3326 2485.28 5.39102e+06 1.20322e+07 2.71663e+07 6.20692e+07 1.43668e+08 3.3786e+08 8.1293e+08 2.03389e+09 5.47279e+09 1.67682e+10 
6 2.18505e+09 7.91326e+08 651.279 16937.5 1.81773e+07 3.78356e+07 7.96038e+07 1.69278e+08 3.63891e+08 7.91326e+08 1.74419e+09 3.91541e+09 9.05383e+09 2.21142e+10 
7 1.32449e+09 1.1803e+09 3393.58 68005.5 3.80342e+07 7.41126e+07 1.45892e+08 2.90061e+08 5.82333e+08 1.1803e+09 2.41484e+09 4.98708e+09 1.03982e+10 2.19041e+10 
8 8.60928e+08 8.60928e+08 7103.68 113599 3.72941e+07 6.86123e+07 1.27411e+08 2.38762e+08 4.51422e+08 8.60928e+08 1.65586e+09 3.21116e+09 6.27749e+09 1.23682e+10 
