#t = 51000000; extr. Ts: 0.0993833 0.103383 0.110383 0.11105 0.111717 0.112383 0.11305 0.113717 0.114383 0.11505 0.115717 0.116383 
0 7.05838e+08 8.82298e+07 2.81202e-05 0.0665482 82213.8 325894 1.30234e+06 5.24761e+06 2.13436e+07 8.82298e+07 3.8524e+08 2.11217e+09 2.09599e+10 3.7302e+11 
1 7.62085e+09 719390 1.46461e-05 0.00754853 1281.1 4377.48 15186.8 53575.1 193016 719390 2.88492e+06 1.38576e+07 9.60838e+07 1.03646e+09 
2 7.90221e+09 4.1946e+06 0.00106043 0.269337 13137.5 39780.1 122359 383571 1.23624e+06 4.1946e+06 1.59123e+07 7.61531e+07 5.2233e+08 5.08203e+09 
3 6.95182e+09 2.08762e+07 0.0339391 5.36549 107984 296895 827382 2.34483e+06 6.82036e+06 2.08762e+07 7.14999e+07 3.06164e+08 1.79725e+09 1.39243e+10 
4 6.26255e+09 1.09692e+08 1.04303 101.789 880109 2.22827e+06 5.71107e+06 1.4855e+07 3.95046e+07 1.09692e+08 3.35673e+08 1.25735e+09 6.38048e+09 4.2867e+10 
5 5.85461e+09 5.44879e+08 19.4852 1414.35 6.37394e+06 1.50717e+07 3.60222e+07 8.71572e+07 2.14513e+08 5.44879e+08 1.48727e+09 4.78371e+09 2.05432e+10 1.21148e+11 
6 5.79575e+09 2.09896e+09 312.422 14591.4 3.41311e+07 7.59615e+07 1.70777e+08 3.88088e+08 8.93471e+08 2.09896e+09 5.14004e+09 1.38817e+10 4.61722e+10 2.09679e+11 
7 5.84254e+09 5.20647e+09 2629.77 83574.5 1.12214e+08 2.36836e+08 5.04647e+08 1.0858e+09 2.36126e+09 5.20647e+09 1.17525e+10 2.79127e+10 7.45994e+10 2.51236e+11 
8 5.84778e+09 5.84778e+09 7361.08 192619 1.60534e+08 3.23099e+08 6.56451e+08 1.34648e+09 2.78969e+09 5.84778e+09 1.24636e+10 2.73921e+10 6.44545e+10 1.76354e+11 
