#t = 52000000; extr. Ts: 0.0993833 0.103383 0.110383 0.11105 0.111717 0.112383 0.11305 0.113717 0.114383 0.11505 0.115717 0.116383 
0 6.12705e+09 7.65881e+08 0.0423274 17.9975 2.00226e+06 6.45085e+06 2.09827e+07 6.8885e+07 2.28279e+08 7.65881e+08 2.65814e+09 1.08414e+10 7.87979e+10 1.2235e+12 
1 1.12659e+10 1.06347e+06 0.00124578 0.172376 4432.43 12673.5 36842.6 109259 333024 1.06347e+06 3.75952e+06 1.70036e+07 1.21306e+08 1.36359e+09 
2 1.19943e+10 6.36673e+06 0.0396792 4.23388 42833.5 111243 293607 790452 2.18906e+06 6.36673e+06 2.04939e+07 8.1862e+07 4.69078e+08 3.90707e+09 
3 9.34663e+09 2.80678e+07 1.20506 68.2906 283572 679102 1.65241e+06 4.10018e+06 1.04652e+07 2.80678e+07 8.32823e+07 3.02745e+08 1.50775e+09 1.02435e+10 
4 6.2988e+09 1.10327e+08 22.9825 851.649 1.62527e+06 3.60923e+06 8.14206e+06 1.87299e+07 4.43313e+07 1.10327e+08 3.03741e+08 1.01942e+09 4.62935e+09 2.84057e+10 
5 3.79734e+09 3.53412e+08 337.32 8408.31 7.58223e+06 1.56385e+07 3.27522e+07 6.99137e+07 1.53446e+08 3.53412e+08 8.9332e+08 2.68371e+09 1.04083e+10 5.23563e+10 
6 2.42626e+09 8.78683e+08 3573.78 60234.3 2.71272e+07 5.21593e+07 1.01721e+08 2.0191e+08 4.11409e+08 8.78683e+08 2.0632e+09 5.80584e+09 2.13527e+10 1.02272e+11 
7 1.57142e+09 1.40034e+09 21214.6 251671 5.97127e+07 1.07555e+08 1.96304e+08 3.64452e+08 6.95374e+08 1.40034e+09 3.16555e+09 8.90203e+09 3.3529e+10 1.61531e+11 
8 9.91292e+08 9.91292e+08 48883.4 430509 5.73662e+07 9.75358e+07 1.67891e+08 2.93552e+08 5.26176e+08 9.91292e+08 2.08556e+09 5.45474e+09 1.92933e+10 8.82738e+10 
