t = 42320
b = 20 20 20
E = -0.243827662380339 -0.552047584635887 0.308219922255549
-6.45873187264861 -3.64208870551544 2.36789178269589 0.84531982613673 -0.118031327322703 0.521059328390023 0.509994548036018 -0.112321577034372 -0.852812596736252 -0.304139219809714 0.295699594632123 -0.377911030034549 -0.271930686210087 -0.36672466642543 -0.370431965135646
-6.03078779010972 -3.47822120449078 2.17585250906892 0.402555524141342 -0.852528622230769 0.33338252216172 0.672770581955115 0.0285715684055329 -0.739299241415111 -0.340842462296595 0.289173101151593 -0.274722405627713 -0.181726320960113 -0.39884224487605 0.513247665894268
-5.59492407583343 -3.5485975652045 1.90659088147221 0.136758916639035 -0.806107780093167 0.575749177845081 0.840301799162046 -0.21338356663095 -0.498357527731698 -0.26834731498073 -0.0525545511731607 0.0718244643820262 0.183718754462273 -0.0243243377187603 0.64706630494147
-4.85750843765259 -3.00528920864773 1.51135516372781 0.569263216025037 -0.575871821062676 0.586780041704481 -0.0549707590129576 -0.73877254443559 -0.67170914206067 0.282175192789747 -0.311334853762367 -0.137225441927642 0.375279147892647 0.363356735489208 -0.090364290532046
-4.49929278155016 -3.23797083816269 1.35904824059674 -0.189446147146245 -0.765358925733651 0.615090002509526 0.439013270766992 -0.626356129247386 -0.644162424942017 0.310079740802138 0.128312884522695 -0.097170244213816 -0.00649902604677203 -0.0922018504492075 0.281110242109026
-4.09505146024302 -3.52696199964976 1.32229872296682 -0.791259301165831 -0.599449016805222 0.120703981348872 0.435368983676945 -0.690894184725255 -0.577164528778609 -0.182688054494412 -0.0560543610767584 -0.441203507473639 0.377411882759669 0.325970523914235 0.364746121277987
-3.28948968352276 -2.83592020961076 0.178281613319631 -0.344329741729775 0.56185803285711 -0.752165114530581 0.597706113484261 0.749011908951584 0.285881861877983 0.259406892612429 0.311685517895826 -0.698978760483877 -0.505510572908909 -0.204253452166811 0.320818610911924
-2.1825296912069 -3.22108543810655 0.638521614324572 0.608728506412442 -0.792100048134652 -0.0450202800107754 -0.167875663488445 -0.0731369395569095 -0.983091293146805 0.592504263615156 0.706999963540042 0.39002104999465 -0.00625086380303781 -0.258274531500845 -0.303712956306116
7.59914003064798 -0.447504363026454 7.48628162861097 -0.766687474814623 -0.268599154650727 0.58313355516923 0.616411746795002 -0.561929369182061 0.551608425282539 -0.270843065307385 0.527395183300308 0.610235191456039 0.0223972811293049 0.32268175977982 -0.594856378349628
7.93428053270343 -0.91059251082428 7.83606244410725 -0.924180643585439 0.0347611467724139 0.380370411943304 0.167993405455513 -0.857363939837974 0.486523587245536 0.341310432461092 -0.239513379523086 -0.302617913019314 0.0755372691404848 0.104685013677205 -0.0225376542974258
8.0051918899218 -1.08174388372803 8.30976296550085 -0.88501319137218 -0.340197152843597 -0.317832328478696 0.162176895455021 -0.865193425128067 0.474487929645541 -0.285067086473879 -0.328754026290151 -0.0462087351213912 0.107829017794008 -0.415227523180036 -0.102457103154703
7.7923950685298 -1.48197509580796 8.66808716863823 -0.293194114372753 -0.319437727837461 -0.901108547047031 -0.0216903858560953 -0.940064865284447 0.340304917855457 -0.157449889192354 -0.140075962311974 -0.124568782012674 0.0434784904978431 0.164023292669274 0.0866861967733853
7.55189126518678 -1.95359989804689 8.70088214639983 0.445788385485478 -0.248954030829473 -0.859822349103765 -0.0365991903034393 -0.964812871803346 0.260377653567876 -0.278729745092411 -0.404584074479635 0.128790664020807 -0.160002098881506 0.440463181889784 -0.537036598500589
7.33565647896564 -2.29045786517515 8.6014689179834 0.92323505770676 -0.335385495463355 -0.187492596918347 -0.237982546457882 -0.882222624722819 0.406260289565254 0.00857492831861071 0.427093047205109 -0.0252375779728703 0.156035594907922 0.0312403201755954 -0.111970491315745
6.97296170991871 -3.13242996151959 9.24945059323803 -0.43287904746223 -0.320579084208991 0.84252279512847 -0.778699200347121 -0.337873897404396 -0.528647902465425 -0.918269201284893 -0.129595369550575 -0.207632702709956 -0.290370006577813 -0.00184861984245374 0.341124720880478
6.1934620369322 -2.68128251031389 8.45125136683336 -0.836995622450379 0.30337544724113 0.455413574117035 0.50957532158297 0.735427801331213 0.446630432885602 0.365422474114295 -0.196511972031335 -0.134393133701074 -0.15297529652746 0.318925672028579 0.251760314095407
