t = 43068
b = 20 20 20
E = -0.153050145977957 -0.455314291977658 0.302264145999701
7.28154162159506 -10.5428500781627 10.4749673486636 -0.439165599219401 -0.501047212656499 -0.745711192103219 0.466114340851672 -0.836657156061075 0.287649394693474 -0.0107619096571783 -0.139243007574908 -0.284333540089619 0.0862717922250602 -0.106314185541178 0.202476088664856
7.20739101745883 -11.065837624561 10.5869807434626 0.220357468502702 0.0318922383051009 -0.974897609739026 0.679643362720921 -0.721930528362102 0.13000390741925 0.0629019753863005 -0.0760195342254721 0.176287416090797 -0.117840796717213 0.561404670794871 0.181970304943919
7.21872196082898 -11.5820303168956 11.4984843534394 -0.127628823045155 0.400477090518343 0.907374689351843 -0.77593421913182 -0.610145357762054 0.160151753087553 -0.116598175141388 0.449002937166962 -0.580502593752107 0.459675006059626 -0.145632559362266 -0.290329162096731
6.242108833615 -11.5948756984161 10.0744299224931 0.0179885015517847 0.360110198369612 -0.932736240199003 0.381514995471378 -0.864774528855695 -0.326513794260615 0.476994056100459 -0.290966234320868 0.169653517580869 0.470083794157661 0.558780053133543 0.201653033560724
6.10207789130763 -12.0373069644335 9.78820679117754 0.241695108876429 0.717906529626396 -0.652834988274954 0.519150535254518 -0.664064304355973 -0.538053176533702 -0.260659053420065 0.263367616673675 0.25220153889532 0.42052669846014 0.164557059121496 0.0184047738175885
6.11814669969835 -12.3091407673875 9.36270541514231 0.598002722906906 0.799548779812311 -0.055806423902759 0.625112042324037 -0.508847938935285 -0.591868685652928 0.351709797874692 0.212477721384098 -0.0800848881492761 -0.170524535338058 0.178641155185229 -0.00157716185424266
6.42290033602415 -13.4122558255116 10.2032459222268 0.313169891365116 -0.931903275038676 0.182977596375013 0.320905339233092 0.285175124369285 0.903158239023861 -0.693176599400989 0.126924294697035 -0.323232216635286 -0.426826621137088 0.261257767423202 -0.15142177892979
7.28874407831146 -13.5330797958194 9.78434384435115 -0.424045968414131 -0.375525291614251 0.824115051924013 -0.56345792366198 -0.603014732558699 -0.564701847386248 -0.30833297047626 -0.480285091773551 -0.614503081521202 -0.0182920398506368 -0.0872852513925153 -0.307299487252248
1.99351036212676 -2.35069976097254 13.1227363268043 0.967050005685065 0.0546574817998198 -0.248649677944784 -0.0104866349697512 -0.967301018332627 -0.253413993042406 0.481876838628184 0.243631316924223 0.280191336288076 0.482462065850223 0.176568219153495 0.199191102707614
2.27172338079464 -2.72669917575582 12.7446969202833 0.810098790269384 -0.0518433120384328 0.583996641242143 0.118215058070802 -0.961181142277776 -0.249310839137619 0.22287246375983 0.30100309575537 -0.331684048753937 0.722677881117589 -0.0529706830413007 0.203294707541781
2.61867609198434 -3.09240576288498 12.5347159872223 0.282739294363115 -0.0907434739381816 0.954894771176797 0.0469666143610856 -0.993011139866553 -0.108272230504412 0.0286698285018886 -0.615982633784724 0.411557226270726 0.203466409157797 0.00750243545505061 -0.265134497956427
3.01284836712045 -3.40284785045447 12.6437947388998 -0.703752436463635 -0.447159671662382 0.552069429059905 0.372973050642738 -0.893918263149826 -0.248598308620484 -0.209460849117905 0.56261261792176 -0.0236874611356924 0.355313389522354 -0.286190201804609 -0.420981551166664
3.26776152111602 -3.71734103973378 12.7786595551121 -0.867265196141662 -0.430166659503876 -0.2506144284192 0.49694833547866 -0.778234597849024 -0.383918016637399 0.236981891999412 0.338904120190221 -0.15348866858078 0.262173999030204 0.0593092780863428 0.170619909840527
3.33123269250713 -4.23557978421728 12.8185079515741 -0.703963636691016 0.108037268329466 -0.701970818136069 0.174882385542113 -0.931564930896605 -0.318751940999608 0.235476100670407 0.835918266428276 -0.393624599428549 -0.153784384484228 -0.220984108514716 0.318443836603297
3.59742937392765 -3.99758930390622 13.1574823372601 0.684160858662789 0.725387040724668 0.0757458941988434 0.35150822870235 -0.418953358894227 0.83720955072236 0.135189949344283 0.0589810736195594 0.166121768924988 -0.582702588252806 0.351582587680097 0.153559599714953
2.84217320624316 -4.34258621725874 13.9318325557877 -0.718023517633379 0.52103411508844 -0.461481904064932 -0.510209639887479 -0.844997870172343 -0.160201759170098 -0.223502124310843 0.0880417321880051 0.284074343186173 0.138068748714998 -0.0259336677162481 0.180597363234556
