t = 456240
b = 20 20 20
E = -0.280104617445714 -0.65867426570973 0.378569648264016
-329.80120223798 -306.291898237779 171.427022142048 0.318028832727017 0.755277009549084 0.573074291680836 0.811769735381157 0.0953376849061093 -0.576142715308217 -0.101928761703404 0.15638376094227 0.0866814509873882 0.211081410848446 -0.414880444470028 -0.185579439204036
-329.514979313035 -305.93819118785 171.198049809935 0.611170282826706 -0.0693446748116311 0.78845552298612 0.783140620930075 -0.0914075740578997 -0.615089706467483 0.0444629388447382 -0.210929574218252 -0.130273068026511 0.00511699108797263 0.0310101982348523 -0.499521610187213
-330.176456567905 -305.404950932758 170.231364421437 0.225812525988794 0.925435443291726 -0.304265957520487 -0.0558591062569642 -0.299519075825091 -0.952453659044854 0.132884999234334 -0.0881355167585721 0.309641295521402 -0.36974621875481 0.212237439438586 0.0486645040072228
-330.392366967599 -305.357394372198 169.763751369167 0.815173786230072 0.567941930875836 -0.113725832909257 -0.0231490918659559 -0.16424206840615 -0.986148347113236 -0.549624886857328 -0.871783130671899 -0.239997529340033 -0.0614146558341813 -0.373833210033831 0.287429587584118
-329.965003462106 -306.348601082018 169.414676027087 -0.664154062496691 -0.725821213834801 -0.179116739058278 0.461914295586891 -0.210020638596891 -0.861699690108835 -0.143707235248403 -0.338154617093115 0.154576631996665 -0.297642645019692 0.0127804010567813 -0.207272725161951
-329.805002546173 -306.67155746591 169.203798697827 -0.688821567256205 0.412463826086786 -0.596152863751418 0.539882140726605 -0.256932248790789 -0.801569101325371 0.0724083691665301 0.0447013032349501 -0.0488648196044923 -0.290186967394029 0.249254396274961 -0.2761317786483
-329.856316907198 -306.941341421277 168.827791020078 0.141685730540482 0.9101280690343 -0.389348197454576 0.393478601638796 -0.412689002926238 -0.821499990105997 -0.375299908149447 -0.346694658652743 -0.644131385531606 -0.0374045010445898 -0.228899207864043 -0.446766433708797
-328.772758588273 -307.657524450754 168.676391345152 0.614643128269431 -0.0199643434857906 -0.788552567707002 0.550735915087712 -0.704821813571531 0.447119706007236 0.412064241156317 -0.280500616580908 -0.0577206747304652 -0.375691157795393 -0.236947933163967 0.121709172025208
-247.551161633108 312.293451093465 107.696885170389 -0.118974952435963 0.531322778978359 0.838773446911489 -0.566830772996756 0.657238035361124 -0.496730296976066 0.156512759775998 -0.350421790413719 0.360273323135795 -0.0645655923324227 -0.995163754557414 -0.464861862458114
-248.006809632427 312.574404930651 107.71154200896 0.501418192150165 0.620734737927439 0.602717236191983 -0.471953963890419 0.780081983273003 -0.410769285845332 0.266764710672407 -0.14251193890739 0.168133006635698 -0.730179012303533 -0.442044396852808 -0.334253416861156
-248.347295555132 312.978055376714 107.648869229778 0.925832005209481 0.34500265481547 0.154298957638915 -0.19901932899035 0.792131778993269 -0.576990829837018 0.557147797661679 0.290720773699762 0.251154418467945 0.835838155670312 0.0866577129388202 0.255963492093302
-248.361733089849 313.6701909392 107.051744561883 0.410974935191736 0.627828573238271 0.661007388177562 0.501901490321646 -0.761112230792821 0.410856302663793 0.00781262415745831 0.489196747610037 0.633683538030939 0.24971885116916 -0.488866525979946 -0.281346732931388
-248.231272944423 314.014929000327 106.459151968761 0.785086924732674 -0.527418135106695 -0.324759080134365 -0.611698977047852 -0.742566642515451 -0.272798098413185 0.0674250863725959 -0.0725730327642002 -0.0699446775806445 0.563175604654286 -0.363478481048257 -0.473610726658843
-248.397438270786 313.698864676799 106.076995597374 0.615651630791815 -0.530669148959098 0.582548875912073 -0.655928031140222 -0.754802374595553 0.00561815728157641 0.258132104561737 -0.321689422285914 -0.416943364634707 0.537079175982753 -0.435928229951931 0.253169045108283
-248.393222299452 313.232445033745 105.960161522857 0.00938798047415087 -0.162101610201355 0.986729371580773 -0.527479739341525 -0.839118769424316 -0.132833317575715 0.148436825677553 0.717535883344823 -0.318499796948292 0.137212331219911 0.664083548633981 0.499776103898734
-248.299624454712 312.790857971625 106.063766314574 -0.789756864982601 0.109261166207643 0.603610650257581 -0.324579000377253 -0.909404362050023 -0.260061552669722 0.369662278840772 -0.0525329342246017 -0.372362760017401 0.135248542541044 0.116876997813847 0.0884715843126278
