t = 2423261
b = 20 20 20
E = -0.366000881867226 -0.637462187361579 0.271461305494353
175.351048340133 45.084387153639 -16.8020997818096 -0.965078743258535 0.214542595841724 0.150314520382075 0.227251863679791 0.971095173884272 0.0730113866485866 -0.663254205233221 -0.0269796612069246 0.471208671108225 0.388410145274761 0.0876760756319615 -0.0103387579318665
175.249212520004 45.464998088204 -17.0220303222196 -0.469837058432646 0.162484404244625 0.867670441545382 0.334295130771547 0.942457412322472 0.00452895120390774 -0.209056743293655 -0.0913807860103581 -0.012562900491672 0.349191405829029 0.201071915931558 0.193392719634345
175.152933895401 45.9138621265797 -16.9916658698983 0.29811969063142 -0.115075212956292 0.947566545147233 0.176436117006864 0.98224371738133 0.0637768896748116 -0.283670511731545 0.297270355556637 0.0366056977172053 0.0625972868501968 0.109286574844332 0.438370659043893
176.266697355757 46.3883968361503 -17.0560941571979 0.781624452487569 0.409373701007862 0.470612533028129 0.521849687336532 -0.842465391377377 -0.133883486524381 0.129446718291309 0.327409222713874 -0.601227962820842 0.268372558519894 -0.107217440884744 -0.224703794267992
176.902639358766 45.5216547081315 -16.6728363473005 0.787633846590531 -0.293458681983086 0.541770209923307 -0.616140459823497 -0.377939051311443 0.691037575765869 -0.0261120320263198 0.440642170615541 -0.160310685025591 0.00165352872953195 0.402695083228661 0.169754764490677
176.510877633946 46.8801990233867 -15.9652763364883 -0.157134938459822 0.977137737165761 -0.143214344261915 -0.973407277813046 -0.128765824111678 0.189466420807253 0.145822220170928 0.32624739024998 0.0138636484163388 -0.0757205334084167 0.216271622159946 0.369519611906176
176.753349442274 47.0811036345018 -15.2624256459992 -0.0731114332855771 0.873028217729622 0.482158036407951 -0.984215454037948 0.0149667846432229 -0.176340278391933 -0.147205256325409 -0.325537488683358 0.307135346063667 -0.0684343024453178 0.0232509851107365 0.448856491505665
176.205953891196 47.0006503077382 -15.1922157468011 0.199238653458019 0.927977409346217 -0.3148996635671 -0.938553905153837 0.0882891151738477 -0.333648812402847 0.341267512922894 0.721510995497916 -0.271082667826541 0.26956668140451 -0.203651485967856 -0.00212086672551746
-342.030884751663 -133.176644328384 -56.6541208922666 0.9193943092025 -0.145284823055379 -0.365521972310034 0.0504148541281314 -0.878093429141681 0.475825739636408 -0.384306021818099 0.515798126032609 -0.103937899784209 -0.395575838543265 -0.328064794839998 0.0752992182589813
-342.153846491017 -133.666712312351 -56.8550188826962 0.983041165385914 0.0288199963387722 0.181105881772 -0.0239795683533899 -0.958892965726686 0.282752746658714 -0.19082474595449 0.0776497775149256 -0.608143391092824 -0.124742845132303 0.0510671257644942 0.0270068709173803
-342.000810389781 -134.163376428129 -57.0199768126129 0.652537744158944 0.16152946065212 0.74033955693889 0.203404291970967 -0.978496923580808 0.0342101076249733 0.283090265375477 -0.396006105895504 0.628512186956173 0.0486486625785059 -0.51601282473649 0.0237066038316102
-341.713943529731 -134.53130957379 -57.0472782554855 -0.226617259902199 -0.146259346455922 0.962939623172087 0.162092409211507 -0.980536846169183 -0.110785497245716 -0.272440320957247 -0.205287423124469 0.525493817138585 -0.087809572837392 -0.225939265711997 0.446130770450701
-341.408287687601 -134.814760762658 -56.9766182324766 -0.849358749828289 -0.345599629390934 0.398936678357104 0.312964610824655 -0.938381926719757 -0.146602758700597 -0.138696453932758 0.136678094147486 -0.0894306520170386 -0.409691355643671 -0.133343489001274 0.191254717314304
-341.218248166179 -135.155055465017 -56.6526160876917 -0.811680490018236 -0.481357112196337 -0.330862595910853 0.481001693022526 -0.872198993695415 0.0889176385768513 0.221580503965794 0.0118173025733945 0.340785927252428 0.0497200319086039 -0.0342021392351503 0.103996398720713
-341.282896459022 -135.482122796346 -56.3856639241428 0.153401684075097 -0.525765711574744 -0.836682937614921 0.57633029601048 -0.640178866500623 0.507951135631051 -0.367588463066034 -0.250555268226485 -0.353074200956458 -0.227358298986419 0.328835171276729 -0.235687361666432
-340.949177969284 -135.858396936648 -56.274662854398 -0.196030860952309 -0.28517366676852 -0.938215216729655 0.550297467255807 -0.823908790790416 0.13545061438979 -0.0420169961244103 -0.599867390355219 0.398674318940892 0.298726631620387 0.0384336857795024 -0.5998776273654
