t = 1258011
b = 20 20 20
E = 0.0272124375302779 -0.324155030241455 0.351367467771733
-409.681238640441 -425.032272816081 211.133465181387 -0.0183232608903353 -0.743101665346204 -0.668927491581482 0.999480776294308 -0.0313470124718725 0.00744517446434204 -0.171446897110829 -0.409346717572068 -0.0233608635323474 -0.160864747438815 0.401662028722962 -0.23007182316407
-409.301526300628 -425.339778772736 211.201231629694 0.0460240568869166 0.0491996937964915 -0.99772796436688 0.998077455941004 0.0392392009111602 0.0479751578942264 -0.0969035034656835 -0.168752201259737 -0.277085489485627 0.361897992469237 0.205120763877731 -0.472364627448992
-409.149368177589 -423.992464272674 211.936923337591 0.809576315826774 0.185322888994778 -0.556993185440031 -0.539250605039433 0.609695979664298 -0.5809297062039 0.448697344271878 -0.0426375137049586 0.076975234243742 0.126437043537857 0.231034751159585 -0.187077146378526
-409.222229780397 -423.603050605687 211.760566442056 0.211805354021841 -0.584263611628226 -0.783437541215237 -0.596638851742816 0.557604249345027 -0.577147656977849 -0.138448547014213 0.0886223162512003 -0.122938989631046 0.3366411638173 0.241796938723599 -0.244879014550775
-410.136762139867 -424.564709354869 212.687090302939 -0.305675716687644 -0.865274654157269 -0.39731859139159 0.894203383477055 -0.404224285999127 0.192361404510419 0.298009769212581 -0.0148400765527915 0.41010561669283 -0.222490141406043 -0.0804214729294603 -0.603536699066316
-410.412912985145 -424.782597001033 213.275670673218 0.0564129323722827 -0.969791190120922 -0.237323532115765 0.930794638134957 -0.0349010022385615 0.363872363553195 -0.47823149295778 0.0842380694017934 0.317420323768474 -0.0712185486161265 0.397763331850017 -0.0292152915071443
-411.263435667371 -423.993662885999 212.948653170416 -0.877753751442263 0.317191774874739 0.359078920845405 -0.262364092117269 0.308889088700631 -0.914194976402825 -0.246091217986436 -1.08042732375715 -0.746487150075764 -0.206785127960243 -0.309870315801456 -0.0799341512052416
-411.467095025351 -424.135551208598 212.499958121677 -0.449726141271842 0.854619658095183 0.25956044719396 -0.288273482238662 0.136167735476434 -0.947816789195346 -0.544806168682934 -0.188474637323446 0.0700285147357617 0.251693367170054 0.409053945938523 0.500801951294913
-311.541627452036 435.39314231356 132.753910928664 0.526590112633573 -0.300727524294924 -0.795151373378254 -0.705865835167075 0.366590981992131 -0.60610590784952 -0.271432007513838 0.0599544990431007 0.104664454635925 -0.14327587346393 -0.344922993228111 -0.0186593463090204
-311.886400146913 434.506233195377 132.472836837503 0.871547267829508 -0.0400344752623901 -0.488674187672124 0.490258063060391 0.0858461273147899 0.867339236741631 -0.453889864459941 0.0267125210311998 0.0668301498596085 -0.257697367243822 0.295529153282363 -0.466619399817156
-313.19227493114 435.628192130035 132.603941577614 -0.691888829840439 0.23029529481069 -0.684290697198744 -0.611188035377115 -0.691372751343519 0.38529573343639 0.138745212325996 -0.1226416825946 -0.313623560695044 0.345549297683992 0.000584431895580138 -0.109426381054707
-313.612817284791 435.595502042742 132.798808355985 -0.365320021648334 -0.262479096875981 -0.89311020646927 -0.816194450448892 -0.371031572306818 0.442901847133242 0.130464586938013 -0.0114152519097897 0.987643318465998 0.190285665881823 -0.692079932703973 -0.499660393771546
-314.248151634133 434.602473780715 133.014756264069 -0.706822516377171 -0.693947264981154 0.137254767797281 -0.569545483780301 0.673350076686221 0.471399546295004 -0.0594315865739854 0.68577835502553 -0.141731728260793 0.0834425489242431 -0.267421253638853 -0.329671005352346
-314.612351290726 434.904261093324 132.983121413006 -0.020234539951428 -0.571873114356426 0.820092438443579 -0.447098326023419 0.738848663034843 0.504188094256772 0.26146845160213 -0.378381658938474 0.113248812028529 0.112711282225346 0.189682465190044 -0.160914595340973
-315.141782614755 436.008081654253 132.639530920663 -0.913386644351448 0.386790547294473 -0.126955807422015 -0.379745184945387 -0.697159828703151 0.608080276705823 -0.464746313248537 0.75273921809831 -0.032115851890212 -0.136157488571386 0.283528153529852 0.604399652551003
-315.110810720426 436.286109946341 132.183472837215 -0.876236057190312 0.367027673967222 -0.312251345749635 -0.25086043146725 -0.900687121104899 -0.35472754746217 0.0608160543179086 -0.741893497734526 0.21093326341395 -0.173567889322526 -0.0288357597810586 -0.301943159339876
