t = 1007559
b = 20 20 20
E = -0.39417464893002 -0.684299914756724 0.290125265826705
-26.0389036560359 272.222426946996 77.3414976967237 -0.0561292427457316 -0.786485103170076 0.615053271035355 -0.544616476070943 -0.492188168011554 -0.679075494921392 -0.175901883511974 0.139060108396101 0.432407732656992 0.396994018616559 -0.128392762604361 0.0960900847886712
-26.0313939533024 271.7922095964 77.0886218354141 -0.710550769287852 -0.291015517543322 0.640646098885848 -0.417861097288679 -0.558022535888992 -0.716939901777457 0.709670933156079 0.14816567957743 0.189788493420461 -0.295170302565008 0.306403957711652 0.130294173058067
-26.2150714862075 271.325585471332 76.8287404561896 -0.783353403252028 0.231092698809257 0.577021283823009 -0.528963378462568 -0.735362088210857 -0.423603894860422 -0.657948557180438 0.296302709884042 -0.141065391709776 0.192627830494992 0.404499614575979 0.463140650385324
-26.6942438732552 271.296069238216 76.4287564383077 0.183919658754344 0.749089640574097 -0.636426153750737 -0.331002391951487 -0.562456258994582 -0.757680895378162 -0.307777749129555 -0.259704660723947 -0.29429949589675 0.0283301220805336 -0.0984368252451608 0.0411365428100614
-26.1375099980845 270.225781849484 76.0520364707285 0.11934492724467 0.340204526816221 -0.932747347707257 0.0375944883889377 0.937239621132946 0.346653214856125 0.439328720620953 -0.0136449412784199 0.609431484788968 -0.485108541458748 0.22081255086017 0.12680519967897
-26.5716026625816 269.042140748576 76.1746705114369 -0.669237105532682 0.00384677849724192 -0.743038848420572 0.738570210322524 0.113070505426109 -0.664626957111351 -0.275002034846712 0.725895058733608 -0.203724945886895 0.158643563176432 0.408783824297942 0.252185036657372
-26.2573914162319 268.846319690721 75.9835854880368 -0.580265713582914 0.677617648713655 -0.451802851198009 0.653212256366901 0.0558964145886733 -0.755108750569355 -0.271737826447649 -0.201927169115435 0.201279383586464 0.0969916739243188 0.568653342870227 0.0827056475150751
-26.2354513585135 268.80986262717 75.4917127980478 -0.0864047264649936 0.99469111297096 0.0558896588547798 0.758698221903519 0.102056379462118 -0.64339838531647 0.169493717726275 0.316252832045054 0.318697857182477 0.29415175505091 0.00163752667793585 0.190529790261005
95.8352600887952 170.118694028237 -63.4273687982404 -0.473334341100538 -0.3036587248957 0.826889154299834 -0.880685983921346 0.182965366150691 -0.436938823045494 0.101590076948951 0.077690296420694 -0.660363590285947 0.0386868469335276 0.177993899922547 0.0945735180545368
95.46041550218 169.892763241761 -63.7021885994387 -0.351873061343059 0.520063702493713 0.778279485583469 -0.816927690764194 0.235280500198802 -0.5265662904725 0.238559594509074 0.180725867193485 -0.351255430083817 -0.542655630095972 0.249463759898563 -0.168075635173202
94.9726676819623 169.927635837287 -63.785254452096 0.122099752148312 0.769137032225638 0.627311654133552 -0.830047298063669 0.425656351489704 -0.360330534690299 -0.0278431557326633 -0.126774938167179 0.170843276305461 0.159219004622484 -0.291314666602354 -0.00742314656332438
94.574356215492 170.002797596646 -63.6469440666637 0.309767340145639 0.93771521434796 -0.157271354357434 -0.842688735705898 0.194152302114578 -0.502175759487717 0.0584686828680255 0.150746394567233 -0.460938077403805 -0.341606860937019 -0.231047607443226 0.155040460011405
94.8348666902011 168.521573622658 -64.4276791754117 0.527864805008443 -0.0680875182930086 -0.84659476597433 0.794080461884583 -0.31407035067533 0.52038044494409 -0.440602688196959 0.189590441841567 -0.275460036550873 -0.121080592150403 -0.17188825792491 -0.122945967820708
95.1651070686636 168.139532220381 -64.318506124791 0.637685526858818 0.612284503604223 -0.467401967438835 0.711953851616599 -0.236836819287237 0.661082306672143 0.388798559968748 -0.129580196910648 0.509958063028301 -0.180742155333764 0.525307515606742 0.780552549664941
95.5517229759345 167.913229487998 -64.1231025935938 0.122655436551099 0.984312403773501 -0.126824910506432 0.768897877183251 -0.0134502016123903 0.639230001574764 0.43724797425169 0.329689800387892 -0.311152461752951 -0.187043804527596 -0.199855054494999 -0.147641876388494
96.0760586519986 168.042143260815 -64.069532936974 -0.413957405710211 0.755994418792061 0.507061736223574 0.750815590046382 -0.0313970403084106 0.659765151649222 -0.00880954549027586 0.227599534691942 0.212021744095369 -0.253179602218357 -0.45375283625021 0.146853558808322
