t = 1978400
b = 20 20 20
E = -0.361718721484389 -0.62752887195109 0.2658101504667
-521.674186969255 -519.477099838771 315.558522476628 0.88106485625483 -0.428160217712513 0.201006006679647 0.465163379703004 0.861356811529754 -0.204174873441251 0.1795014631751 -0.0393398062241933 0.170837399717969 0.294278920409278 -0.80295084543819 0.214108745710709
-521.355527549601 -519.113901897908 315.729012742839 0.636721863646021 -0.579851530968218 -0.50828871487731 0.64179741615232 0.763899030454914 -0.0674842106357019 -0.358791594283405 -0.325794402116107 0.232400810894645 -0.197187426123603 -0.0675427190801241 -0.318307535069983
-521.421819942883 -518.904914044053 316.508180478482 0.244650586492041 0.0367671594077365 0.968913891815419 -0.724985739708222 0.670487054991657 0.157615953146933 -0.0572876136174413 -0.436529759504329 0.196033196228917 -0.0737884436409044 0.458794641976644 0.00808292255864304
-521.903322893357 -518.815417110331 316.833832699222 0.720208391580431 0.339549580233801 0.604984037098095 -0.6321310939416 0.680490520732252 0.370598048899032 -0.19314305815971 -0.101423338340896 0.0422351474623049 -0.0580470723396841 -0.2578158981168 0.360165188413507
-522.227170474929 -518.623694248381 317.155608341162 0.791447199399755 0.597910620209023 0.12694102899237 -0.575983878482199 0.66002908753048 0.482290403294961 0.161806944807994 -0.599463090829576 -0.684768573942269 0.03489275757946 0.190848713767755 -0.232305431913798
-522.28239089433 -518.331736651915 317.522224508797 0.390858115463968 0.705790899172028 -0.590837606005379 -0.564769569679892 0.690758719903678 0.451539278531769 -0.0500500290472794 -0.182080050052255 0.169786206468191 0.107949386457899 0.153350816720867 0.158586098045947
-522.171452684434 -518.010272393867 317.797743996999 -0.407632430874616 0.532517962931225 -0.741795376862715 -0.52236799739204 0.530316518685806 0.667754426869471 -0.307614862461113 -0.187791395250665 -0.186148967232557 -0.393375801696821 0.00813721208698249 0.357577928797269
-522.17061036805 -517.525954117168 318.062299778887 -0.860421084494369 0.0433200693695196 -0.50773893072341 -0.392603770804806 0.578850511384795 0.714698767033776 0.0107523682120572 -0.157916979082963 0.192648506229052 -0.374511501782733 -0.236422632407589 -0.209308264018065
-383.483585703216 562.383777081023 218.503219917435 0.926922928042589 -0.138048937925896 0.348936032645205 -0.205194671348846 -0.965001228546623 0.163302620503852 0.25818399834112 -0.109261041109921 -0.135198187262236 0.103690496243505 0.237058982189578 0.146168149426569
-383.359628600082 561.973661384663 218.470031866587 0.370517172909206 0.0926540991315577 0.924192687740182 -0.169788818284851 -0.971489969255294 0.165465739889599 -0.252820377527886 -0.261697734944454 -0.147385620068732 -0.106007407190353 -0.30820445192566 -0.0899730653577957
-383.352259177521 561.454767389891 218.640000705777 -0.334334401423718 0.491877606344515 0.803913422224399 -0.279248966141597 -0.866397959777281 0.413973994308119 0.479780356962418 -0.0861983238198282 0.452389892666166 0.428085440969152 -0.343220369312797 0.150250364383344
-383.361699979456 561.048562164125 219.016423023935 -0.873779495764747 0.472488346671504 0.115169630262941 -0.407200321075637 -0.840285348560915 0.357922230289765 0.209960401086006 0.598129850723659 0.473686371990511 0.0514819926999802 0.264020541713399 0.800760195622931
-382.859832455813 561.186740946519 219.546814752142 0.613960093591368 0.20556824827716 0.762098799115547 0.771349185636927 0.0486922666253131 -0.634546550625869 0.346428315676371 -0.109571730059228 0.104104040558342 0.025775150284769 -0.156297804658445 -0.0426520469399891
-383.616521369545 559.82645881327 219.127343735166 -0.924216178121647 0.0338225667461523 -0.380368662562756 0.186045368328166 -0.829979051837259 -0.525853366711923 -0.0681691631004527 0.58377858886148 0.52694067602319 0.0580435176050771 -0.44405699667438 -0.0870311991674378
-383.658986519635 559.388044665124 219.228158033858 -0.562392977327144 0.268847286673549 -0.78194319892114 -0.292820813762097 -0.949137964055262 -0.115728042802427 -0.314293588990082 -0.213050240886273 -0.0825667780147878 -0.496189419488 0.233060906733645 -0.528458834096599
-382.631700825322 559.206627485209 219.909103731854 -0.443796185170996 -0.857825715882068 0.25919082643926 0.0996554647517876 -0.334683879989609 -0.937046089597321 -0.252770494800283 0.0787183980732996 -0.21508715409468 -0.17564602072537 -0.519384612480097 -0.0815308931907063
