#t = 668000000; extr. Ts: 0.0993833 0.103383 0.105717 0.106383 0.10705 0.107717 0.108383 0.10905 0.109717 0.110383 0.11105 0.111717 
0 5.28969e+10 6.61211e+09 9.78134e+13 1.07447e+12 1.10905e+11 6.06986e+10 3.38848e+10 1.92867e+10 1.11882e+10 6.61211e+09 3.97933e+09 2.43773e+09 1.51942e+09 9.63148e+08 
1 6.10894e+09 576669 3.05515e+10 1.95546e+08 1.48121e+07 7.4313e+06 3.80587e+06 1.98908e+06 1.06053e+06 576669 319679 180607 103952 60932.8 
2 7.55865e+09 4.01224e+06 9.65098e+11 3.32668e+09 1.74979e+08 7.90348e+07 3.6426e+07 1.7125e+07 8.20985e+06 4.01224e+06 1.99822e+06 1.01382e+06 523832 275545 
3 7.97598e+09 2.39518e+07 2.1802e+13 4.3174e+10 1.64846e+09 6.79598e+08 2.85897e+08 1.2269e+08 5.36907e+07 2.39518e+07 1.08886e+07 5.0426e+06 2.3781e+06 1.14167e+06 
4 7.78876e+09 1.36424e+08 4.61498e+14 5.30283e+11 1.47555e+10 5.55751e+09 2.13593e+09 8.3738e+08 3.34765e+08 1.36424e+08 5.66531e+07 2.39657e+07 1.03238e+07 4.52708e+06 
5 7.47418e+09 6.95609e+08 7.94012e+15 5.54726e+12 1.1505e+11 3.98216e+10 1.40615e+10 5.06377e+09 1.85909e+09 6.95609e+08 2.65166e+08 1.02947e+08 4.06914e+07 1.63698e+07 
6 7.43914e+09 2.69412e+09 9.0385e+16 4.09685e+13 6.54507e+11 2.10003e+11 6.87034e+10 2.29099e+10 7.78428e+09 2.69412e+09 9.49462e+08 3.40611e+08 1.24342e+08 4.61764e+07 
7 7.15512e+09 6.37615e+09 5.39643e+17 1.69601e+14 2.1654e+12 6.50675e+11 1.99216e+11 6.21262e+10 1.97273e+10 6.37615e+09 2.09705e+09 7.01585e+08 2.38691e+08 8.25548e+07 
8 6.49016e+09 6.49016e+09 1.24783e+18 2.8373e+14 2.9697e+12 8.41853e+11 2.42997e+11 7.13932e+10 2.1343e+10 6.49016e+09 2.00685e+09 6.30807e+08 2.01497e+08 6.53885e+07 
