#t = 677000000; extr. Ts: 0.0993833 0.103383 0.105717 0.106383 0.10705 0.107717 0.108383 0.10905 0.109717 0.110383 0.11105 0.111717 
0 5.88177e+10 7.35222e+09 1.07555e+14 1.19099e+12 1.23249e+11 6.74823e+10 3.76815e+10 2.14501e+10 1.24428e+10 7.35222e+09 4.42336e+09 2.70857e+09 1.68731e+09 1.06889e+09 
1 5.73544e+09 541411 2.83483e+10 1.82484e+08 1.3864e+07 6.9608e+06 3.56733e+06 1.86556e+06 995218 541411 300253 169686 97688.7 57268.9 
2 7.18622e+09 3.81454e+06 9.0528e+11 3.13813e+09 1.65571e+08 7.48529e+07 3.45306e+07 1.62493e+07 7.79759e+06 3.81454e+06 1.90167e+06 965811 499526 263014 
3 7.46145e+09 2.24066e+07 2.02619e+13 4.02595e+10 1.53964e+09 6.34977e+08 2.67219e+08 1.14711e+08 5.02136e+07 2.24066e+07 1.01888e+07 4.71964e+06 2.22633e+06 1.06908e+06 
4 7.19654e+09 1.26051e+08 4.20085e+14 4.8615e+11 1.35765e+10 5.11825e+09 1.96886e+09 7.72534e+08 3.09086e+08 1.26051e+08 5.23803e+07 2.21713e+07 9.55568e+06 4.19202e+06 
5 6.8072e+09 6.33534e+08 7.15381e+15 5.02337e+12 1.0447e+11 3.61849e+10 1.27857e+10 4.60714e+09 1.69238e+09 6.33534e+08 2.41602e+08 9.38294e+07 3.70967e+07 1.49259e+07 
6 6.80258e+09 2.46359e+09 8.18832e+16 3.72573e+13 5.96589e+11 1.91545e+11 6.27055e+10 2.09233e+10 7.11376e+09 2.46359e+09 8.68744e+08 3.11838e+08 1.13903e+08 4.2323e+07 
7 6.51957e+09 5.80978e+09 4.88933e+17 1.54109e+14 1.9703e+12 5.92249e+11 1.81384e+11 5.65811e+10 1.7971e+10 5.80978e+09 1.91114e+09 6.39488e+08 2.17592e+08 7.52643e+07 
8 5.85511e+09 5.85511e+09 1.12347e+18 2.55691e+14 2.6775e+12 7.59117e+11 2.19143e+11 6.43926e+10 1.92525e+10 5.85511e+09 1.81068e+09 5.69208e+08 1.8184e+08 5.90155e+07 
