#t = 680000000; extr. Ts: 0.0993833 0.103383 0.105717 0.106383 0.10705 0.107717 0.108383 0.10905 0.109717 0.110383 0.11105 0.111717 
0 5.93436e+10 7.41794e+09 1.07757e+14 1.19571e+12 1.23965e+11 6.79145e+10 3.79459e+10 2.16141e+10 1.25459e+10 7.41794e+09 4.4658e+09 2.7363e+09 1.70566e+09 1.08117e+09 
1 5.79338e+09 546881 2.82703e+10 1.8234e+08 1.38978e+07 6.98631e+06 3.58529e+06 1.87779e+06 1.00342e+06 546881 303906 172138 99348.5 58403.7 
2 6.98401e+09 3.70721e+06 8.79059e+11 3.04394e+09 1.60627e+08 7.26325e+07 3.35156e+07 1.57772e+07 7.57433e+06 3.70721e+06 1.84924e+06 939800 486431 256328 
3 7.20659e+09 2.16413e+07 1.99143e+13 3.92636e+10 1.49521e+09 6.15942e+08 2.58917e+08 1.11025e+08 4.85486e+07 2.16413e+07 9.83087e+06 4.54942e+06 2.144e+06 1.0286e+06 
4 7.07907e+09 1.23993e+08 4.22983e+14 4.84433e+11 1.34503e+10 5.0628e+09 1.94461e+09 7.61926e+08 3.04428e+08 1.23993e+08 5.14645e+07 2.17601e+07 9.36933e+06 4.10675e+06 
5 6.83704e+09 6.36312e+08 7.31534e+15 5.09933e+12 1.05573e+11 3.65206e+10 1.28881e+10 4.63831e+09 1.70178e+09 6.36312e+08 2.4239e+08 9.40353e+07 3.71408e+07 1.49297e+07 
6 6.87909e+09 2.4913e+09 8.42736e+16 3.80799e+13 6.07115e+11 1.94679e+11 6.3651e+10 2.1212e+10 7.20282e+09 2.4913e+09 8.77419e+08 3.14561e+08 1.14757e+08 4.25882e+07 
7 6.70048e+09 5.971e+09 5.07151e+17 1.59216e+14 2.03107e+12 6.10136e+11 1.86749e+11 5.82194e+10 1.84804e+10 5.971e+09 1.96306e+09 6.56494e+08 2.23256e+08 7.71825e+07 
8 6.05661e+09 6.05661e+09 1.16148e+18 2.64433e+14 2.76938e+12 7.85188e+11 2.26674e+11 6.66068e+10 1.99148e+10 6.05661e+09 1.87301e+09 5.88807e+08 1.88102e+08 6.10478e+07 
