#t = 688000000; extr. Ts: 0.0993833 0.103383 0.105717 0.106383 0.10705 0.107717 0.108383 0.10905 0.109717 0.110383 0.11105 0.111717 
0 6.09499e+10 7.61874e+09 1.11906e+14 1.2334e+12 1.27509e+11 6.98166e+10 3.89917e+10 2.22031e+10 1.28857e+10 7.61874e+09 4.58727e+09 2.81151e+09 1.75328e+09 1.11198e+09 
1 5.94532e+09 561224 2.81581e+10 1.83613e+08 1.40919e+07 7.09934e+06 3.65165e+06 1.91715e+06 1.02703e+06 561224 312728 177635 102816 60619.4 
2 7.02926e+09 3.73123e+06 8.64745e+11 3.0225e+09 1.60344e+08 7.26158e+07 3.35604e+07 1.5824e+07 7.60969e+06 3.73123e+06 1.86481e+06 949677 492646 260234 
3 7.25129e+09 2.17755e+07 1.96826e+13 3.90302e+10 1.49301e+09 6.15913e+08 2.59288e+08 1.11355e+08 4.877e+07 2.17755e+07 9.90851e+06 4.5933e+06 2.16853e+06 1.04228e+06 
4 7.05581e+09 1.23586e+08 4.16194e+14 4.78852e+11 1.33404e+10 5.02643e+09 1.93257e+09 7.5796e+08 3.03138e+08 1.23586e+08 5.13428e+07 2.1728e+07 9.36346e+06 4.1075e+06 
5 6.75327e+09 6.28515e+08 7.20024e+15 5.02662e+12 1.04152e+11 3.60373e+10 1.27206e+10 4.57913e+09 1.68048e+09 6.28515e+08 2.39486e+08 9.29356e+07 3.67178e+07 1.47645e+07 
6 6.76911e+09 2.45147e+09 8.21988e+16 3.73051e+13 5.96081e+11 1.91245e+11 6.25595e+10 2.08576e+10 7.08528e+09 2.45147e+09 8.63632e+08 3.09686e+08 1.12996e+08 4.1939e+07 
7 6.54136e+09 5.82921e+09 4.92678e+17 1.55011e+14 1.97974e+12 5.9491e+11 1.82146e+11 5.68022e+10 1.80361e+10 5.82921e+09 1.91701e+09 6.41279e+08 2.18144e+08 7.54362e+07 
8 5.91252e+09 5.91252e+09 1.13598e+18 2.58425e+14 2.70524e+12 7.66901e+11 2.21367e+11 6.50388e+10 1.94435e+10 5.91252e+09 1.82822e+09 5.74653e+08 1.83557e+08 5.95652e+07 
