#t = 690000000; extr. Ts: 0.0993833 0.103383 0.105717 0.106383 0.10705 0.107717 0.108383 0.10905 0.109717 0.110383 0.11105 0.111717 
0 5.99805e+10 7.49756e+09 1.09938e+14 1.21406e+12 1.25551e+11 6.87435e+10 3.83901e+10 2.18581e+10 1.26835e+10 7.49756e+09 4.51308e+09 2.76512e+09 1.72367e+09 1.0927e+09 
1 6.12839e+09 578505 2.93377e+10 1.90626e+08 1.4588e+07 7.34266e+06 3.77341e+06 1.97934e+06 1.05946e+06 578505 322143 182883 105812 62370.8 
2 7.35089e+09 3.90195e+06 9.07885e+11 3.17317e+09 1.68264e+08 7.61754e+07 3.51878e+07 1.65802e+07 7.96644e+06 3.90195e+06 1.9476e+06 990324 512825 270352 
3 7.5788e+09 2.2759e+07 2.03904e+13 4.05684e+10 1.55554e+09 6.42144e+08 2.7051e+08 1.16248e+08 5.09441e+07 2.2759e+07 1.03614e+07 4.80544e+06 2.2696e+06 1.09122e+06 
4 7.27542e+09 1.27433e+08 4.22098e+14 4.88777e+11 1.36733e+10 5.15807e+09 1.98558e+09 7.79689e+08 3.12203e+08 1.27433e+08 5.30029e+07 2.24564e+07 9.68827e+06 4.25465e+06 
5 6.85101e+09 6.37612e+08 7.18632e+15 5.04562e+12 1.04972e+11 3.63666e+10 1.28533e+10 4.63297e+09 1.70251e+09 6.37612e+08 2.43283e+08 9.45383e+07 3.74021e+07 1.50601e+07 
6 6.82767e+09 2.47267e+09 8.26477e+16 3.75201e+13 5.99929e+11 1.92539e+11 6.30059e+10 2.10155e+10 7.14248e+09 2.47267e+09 8.71667e+08 3.12794e+08 1.14223e+08 4.24316e+07 
7 6.58252e+09 5.86588e+09 4.96741e+17 1.56121e+14 1.99308e+12 5.98857e+11 1.83337e+11 5.71688e+10 1.8151e+10 5.86588e+09 1.92893e+09 6.45221e+08 2.1947e+08 7.58898e+07 
8 5.96466e+09 5.96466e+09 1.14376e+18 2.60411e+14 2.72729e+12 7.73255e+11 2.2323e+11 6.5595e+10 1.96123e+10 5.96466e+09 1.84459e+09 5.79874e+08 1.85249e+08 6.01225e+07 
