t = 10000
b = 20 20 20
E = -0.395131743556553 -0.395131743556553 0
-1.31012136300476 1.02525256346953 -0.295169344176379 0.73191064235833 0.573606454321667 0.367807448390643 0.259036774874185 0.265034145307366 -0.928793153672398 0 0 0 0 0 0
-1.26049883668624 1.33754088505537 -0.684612130349077 0.914110916310352 -0.195865950609791 0.355017534237278 0.39899814186155 0.27879226585381 -0.87354176492349 0 0 0 0 0 0
-1.02461425590872 1.68420275717997 -0.905487228301137 0.583815198820928 -0.810653390805757 -0.0447296651870534 0.456988745549701 0.373651731782696 -0.80718375560634 0 0 0 0 0 0
-0.557171604869893 1.93699996981521 -1.1710796227416 0.244450859629346 -0.969395821915927 -0.0227028201804001 0.508640995024117 0.148126204244541 -0.848140856694766 0 0 0 0 0 0
-0.0476066152797828 1.99202355473735 -1.3906679922246 -0.245424595782255 -0.924673492734969 -0.291110965402086 0.514132500224764 0.130429205978609 -0.847735738841053 0 0 0 0 0 0
0.400852684221393 1.78206169832869 -1.56140704601731 -0.69972672255498 -0.471168258283957 -0.537012983305528 0.507935015037392 0.200483672233565 -0.837739958307396 0 0 0 0 0 0
0.650152585494227 1.68477516346306 -1.99063933011807 -0.874615746112378 0.384141734423272 -0.295774216751619 0.462165494240803 0.47632052754129 -0.748011854427883 0 0 0 0 0 0
0.714327453666224 1.70483862778413 -2.46746397729142 -0.44187914090314 0.847189278982644 0.294979704996275 0.511303158353359 0.508035245075573 -0.693158847857901 0 0 0 0 0 0
0.944641997555749 2.04211534615274 -2.83952160973475 -0.214926970789484 0.654042963625431 0.725282011775783 0.501625144924815 0.711121499761037 -0.492623908311213 0 0 0 0 0 0
0.895894144934974 2.54444374308928 -3.04745345824809 0.398108689531566 0.247118324643436 0.883426229980258 0.505022710959979 0.74491201910285 -0.43595646155305 0 0 0 0 0 0
0.978419815348868 2.96445185124304 -3.07072303190888 0.870742038277438 -0.326127866652626 0.368033706967623 0.48282677155593 0.708872111985182 -0.514177523560169 0 0 0 0 0 0
-0.0654246060763792 2.39425443127216 -2.97896493890099 -0.541890947566428 0.24947231371155 0.802569428650579 0.329996103300241 0.941397080776009 -0.0698140254305403 0 0 0 0 0 0
0.405569708927375 1.41424146196614 -3.00033652635026 0.978162834107144 -0.0901293707572955 0.18728060669381 -0.16867358959509 -0.870724135092381 0.461939973793961 0 0 0 0 0 0
-0.486701587340328 2.14795631110495 -3.01852025701315 -0.133528674391389 -0.0692608313085084 0.988621737312896 0.68388278645719 0.715540674194029 0.142498306457328 0 0 0 0 0 0
-0.932005688327615 1.37208855024458 -3.6124088287033 -0.628646670569496 -0.502787852693725 -0.593302302879488 -0.580980156777224 -0.203520441227145 0.788061716954714 0 0 0 0 0 0
-1.39597380095416 1.17201018892553 -3.31245484590562 -0.512149423879027 -0.491199999392345 -0.704574646961127 -0.724649826088854 -0.193248079943941 0.6614663719608 0 0 0 0 0 0
-0.577599707645654 1.26333986339495 -2.16110951884599 0.843793497615373 0.302921309537783 0.443002386971093 -0.337884149935606 -0.341462080755251 0.877062058319057 0 0 0 0 0 0
-0.45393796321153 0.936836498500599 -1.74948430088844 0.424296072700556 0.828756489004753 0.364877322863556 -0.206523537109403 -0.303760633016203 0.930095388314453 0 0 0 0 0 0
-0.347306720342063 0.799540189649037 -1.30053873515692 -0.162517759892766 0.981015343802853 0.10581471786572 -0.0592372715170127 -0.116747544574204 0.991393392107499 0 0 0 0 0 0
-0.128467776259617 0.838767525902874 -0.795680395710622 -0.756673429989539 0.636203106909939 -0.150634745552366 -0.234475973429401 -0.0489977524669791 0.970886273181099 0 0 0 0 0 0
-0.0965092121822774 1.14271161629957 -0.355123411089401 -0.967657842274563 0.0334291367973065 -0.250041335475388 -0.251293881036599 -0.214671224413827 0.943804828937009 0 0 0 0 0 0
-0.293241754273564 1.29210029720583 0.0530721463219059 -0.78671257593819 -0.562732326531001 -0.253802001886493 -0.271961126978895 -0.0531473760461211 0.960839408345016 0 0 0 0 0 0
9.21328292539935 2.83445697395113 13.4694259733592 -0.678608748153054 -0.642140259658385 -0.356575355012054 0.310985907833284 -0.690998132292828 0.652540637820751 0 0 0 0 0 0
16.5984581368399 10.8374220266674 19.0186822822988 0.5306456719068 -0.685526974581455 -0.498465520192286 -0.64799927615193 -0.707205135215145 0.282768059094101 0 0 0 0 0 0
14.9828781171391 -5.08460313022394 16.4331713113787 0.65110571106743 0.580295806211341 0.489201442396206 -0.0110953478712785 0.651753711849572 -0.758349473379327 0 0 0 0 0 0
15.7823137606492 15.8005397748369 21.6263927778866 0.626387734478452 -0.64354567922784 0.439871907495237 0.340933614251516 0.733634062710495 0.587830994126459 0 0 0 0 0 0
4.3337142559045 10.5436115812876 13.2459235696822 -0.354680337771842 -0.695484074100982 -0.624902951762887 -0.30166778380558 0.717733002548727 -0.627579339579053 0 0 0 0 0 0
4.09455714788879 22.0731715411423 7.74211785962284 0.184189523494927 0.34952680317134 -0.918643091006467 -0.511833887553768 -0.763800823658027 -0.393235710061194 0 0 0 0 0 0
13.1557982605354 19.4816980956563 27.9202334909818 -0.0742543486212844 -0.713582959472351 -0.69662442761768 0.684330612527445 -0.544581321004522 0.484894538755858 0 0 0 0 0 0
3.34698412350693 18.0619816158427 22.6336219447698 0.958523547659828 -0.249691904060622 -0.137427980597627 -0.0249815415514599 0.406722231551742 -0.913210189087892 0 0 0 0 0 0
5.79365898312869 18.8227607525931 18.1013555785965 0.728745901759222 -0.555475060984809 0.400470704129656 -0.0890691335923234 0.50295670426833 0.859709924346114 0 0 0 0 0 0
3.18244132323879 4.29015195795926 12.641150153505 -0.663664899752038 -0.690670359183579 0.287268678137593 0.650529147394193 -0.343322386760602 0.677452184276887 0 0 0 0 0 0
7.63083521556844 3.89388782353719 -0.653338106126707 0.278706987670136 0.45450969567629 0.846016109171061 -0.808479098972215 -0.364423573717628 0.462122172229586 0 0 0 0 0 0
12.8314312351888 8.17585258347277 10.1269237758912 0.492768409950639 -0.66678802168598 0.559082249836938 0.0721971841379976 0.67161888232572 0.737370719562947 0 0 0 0 0 0
14.8892757503638 12.7362103795186 11.70147400541 -0.258253091374774 -0.581053116243505 -0.771804727853849 -0.509142490125483 -0.59709118322865 0.619883833432031 0 0 0 0 0 0
16.4039181202647 0.950012811504475 22.6261085171763 -0.725027673351391 -0.686470915069199 -0.0556101843719682 0.535801199316004 -0.61293803076973 0.580709885247751 0 0 0 0 0 0
12.3169966978564 6.70034038049381 17.5944556111975 -0.226283996477231 0.197514191155524 0.953825761170121 0.298724555495619 0.946111344589137 -0.125047795189707 0 0 0 0 0 0
10.4985646667912 15.8379151810827 23.2868917012394 -0.771754236897403 -0.625170216621893 0.116436787408625 0.499510779682316 -0.482643500979307 0.719405407613459 0 0 0 0 0 0
22.809499564015 13.8638455024821 8.60239874180065 0.271671651562014 -0.923173668123393 0.271928068812243 0.604781180705481 -0.0560271185858031 -0.794418382599721 0 0 0 0 0 0
16.9767343523541 5.69568934083672 20.2322770366789 0.288482988309189 -0.956395651284579 -0.0456608529345308 -0.606462441887976 -0.219417419262868 0.764237652326308 0 0 0 0 0 0
7.18704624751605 15.0707055430466 12.6741834167841 0.442775098919639 -0.259474466665195 0.858267500108346 -0.351801307131799 0.830181163389481 0.432475478152781 0 0 0 0 0 0
5.77135243895646 9.70518064094134 -0.17323263186459 -0.369248784997384 -0.927221140229579 -0.0625801499591358 0.905285177691875 -0.343659539808307 -0.24971336091545 0 0 0 0 0 0
2.08400010436096 3.24658944536711 1.58360782089402 -0.231454884464604 -0.170883360437629 0.957719895300699 0.533885668898861 -0.845275727326321 -0.0217945704720055 0 0 0 0 0 0
-4.3465788248706 4.65164921071028 7.24030462129215 -0.595763140595543 0.357178469268526 0.719367581558782 0.288688488455809 -0.740579585918189 0.606795500746624 0 0 0 0 0 0
3.31844250175082 8.45731914587758 5.63631723779601 -0.886469754737635 0.433720269205344 0.161424921345498 0.2241704905406 0.70758787119365 -0.670124567664028 0 0 0 0 0 0
7.73167046352641 -2.55668386020491 7.80822517755719 -0.310857098417556 0.194224421268261 -0.930400249265925 0.194038357207955 -0.94531322228843 -0.262167913782118 0 0 0 0 0 0
18.0544229676678 15.2731919532917 26.6021170630844 -0.571330986260045 -0.44179842926235 -0.691661012418023 0.648995691528786 -0.759064849513847 -0.0512356915269254 0 0 0 0 0 0
9.85430912134308 12.6324716321273 7.86291425629294 0.406925126454011 -0.626593003878658 0.664675166186631 0.77323040123057 0.623689191743319 0.114570789807374 0 0 0 0 0 0
0.285805757064879 17.3427945223049 17.3970361058103 -0.223994022731709 -0.220508513602207 0.949316891136234 0.100174456951418 0.963699083390916 0.247485648772365 0 0 0 0 0 0
15.5931965379777 4.46324482987082 12.8369257190437 -0.558663435364174 0.77915273269016 -0.284281793804497 -0.503190171251299 -0.0459369347817897 0.862953840376887 0 0 0 0 0 0
11.9163052311148 3.15251238430985 3.80753022038628 -0.117974007440161 0.495133069233062 -0.860770171030587 0.777451062608116 0.585326087700164 0.230137215460123 0 0 0 0 0 0
11.6705211543666 11.2012450452403 20.8536379222234 0.343181854332855 -0.638794144183866 -0.688598711622437 -0.837325436984285 -0.540235104351357 0.0838573800447788 0 0 0 0 0 0
17.3300171407115 17.4485897388996 11.7660987996735 -0.592613721791732 -0.512401250507097 0.621493239957306 0.676975911088415 0.101262357238724 0.729005783808035 0 0 0 0 0 0
-1.29251633291063 9.0095063630763 12.331680624326 -0.149263999479795 -0.988722471213947 -0.0121708957058548 -0.297528499500677 0.0331716976002904 0.954136421789399 0 0 0 0 0 0
8.27978981213441 6.7660781949075 7.15268441509388 0.521298574234465 -0.80004674760091 -0.29693931239882 -0.767437604860874 -0.287331763760605 -0.573131634803203 0 0 0 0 0 0
1.00659583893938 8.87295232092116 17.4252619286334 0.746877917693142 -0.352175708602854 -0.564043918421614 0.531426093086443 0.82598887187682 0.18795917972976 0 0 0 0 0 0
9.68878401414391 14.5247653028058 17.5195906107359 0.966908155218122 0.249121125855195 -0.0550197438591655 -0.0930848985427065 0.143693950782108 -0.985234557566907 0 0 0 0 0 0
16.8782553802514 9.79193549867672 6.53165065369168 -0.924952532639198 -0.0668467898241123 0.37415798852615 -0.323192383261443 -0.379733666609837 -0.866803855451304 0 0 0 0 0 0
