#t = 462000000; extr. Ts: 0.0993833 0.103383 0.10705 0.107717 0.108383 0.10905 0.109717 0.110383 0.11105 0.111717 0.112383 0.11305 
0 4.8942e+10 6.11775e+09 1.98791e+13 5.64657e+11 4.09652e+10 2.70354e+10 1.81666e+10 1.24244e+10 8.64511e+09 6.11775e+09 4.40117e+09 3.21753e+09 2.38934e+09 1.80159e+09 
1 8.10707e+09 765287 1.25877e+10 1.93796e+08 8.17644e+06 4.90366e+06 2.99748e+06 1.867e+06 1.18453e+06 765287 503312 336851 229338 158779 
2 9.80891e+09 5.2067e+06 4.68436e+11 3.92008e+09 9.38651e+07 5.07324e+07 2.7939e+07 1.5673e+07 8.95324e+06 5.2067e+06 3.08152e+06 1.85545e+06 1.13625e+06 707444 
3 9.87315e+09 2.96489e+07 1.17095e+13 5.70968e+10 8.36217e+08 4.13312e+08 2.08141e+08 1.06765e+08 5.57644e+07 2.96489e+07 1.60417e+07 8.82976e+06 4.94271e+06 2.81295e+06 
4 9.01079e+09 1.57828e+08 2.58871e+14 7.51244e+11 6.8498e+09 3.10622e+09 1.43515e+09 6.75362e+08 3.23603e+08 1.57828e+08 7.83279e+07 3.95427e+07 2.02999e+07 1.0594e+07 
5 7.81682e+09 7.27498e+08 4.55932e+15 8.18423e+12 4.77158e+10 1.99325e+10 8.48134e+09 3.67481e+09 1.62083e+09 7.27498e+08 3.32189e+08 1.54263e+08 7.28321e+07 3.49493e+07 
6 7.01299e+09 2.53979e+09 5.18453e+16 6.15518e+13 2.41891e+11 9.38866e+10 3.70979e+10 1.49184e+10 6.10354e+09 2.53979e+09 1.07457e+09 4.62127e+08 2.01951e+08 8.96519e+07 
7 6.11783e+09 5.45179e+09 3.07627e+17 2.56831e+14 7.18462e+11 2.61642e+11 9.69415e+10 3.65319e+10 1.39978e+10 5.45179e+09 2.15765e+09 8.67469e+08 3.54189e+08 1.46824e+08 
8 5.11416e+09 5.11416e+09 7.17043e+17 4.37722e+14 9.03343e+11 3.10649e+11 1.0862e+11 3.86037e+10 1.3941e+10 5.11416e+09 1.90519e+09 7.20545e+08 2.76579e+08 1.07719e+08 
