#t = 469000000; extr. Ts: 0.0993833 0.103383 0.10705 0.107717 0.108383 0.10905 0.109717 0.110383 0.11105 0.111717 0.112383 0.11305 
0 5.47354e+10 6.84193e+09 2.19499e+13 6.27587e+11 4.5708e+10 3.0182e+10 2.02911e+10 1.38838e+10 9.6647e+09 6.84193e+09 4.92388e+09 3.60082e+09 2.67475e+09 2.01733e+09 
1 8.19209e+09 773313 1.23948e+10 1.90876e+08 8.12257e+06 4.88414e+06 2.99451e+06 1.87148e+06 1.1919e+06 773313 510971 343732 235330 163913 
2 9.28173e+09 4.92687e+06 4.41845e+11 3.7041e+09 8.87137e+07 4.79538e+07 2.64132e+07 1.48205e+07 8.4688e+06 4.92687e+06 2.91729e+06 1.75758e+06 1.07706e+06 671151 
3 9.11512e+09 2.73726e+07 1.08153e+13 5.28457e+10 7.73458e+08 3.82179e+08 1.92398e+08 9.86523e+07 5.15058e+07 2.73726e+07 1.48031e+07 8.14387e+06 4.55635e+06 2.59164e+06 
4 8.28057e+09 1.45038e+08 2.38354e+14 6.92124e+11 6.30616e+09 2.85889e+09 1.32045e+09 6.21159e+08 2.9751e+08 1.45038e+08 7.19461e+07 3.63025e+07 1.86266e+07 9.71529e+06 
5 7.14511e+09 6.64983e+08 4.18373e+15 7.5062e+12 4.3696e+10 1.8247e+10 7.76142e+09 3.36164e+09 1.48213e+09 6.64983e+08 3.03519e+08 1.40889e+08 6.64884e+07 3.189e+07 
6 6.43749e+09 2.33137e+09 4.74723e+16 5.63966e+13 2.21804e+11 8.61055e+10 3.40299e+10 1.36875e+10 5.60126e+09 2.33137e+09 9.86662e+08 4.2445e+08 1.85547e+08 8.23995e+07 
7 5.64214e+09 5.02788e+09 2.84342e+17 2.3731e+14 6.63334e+11 2.4152e+11 8.94673e+10 3.37078e+10 1.29126e+10 5.02788e+09 1.98935e+09 7.99583e+08 3.26375e+08 1.35253e+08 
8 4.66808e+09 4.66808e+09 6.53485e+17 3.99155e+14 8.242e+11 2.83459e+11 9.91213e+10 3.52309e+10 1.2724e+10 4.66808e+09 1.73914e+09 6.57787e+08 2.52505e+08 9.83487e+07 
