#t = 461000000; extr. Ts: 0.0993833 0.103383 0.10705 0.107717 0.108383 0.10905 0.109717 0.110383 0.11105 0.111717 0.112383 0.11305 
0 4.97846e+10 6.22307e+09 2.01749e+13 5.75144e+11 4.17312e+10 2.75355e+10 1.84981e+10 1.26473e+10 8.79725e+09 6.22307e+09 4.47509e+09 3.27014e+09 2.42729e+09 1.82933e+09 
1 8.22573e+09 776488 1.26168e+10 1.94835e+08 8.24388e+06 4.94835e+06 3.02792e+06 1.88828e+06 1.19979e+06 776488 511712 343275 234340 162740 
2 9.73746e+09 5.16878e+06 4.59408e+11 3.86636e+09 9.29295e+07 5.02562e+07 2.76923e+07 1.5543e+07 8.88356e+06 5.16878e+06 3.06056e+06 1.84371e+06 1.12959e+06 703626 
3 9.65272e+09 2.8987e+07 1.15448e+13 5.61775e+10 8.1992e+08 4.04998e+08 2.03829e+08 1.04492e+08 5.4547e+07 2.8987e+07 1.56763e+07 8.62505e+06 4.82634e+06 2.74584e+06 
4 8.78733e+09 1.53914e+08 2.57368e+14 7.4207e+11 6.722e+09 3.04445e+09 1.40484e+09 6.60268e+08 3.15972e+08 1.53914e+08 7.62913e+07 3.8468e+07 1.97249e+07 1.02822e+07 
5 7.6629e+09 7.13173e+08 4.46298e+15 8.01719e+12 4.67663e+10 1.95371e+10 8.31357e+09 3.60227e+09 1.58888e+09 7.13173e+08 3.25651e+08 1.51226e+08 7.13977e+07 3.42601e+07 
6 6.87093e+09 2.48834e+09 5.01628e+16 5.97748e+13 2.35903e+11 9.16416e+10 3.62432e+10 1.45881e+10 5.97407e+09 2.48834e+09 1.05386e+09 4.53687e+08 1.98472e+08 8.82027e+07 
7 5.93595e+09 5.28971e+09 2.98238e+17 2.491e+14 6.97043e+11 2.5385e+11 9.40565e+10 3.54453e+10 1.35816e+10 5.28971e+09 2.0935e+09 8.41676e+08 3.43655e+08 1.42457e+08 
8 4.90418e+09 4.90418e+09 6.868e+17 4.19464e+14 8.66009e+11 2.97829e+11 1.04143e+11 3.70148e+10 1.3368e+10 4.90418e+09 1.82705e+09 6.91022e+08 2.65258e+08 1.03314e+08 
