#t = 456000000; extr. Ts: 0.0993833 0.103383 0.10705 0.107717 0.108383 0.10905 0.109717 0.110383 0.11105 0.111717 0.112383 0.11305 
0 4.97582e+10 6.21977e+09 2.01101e+13 5.71908e+11 4.15775e+10 2.74505e+10 1.84525e+10 1.26244e+10 8.78699e+09 6.21977e+09 4.47544e+09 3.27225e+09 2.4301e+09 1.83225e+09 
1 7.6737e+09 724378 1.18923e+10 1.8364e+08 7.73888e+06 4.64041e+06 2.83628e+06 1.76659e+06 1.12095e+06 724378 476572 319101 217373 150590 
2 9.40847e+09 4.99415e+06 4.45183e+11 3.74672e+09 8.9983e+07 4.86472e+07 2.67956e+07 1.50332e+07 8.58804e+06 4.99415e+06 2.95542e+06 1.77924e+06 1.08934e+06 678058 
3 9.55883e+09 2.8705e+07 1.13471e+13 5.52069e+10 8.08293e+08 3.99578e+08 2.01275e+08 1.03276e+08 5.39635e+07 2.8705e+07 1.55395e+07 8.55857e+06 4.79415e+06 2.73041e+06 
4 8.67132e+09 1.51883e+08 2.50772e+14 7.27448e+11 6.61647e+09 2.99842e+09 1.38435e+09 6.50965e+08 3.11666e+08 1.51883e+08 7.53146e+07 3.799e+07 1.94869e+07 1.01616e+07 
5 7.58687e+09 7.06097e+08 4.41426e+15 7.94261e+12 4.63382e+10 1.93565e+10 8.23566e+09 3.56795e+09 1.57345e+09 7.06097e+08 3.22343e+08 1.49651e+08 7.06336e+07 3.38831e+07 
6 6.81771e+09 2.46907e+09 5.02854e+16 5.97744e+13 2.35055e+11 9.12416e+10 3.60559e+10 1.45006e+10 5.9331e+09 2.46907e+09 1.04473e+09 4.49331e+08 1.96375e+08 8.71837e+07 
7 5.95705e+09 5.30851e+09 2.99286e+17 2.49905e+14 6.9931e+11 2.54686e+11 9.43709e+10 3.55659e+10 1.36288e+10 5.30851e+09 2.10113e+09 8.44824e+08 3.44976e+08 1.4302e+08 
8 4.91966e+09 4.91966e+09 6.86599e+17 4.19824e+14 8.67767e+11 2.985e+11 1.04401e+11 3.71148e+10 1.34071e+10 4.91966e+09 1.83323e+09 6.93519e+08 2.66276e+08 1.03734e+08 
