#t = 466000000; extr. Ts: 0.0993833 0.103383 0.10705 0.107717 0.108383 0.10905 0.109717 0.110383 0.11105 0.111717 0.112383 0.11305 
0 5.15496e+10 6.4437e+09 2.05276e+13 5.88251e+11 4.29523e+10 2.83756e+10 1.90855e+10 1.30647e+10 9.09841e+09 6.4437e+09 4.63911e+09 3.39382e+09 2.52186e+09 1.90262e+09 
1 8.40815e+09 793708 1.26979e+10 1.96917e+08 8.37558e+06 5.03323e+06 3.08359e+06 1.92538e+06 1.22489e+06 793708 523675 351681 240307 167014 
2 9.84233e+09 5.22444e+06 4.62346e+11 3.89594e+09 9.3696e+07 5.06839e+07 2.79378e+07 1.56882e+07 8.97215e+06 5.22444e+06 3.09659e+06 1.86768e+06 1.14596e+06 715087 
3 9.64289e+09 2.89575e+07 1.13816e+13 5.56868e+10 8.16481e+08 4.03594e+08 2.03261e+08 1.04267e+08 5.44619e+07 2.89575e+07 1.56682e+07 8.62452e+06 4.82812e+06 2.74799e+06 
4 8.66408e+09 1.51756e+08 2.48984e+14 7.23676e+11 6.59673e+09 2.99078e+09 1.38143e+09 6.49874e+08 3.11276e+08 1.51756e+08 7.52813e+07 3.79871e+07 1.94918e+07 1.01672e+07 
5 7.45208e+09 6.93552e+08 4.34462e+15 7.81182e+12 4.55346e+10 1.90183e+10 8.09088e+09 3.50492e+09 1.54555e+09 6.93552e+08 3.16613e+08 1.46994e+08 6.93832e+07 3.3286e+07 
6 6.68091e+09 2.41952e+09 4.89782e+16 5.83607e+13 2.29985e+11 8.93041e+10 3.53018e+10 1.42017e+10 5.81248e+09 2.41952e+09 1.02403e+09 4.40532e+08 1.92573e+08 8.55136e+07 
7 5.81972e+09 5.18613e+09 2.90445e+17 2.43102e+14 6.81816e+11 2.48416e+11 9.20854e+10 3.47186e+10 1.33094e+10 5.18613e+09 2.05347e+09 8.25974e+08 3.37402e+08 1.39929e+08 
8 4.71202e+09 4.71202e+09 6.60277e+17 4.03081e+14 8.3205e+11 2.86149e+11 1.00059e+11 3.55635e+10 1.28439e+10 4.71202e+09 1.7555e+09 6.63976e+08 2.54883e+08 9.92759e+07 
