t = 43956
b = 20 20 20
E = -0.463768973569629 -0.463768973569629 0
-0.0957499764907368 0.265360937225182 0.277714386638025 -0.992948992989576 -0.0695892469651141 -0.0959656046945666 0.102163238568636 -0.912965044482353 -0.395040984943318 0 0 0 0 0 0
-0.132726542082565 -0.248153894753813 0.315857712559986 -0.699226131573338 0.246285981992319 -0.671137731398179 -0.0168161895232495 -0.944191307169805 -0.328967888998164 0 0 0 0 0 0
-0.423648248765005 -0.601404721252152 0.403957003791482 0.0323967347240155 0.174236927452961 -0.984170628172052 -0.0962003650161949 -0.979572107219177 -0.176589513325154 0 0 0 0 0 0
-0.501008271384592 -1.85124574701916 0.931276491112779 -0.7409164233873 -0.22504939106045 0.632768077962354 -0.62759997967191 -0.103397248013714 -0.771639234652656 0 0 0 0 0 0
-1.49679826354472 -0.916779858562478 1.16569597008175 -0.445114413097271 0.609788505900464 0.655767485086673 -0.310692523724887 0.5816562606421 -0.751761943330966 0 0 0 0 0 0
-1.31405412225368 -1.44941968437865 0.449567749959185 0.752117732804437 -0.204868257269556 -0.626376665051239 0.651393239590108 0.375357837623601 0.659388482883565 0 0 0 0 0 0
-2.36492977601517 -1.67344049510825 1.16814933116397 -0.2515765122737 -0.492292664237333 0.833280903691042 0.224306609199239 0.807872927514657 0.545002525545807 0 0 0 0 0 0
-2.59165213475268 -1.31918805416188 1.45772040416406 0.501213259281819 -0.587981892693054 0.634871966170193 0.105184964875282 0.769639243779705 0.629755061170778 0 0 0 0 0 0
-2.76809305924112 -1.33584341763984 1.83051622298153 0.90664948126252 0.326571628514643 0.267090756812711 -0.412549701888513 0.553849243911547 0.723224459619528 0 0 0 0 0 0
-3.4347701907667 -1.36035046925406 1.22904495424984 0.36682720049061 0.429324556059748 -0.825298791525815 0.356763978138223 0.754390809989313 0.551011647176669 0 0 0 0 0 0
-4.40616867981916 -1.25257094602887 2.1328939776034 0.303008858717968 0.334328597203625 0.892418002102082 -0.950043626091925 0.0324232969761269 0.310428110083032 0 0 0 0 0 0
-5.18718343633603 -1.19899577255373 0.765037766534046 -0.150042305257939 -0.720609524419172 -0.676911440334869 -0.383781296029991 -0.588523743802047 0.711583855235192 0 0 0 0 0 0
-5.4882729758942 -0.327178346486477 1.14334101450091 -0.623695500982184 0.749254857560283 0.222757524891226 0.317279631263876 0.503106997914723 -0.803876142838343 0 0 0 0 0 0
-5.60995278497913 -0.151602730898162 0.729601438764501 -0.0818613148988764 0.825155069704395 0.558943392532746 0.206895355438192 0.562678067287015 -0.800367153361582 0 0 0 0 0 0
-5.78145879179385 0.161792661569848 0.384072479418108 0.398562709799976 0.64154854443955 0.65541062955864 -0.0810734034721244 0.736471201772541 -0.671592995955368 0 0 0 0 0 0
-5.98213313710113 0.525473326597705 0.244645439153981 0.940855887293529 0.239312558478875 0.239832178751897 -0.107222003152795 0.881804569490569 -0.45926465429604 0 0 0 0 0 0
7.46815592713 1.70255038662 7.55778317278 0.0 0.0 1.0 0.0 0.1 0.0 0.0 0.0 0.0 0.0 0.0 0.0
11.0596378121 7.57844027799 14.5587930118 0.0 0.0 1.0 0.0 0.1 0.0 0.0 0.0 0.0 0.0 0.0 0.0
15.0986980952 5.77134983252 0.458391891526 0.0 0.0 1.0 0.0 0.1 0.0 0.0 0.0 0.0 0.0 0.0 0.0
5.79685022021 3.05649539895 15.0272984899 0.0 0.0 1.0 0.0 0.1 0.0 0.0 0.0 0.0 0.0 0.0 0.0
10.1030926802 7.5999310816 7.08492091669 0.0 0.0 1.0 0.0 0.1 0.0 0.0 0.0 0.0 0.0 0.0 0.0
0.0495416208138 12.3794933325 0.455447904888 0.0 0.0 1.0 0.0 0.1 0.0 0.0 0.0 0.0 0.0 0.0 0.0
14.9472414481 6.92849927237 12.5550442267 0.0 0.0 1.0 0.0 0.1 0.0 0.0 0.0 0.0 0.0 0.0 0.0
16.6169853778 3.33088674624 9.94927967637 0.0 0.0 1.0 0.0 0.1 0.0 0.0 0.0 0.0 0.0 0.0 0.0
0.021175265922 19.5279037728 18.8881620556 0.0 0.0 1.0 0.0 0.1 0.0 0.0 0.0 0.0 0.0 0.0 0.0
1.24026282548 17.8143286327 0.446365023565 0.0 0.0 1.0 0.0 0.1 0.0 0.0 0.0 0.0 0.0 0.0 0.0
19.592071671 1.91513022105 9.8123757616 0.0 0.0 1.0 0.0 0.1 0.0 0.0 0.0 0.0 0.0 0.0 0.0
8.04886225651 7.30155529959 14.7637066033 0.0 0.0 1.0 0.0 0.1 0.0 0.0 0.0 0.0 0.0 0.0 0.0
4.54615400099 12.6813895872 2.32016689981 0.0 0.0 1.0 0.0 0.1 0.0 0.0 0.0 0.0 0.0 0.0 0.0
10.816369135 7.50867492166 1.59331489251 0.0 0.0 1.0 0.0 0.1 0.0 0.0 0.0 0.0 0.0 0.0 0.0
16.5427316768 16.2368057805 13.3331759166 0.0 0.0 1.0 0.0 0.1 0.0 0.0 0.0 0.0 0.0 0.0 0.0
11.9265166241 19.4206551536 8.23523998454 0.0 0.0 1.0 0.0 0.1 0.0 0.0 0.0 0.0 0.0 0.0 0.0
10.2328678884 10.1295887146 6.51672407979 0.0 0.0 1.0 0.0 0.1 0.0 0.0 0.0 0.0 0.0 0.0 0.0
19.8348781474 17.0232563493 14.7326647195 0.0 0.0 1.0 0.0 0.1 0.0 0.0 0.0 0.0 0.0 0.0 0.0
12.7192933643 14.8584929402 13.6993987642 0.0 0.0 1.0 0.0 0.1 0.0 0.0 0.0 0.0 0.0 0.0 0.0
2.4087276457 7.02759246148 3.61116937919 0.0 0.0 1.0 0.0 0.1 0.0 0.0 0.0 0.0 0.0 0.0 0.0
19.6457695852 11.9533668568 5.73671484831 0.0 0.0 1.0 0.0 0.1 0.0 0.0 0.0 0.0 0.0 0.0 0.0
18.3627384966 2.09102406148 19.0972392165 0.0 0.0 1.0 0.0 0.1 0.0 0.0 0.0 0.0 0.0 0.0 0.0
18.8143354485 3.74007933274 5.30404035792 0.0 0.0 1.0 0.0 0.1 0.0 0.0 0.0 0.0 0.0 0.0 0.0
19.1769205161 10.928214258 10.6644673573 0.0 0.0 1.0 0.0 0.1 0.0 0.0 0.0 0.0 0.0 0.0 0.0
10.7153667757 5.35831438762 3.96865662841 0.0 0.0 1.0 0.0 0.1 0.0 0.0 0.0 0.0 0.0 0.0 0.0
15.4587129419 4.78866841541 11.0122955274 0.0 0.0 1.0 0.0 0.1 0.0 0.0 0.0 0.0 0.0 0.0 0.0
11.8309837325 11.1647522919 14.7297882185 0.0 0.0 1.0 0.0 0.1 0.0 0.0 0.0 0.0 0.0 0.0 0.0
1.55629038479 4.72460876635 3.53388312034 0.0 0.0 1.0 0.0 0.1 0.0 0.0 0.0 0.0 0.0 0.0 0.0
10.4504360089 7.96204383881 11.0451198084 0.0 0.0 1.0 0.0 0.1 0.0 0.0 0.0 0.0 0.0 0.0 0.0
2.6329939725 13.8169801872 4.03954151043 0.0 0.0 1.0 0.0 0.1 0.0 0.0 0.0 0.0 0.0 0.0 0.0
17.6065839466 8.30644933935 17.0630637138 0.0 0.0 1.0 0.0 0.1 0.0 0.0 0.0 0.0 0.0 0.0 0.0
4.85841192769 7.61007306519 11.72371981 0.0 0.0 1.0 0.0 0.1 0.0 0.0 0.0 0.0 0.0 0.0 0.0
16.6138252459 0.278923092719 2.37904263036 0.0 0.0 1.0 0.0 0.1 0.0 0.0 0.0 0.0 0.0 0.0 0.0
9.75134997299 19.3475295335 12.9039312572 0.0 0.0 1.0 0.0 0.1 0.0 0.0 0.0 0.0 0.0 0.0 0.0
14.2566363503 15.6107808459 14.7200343723 0.0 0.0 1.0 0.0 0.1 0.0 0.0 0.0 0.0 0.0 0.0 0.0
1.50250911643 9.8984433808 2.10139859216 0.0 0.0 1.0 0.0 0.1 0.0 0.0 0.0 0.0 0.0 0.0 0.0
17.2830353092 7.24560848644 18.7919811756 0.0 0.0 1.0 0.0 0.1 0.0 0.0 0.0 0.0 0.0 0.0 0.0
16.8475232226 15.4911451211 15.4987792625 0.0 0.0 1.0 0.0 0.1 0.0 0.0 0.0 0.0 0.0 0.0 0.0
12.3543283962 2.7732040647 11.5846437706 0.0 0.0 1.0 0.0 0.1 0.0 0.0 0.0 0.0 0.0 0.0 0.0
3.51938383801 8.33487276641 8.70595724172 0.0 0.0 1.0 0.0 0.1 0.0 0.0 0.0 0.0 0.0 0.0 0.0
0.385449296472 2.08302898983 4.48053479698 0.0 0.0 1.0 0.0 0.1 0.0 0.0 0.0 0.0 0.0 0.0 0.0
2.16138720378 9.86353435465 14.448592544 0.0 0.0 1.0 0.0 0.1 0.0 0.0 0.0 0.0 0.0 0.0 0.0
19.4736435418 15.5083554188 19.0291257341 0.0 0.0 1.0 0.0 0.1 0.0 0.0 0.0 0.0 0.0 0.0 0.0
19.0739111588 2.43054289635 3.02845982367 0.0 0.0 1.0 0.0 0.1 0.0 0.0 0.0 0.0 0.0 0.0 0.0
12.9856571715 0.942324764356 2.99860624889 0.0 0.0 1.0 0.0 0.1 0.0 0.0 0.0 0.0 0.0 0.0 0.0
13.5583837298 7.96701735834 19.844509852 0.0 0.0 1.0 0.0 0.1 0.0 0.0 0.0 0.0 0.0 0.0 0.0
3.47923138082 18.0344972033 8.78068896738 0.0 0.0 1.0 0.0 0.1 0.0 0.0 0.0 0.0 0.0 0.0 0.0
10.918310533 6.99809294716 12.8454309126 0.0 0.0 1.0 0.0 0.1 0.0 0.0 0.0 0.0 0.0 0.0 0.0
4.73597659634 0.0289465573185 0.462417572667 0.0 0.0 1.0 0.0 0.1 0.0 0.0 0.0 0.0 0.0 0.0 0.0
19.699210043 3.14969275193 8.92561045029 0.0 0.0 1.0 0.0 0.1 0.0 0.0 0.0 0.0 0.0 0.0 0.0
15.1187399358 7.24020519061 16.8090564576 0.0 0.0 1.0 0.0 0.1 0.0 0.0 0.0 0.0 0.0 0.0 0.0
13.4761507487 7.89065398934 7.27423306112 0.0 0.0 1.0 0.0 0.1 0.0 0.0 0.0 0.0 0.0 0.0 0.0
16.5911218864 4.87607104105 6.12819882817 0.0 0.0 1.0 0.0 0.1 0.0 0.0 0.0 0.0 0.0 0.0 0.0
19.1018162043 10.108240879 6.94398628955 0.0 0.0 1.0 0.0 0.1 0.0 0.0 0.0 0.0 0.0 0.0 0.0
7.13631889424 18.0854186331 13.3422675662 0.0 0.0 1.0 0.0 0.1 0.0 0.0 0.0 0.0 0.0 0.0 0.0
7.87659808423 16.6185632822 12.5921100356 0.0 0.0 1.0 0.0 0.1 0.0 0.0 0.0 0.0 0.0 0.0 0.0
15.0865281268 0.0317669831741 13.7697962334 0.0 0.0 1.0 0.0 0.1 0.0 0.0 0.0 0.0 0.0 0.0 0.0
15.3763953704 18.1890162017 10.3670587229 0.0 0.0 1.0 0.0 0.1 0.0 0.0 0.0 0.0 0.0 0.0 0.0
16.0198284193 9.91399352972 8.16681852866 0.0 0.0 1.0 0.0 0.1 0.0 0.0 0.0 0.0 0.0 0.0 0.0
18.5777346409 4.14567747266 11.5110893358 0.0 0.0 1.0 0.0 0.1 0.0 0.0 0.0 0.0 0.0 0.0 0.0
10.5670256439 16.8382801669 15.3865454701 0.0 0.0 1.0 0.0 0.1 0.0 0.0 0.0 0.0 0.0 0.0 0.0
16.9901944503 0.947598434104 7.54124387297 0.0 0.0 1.0 0.0 0.1 0.0 0.0 0.0 0.0 0.0 0.0 0.0
2.47833217391 8.12509844169 2.38248881288 0.0 0.0 1.0 0.0 0.1 0.0 0.0 0.0 0.0 0.0 0.0 0.0
9.11870476267 10.7377381694 5.62773678883 0.0 0.0 1.0 0.0 0.1 0.0 0.0 0.0 0.0 0.0 0.0 0.0
3.63794506891 7.34488724383 14.8438566495 0.0 0.0 1.0 0.0 0.1 0.0 0.0 0.0 0.0 0.0 0.0 0.0
13.2666797944 15.3418045802 18.390756045 0.0 0.0 1.0 0.0 0.1 0.0 0.0 0.0 0.0 0.0 0.0 0.0
8.9442877636 4.7890042105 11.3871672033 0.0 0.0 1.0 0.0 0.1 0.0 0.0 0.0 0.0 0.0 0.0 0.0
9.05660672896 5.72071605307 15.4455045348 0.0 0.0 1.0 0.0 0.1 0.0 0.0 0.0 0.0 0.0 0.0 0.0
15.7166544407 19.7516976196 9.87519970297 0.0 0.0 1.0 0.0 0.1 0.0 0.0 0.0 0.0 0.0 0.0 0.0
13.1305665489 9.02699035223 5.32990838063 0.0 0.0 1.0 0.0 0.1 0.0 0.0 0.0 0.0 0.0 0.0 0.0
9.86544052886 18.1185824232 6.52557979846 0.0 0.0 1.0 0.0 0.1 0.0 0.0 0.0 0.0 0.0 0.0 0.0
2.22960735185 1.09324009711 17.7815565127 0.0 0.0 1.0 0.0 0.1 0.0 0.0 0.0 0.0 0.0 0.0 0.0
12.3158141841 9.05586691655 15.4429280656 0.0 0.0 1.0 0.0 0.1 0.0 0.0 0.0 0.0 0.0 0.0 0.0
3.35369304327 7.91748226367 0.569568824 0.0 0.0 1.0 0.0 0.1 0.0 0.0 0.0 0.0 0.0 0.0 0.0
13.1259320589 3.46345841657 15.0851630842 0.0 0.0 1.0 0.0 0.1 0.0 0.0 0.0 0.0 0.0 0.0 0.0
2.86151021203 5.1609314188 12.7696796474 0.0 0.0 1.0 0.0 0.1 0.0 0.0 0.0 0.0 0.0 0.0 0.0
1.50163437761 1.98451369927 14.093481721 0.0 0.0 1.0 0.0 0.1 0.0 0.0 0.0 0.0 0.0 0.0 0.0
15.786212236 19.985921065 5.18294297281 0.0 0.0 1.0 0.0 0.1 0.0 0.0 0.0 0.0 0.0 0.0 0.0
17.1100703736 12.9115849539 4.14060434133 0.0 0.0 1.0 0.0 0.1 0.0 0.0 0.0 0.0 0.0 0.0 0.0
3.63469990146 17.485845106 19.5195567541 0.0 0.0 1.0 0.0 0.1 0.0 0.0 0.0 0.0 0.0 0.0 0.0
3.6638884001 13.0367125132 19.740770125 0.0 0.0 1.0 0.0 0.1 0.0 0.0 0.0 0.0 0.0 0.0 0.0
14.4376706328 7.88757771338 5.36931574643 0.0 0.0 1.0 0.0 0.1 0.0 0.0 0.0 0.0 0.0 0.0 0.0
14.1410922115 11.3478302214 0.989320620144 0.0 0.0 1.0 0.0 0.1 0.0 0.0 0.0 0.0 0.0 0.0 0.0
7.42883088486 15.6259349688 14.0755174114 0.0 0.0 1.0 0.0 0.1 0.0 0.0 0.0 0.0 0.0 0.0 0.0
15.063635707 6.44623518301 6.49686237071 0.0 0.0 1.0 0.0 0.1 0.0 0.0 0.0 0.0 0.0 0.0 0.0
3.4537319477 6.25382141373 1.59360277791 0.0 0.0 1.0 0.0 0.1 0.0 0.0 0.0 0.0 0.0 0.0 0.0
10.2812665899 2.04655723166 12.7239138426 0.0 0.0 1.0 0.0 0.1 0.0 0.0 0.0 0.0 0.0 0.0 0.0
15.8609788134 2.32464706405 1.4704411945 0.0 0.0 1.0 0.0 0.1 0.0 0.0 0.0 0.0 0.0 0.0 0.0
6.43220304371 11.5243786808 6.90800881327 0.0 0.0 1.0 0.0 0.1 0.0 0.0 0.0 0.0 0.0 0.0 0.0
8.45898583913 7.14317707514 11.5999581564 0.0 0.0 1.0 0.0 0.1 0.0 0.0 0.0 0.0 0.0 0.0 0.0
11.7316528359 12.4252397223 4.31268324992 0.0 0.0 1.0 0.0 0.1 0.0 0.0 0.0 0.0 0.0 0.0 0.0
5.4013215414 6.15177863901 17.5017349579 0.0 0.0 1.0 0.0 0.1 0.0 0.0 0.0 0.0 0.0 0.0 0.0
7.94793656972 6.59483983439 4.90169838213 0.0 0.0 1.0 0.0 0.1 0.0 0.0 0.0 0.0 0.0 0.0 0.0
15.7277586176 2.60576409028 13.1181076893 0.0 0.0 1.0 0.0 0.1 0.0 0.0 0.0 0.0 0.0 0.0 0.0
13.6027040132 1.96310634603 6.5445576131 0.0 0.0 1.0 0.0 0.1 0.0 0.0 0.0 0.0 0.0 0.0 0.0
3.77972034367 19.2013068749 3.24378242271 0.0 0.0 1.0 0.0 0.1 0.0 0.0 0.0 0.0 0.0 0.0 0.0
16.3387968488 2.82951038231 3.70012027239 0.0 0.0 1.0 0.0 0.1 0.0 0.0 0.0 0.0 0.0 0.0 0.0
12.7867937991 18.359832538 17.5521173387 0.0 0.0 1.0 0.0 0.1 0.0 0.0 0.0 0.0 0.0 0.0 0.0
16.4707781015 19.1697314888 15.8978316523 0.0 0.0 1.0 0.0 0.1 0.0 0.0 0.0 0.0 0.0 0.0 0.0
17.2435229669 8.36044265106 2.62255297361 0.0 0.0 1.0 0.0 0.1 0.0 0.0 0.0 0.0 0.0 0.0 0.0
0.934016120581 7.27323531897 11.1477003655 0.0 0.0 1.0 0.0 0.1 0.0 0.0 0.0 0.0 0.0 0.0 0.0
7.83812515307 19.0665871937 6.6376404751 0.0 0.0 1.0 0.0 0.1 0.0 0.0 0.0 0.0 0.0 0.0 0.0
10.3289688236 16.7364520507 11.5340798096 0.0 0.0 1.0 0.0 0.1 0.0 0.0 0.0 0.0 0.0 0.0 0.0
11.887904522 8.35189078349 12.997525949 0.0 0.0 1.0 0.0 0.1 0.0 0.0 0.0 0.0 0.0 0.0 0.0
16.6373696085 18.8011376688 2.94163470281 0.0 0.0 1.0 0.0 0.1 0.0 0.0 0.0 0.0 0.0 0.0 0.0
18.687676261 15.6056117305 2.06002780863 0.0 0.0 1.0 0.0 0.1 0.0 0.0 0.0 0.0 0.0 0.0 0.0
5.25396620167 7.36690863936 18.5087887547 0.0 0.0 1.0 0.0 0.1 0.0 0.0 0.0 0.0 0.0 0.0 0.0
17.141143601 7.39247665711 4.64582313823 0.0 0.0 1.0 0.0 0.1 0.0 0.0 0.0 0.0 0.0 0.0 0.0
17.267704302 0.652594130218 11.8752413066 0.0 0.0 1.0 0.0 0.1 0.0 0.0 0.0 0.0 0.0 0.0 0.0
19.2610794072 5.20017401962 2.32485571397 0.0 0.0 1.0 0.0 0.1 0.0 0.0 0.0 0.0 0.0 0.0 0.0
19.9448909832 0.529027569752 3.29731862463 0.0 0.0 1.0 0.0 0.1 0.0 0.0 0.0 0.0 0.0 0.0 0.0
6.52441701693 19.8177394025 6.38913429471 0.0 0.0 1.0 0.0 0.1 0.0 0.0 0.0 0.0 0.0 0.0 0.0
17.8670656654 9.23841815435 7.88862289614 0.0 0.0 1.0 0.0 0.1 0.0 0.0 0.0 0.0 0.0 0.0 0.0
0.240792374811 5.96982972097 0.418847872992 0.0 0.0 1.0 0.0 0.1 0.0 0.0 0.0 0.0 0.0 0.0 0.0
3.79183052579 6.28376984358 3.49319947384 0.0 0.0 1.0 0.0 0.1 0.0 0.0 0.0 0.0 0.0 0.0 0.0
17.5289491392 6.23571386626 16.2721698953 0.0 0.0 1.0 0.0 0.1 0.0 0.0 0.0 0.0 0.0 0.0 0.0
13.1568866834 12.0611504435 10.2395978518 0.0 0.0 1.0 0.0 0.1 0.0 0.0 0.0 0.0 0.0 0.0 0.0
5.52525885711 4.43114590355 4.87116660251 0.0 0.0 1.0 0.0 0.1 0.0 0.0 0.0 0.0 0.0 0.0 0.0
9.89773279562 3.1079712335 14.8392287866 0.0 0.0 1.0 0.0 0.1 0.0 0.0 0.0 0.0 0.0 0.0 0.0
13.8643118358 14.9619267161 3.90781549608 0.0 0.0 1.0 0.0 0.1 0.0 0.0 0.0 0.0 0.0 0.0 0.0
5.22708750505 10.6218454527 5.68264653618 0.0 0.0 1.0 0.0 0.1 0.0 0.0 0.0 0.0 0.0 0.0 0.0
18.5410751139 0.858644284415 1.36125663481 0.0 0.0 1.0 0.0 0.1 0.0 0.0 0.0 0.0 0.0 0.0 0.0
11.6528861528 13.9741848431 18.8707736066 0.0 0.0 1.0 0.0 0.1 0.0 0.0 0.0 0.0 0.0 0.0 0.0
12.2016133264 13.7245996936 6.23239647581 0.0 0.0 1.0 0.0 0.1 0.0 0.0 0.0 0.0 0.0 0.0 0.0
12.5895623532 18.9028756192 5.76473080615 0.0 0.0 1.0 0.0 0.1 0.0 0.0 0.0 0.0 0.0 0.0 0.0
2.37257629801 15.1945515656 1.73537192475 0.0 0.0 1.0 0.0 0.1 0.0 0.0 0.0 0.0 0.0 0.0 0.0
11.8796220466 12.8669707531 16.8567470482 0.0 0.0 1.0 0.0 0.1 0.0 0.0 0.0 0.0 0.0 0.0 0.0
4.50254205581 2.46955484649 15.8765154862 0.0 0.0 1.0 0.0 0.1 0.0 0.0 0.0 0.0 0.0 0.0 0.0
5.30310027229 13.2777930807 0.0493524443607 0.0 0.0 1.0 0.0 0.1 0.0 0.0 0.0 0.0 0.0 0.0 0.0
13.4564689186 7.2863888867 2.12633133852 0.0 0.0 1.0 0.0 0.1 0.0 0.0 0.0 0.0 0.0 0.0 0.0
13.7608822107 4.65650209169 6.92464461233 0.0 0.0 1.0 0.0 0.1 0.0 0.0 0.0 0.0 0.0 0.0 0.0
0.358999312519 8.11744148483 4.64373751779 0.0 0.0 1.0 0.0 0.1 0.0 0.0 0.0 0.0 0.0 0.0 0.0
10.8880327298 17.1634052372 4.0339079584 0.0 0.0 1.0 0.0 0.1 0.0 0.0 0.0 0.0 0.0 0.0 0.0
4.73533319286 4.54525731352 19.907948272 0.0 0.0 1.0 0.0 0.1 0.0 0.0 0.0 0.0 0.0 0.0 0.0
15.633299419 6.62280494445 10.9002456292 0.0 0.0 1.0 0.0 0.1 0.0 0.0 0.0 0.0 0.0 0.0 0.0
19.4424998829 13.036227036 15.8591454653 0.0 0.0 1.0 0.0 0.1 0.0 0.0 0.0 0.0 0.0 0.0 0.0
15.5522221885 12.3748005337 14.8637247453 0.0 0.0 1.0 0.0 0.1 0.0 0.0 0.0 0.0 0.0 0.0 0.0
8.72453371879 8.06492785373 0.852671933923 0.0 0.0 1.0 0.0 0.1 0.0 0.0 0.0 0.0 0.0 0.0 0.0
4.25949407083 18.1091853849 4.27208370761 0.0 0.0 1.0 0.0 0.1 0.0 0.0 0.0 0.0 0.0 0.0 0.0
12.9296230728 15.741709662 8.12624159612 0.0 0.0 1.0 0.0 0.1 0.0 0.0 0.0 0.0 0.0 0.0 0.0
3.11990678102 7.49261778637 12.787019731 0.0 0.0 1.0 0.0 0.1 0.0 0.0 0.0 0.0 0.0 0.0 0.0
2.41749894197 17.1099615583 15.7151857895 0.0 0.0 1.0 0.0 0.1 0.0 0.0 0.0 0.0 0.0 0.0 0.0
7.51325307749 10.1110512482 1.27127226183 0.0 0.0 1.0 0.0 0.1 0.0 0.0 0.0 0.0 0.0 0.0 0.0
6.85404268367 9.91072017719 13.8021001757 0.0 0.0 1.0 0.0 0.1 0.0 0.0 0.0 0.0 0.0 0.0 0.0
10.5001673215 10.6203579164 10.4492057358 0.0 0.0 1.0 0.0 0.1 0.0 0.0 0.0 0.0 0.0 0.0 0.0
13.7735905149 10.089654395 9.51178261124 0.0 0.0 1.0 0.0 0.1 0.0 0.0 0.0 0.0 0.0 0.0 0.0
7.42649797597 9.32003520383 3.26854986726 0.0 0.0 1.0 0.0 0.1 0.0 0.0 0.0 0.0 0.0 0.0 0.0
8.80019402173 14.4660653776 3.6149743891 0.0 0.0 1.0 0.0 0.1 0.0 0.0 0.0 0.0 0.0 0.0 0.0
5.63569388549 12.9992563478 4.92204680021 0.0 0.0 1.0 0.0 0.1 0.0 0.0 0.0 0.0 0.0 0.0 0.0
8.95393423784 0.261929250215 2.42213123885 0.0 0.0 1.0 0.0 0.1 0.0 0.0 0.0 0.0 0.0 0.0 0.0
13.1998359193 10.2706585034 3.99481916481 0.0 0.0 1.0 0.0 0.1 0.0 0.0 0.0 0.0 0.0 0.0 0.0
1.81756931477 17.207456885 8.67316709703 0.0 0.0 1.0 0.0 0.1 0.0 0.0 0.0 0.0 0.0 0.0 0.0
11.7539730401 3.77597198449 0.374163412069 0.0 0.0 1.0 0.0 0.1 0.0 0.0 0.0 0.0 0.0 0.0 0.0
1.22070623766 18.4758901344 13.6679005616 0.0 0.0 1.0 0.0 0.1 0.0 0.0 0.0 0.0 0.0 0.0 0.0
4.88408039081 3.87226629788 11.8827693022 0.0 0.0 1.0 0.0 0.1 0.0 0.0 0.0 0.0 0.0 0.0 0.0
2.70320817539 16.4228144548 13.4910016938 0.0 0.0 1.0 0.0 0.1 0.0 0.0 0.0 0.0 0.0 0.0 0.0
6.23537402086 12.8637611359 15.856040552 0.0 0.0 1.0 0.0 0.1 0.0 0.0 0.0 0.0 0.0 0.0 0.0
3.13228664613 10.2036873089 15.6973869658 0.0 0.0 1.0 0.0 0.1 0.0 0.0 0.0 0.0 0.0 0.0 0.0
12.6241588232 4.94440418497 2.13389668614 0.0 0.0 1.0 0.0 0.1 0.0 0.0 0.0 0.0 0.0 0.0 0.0
2.06593321574 5.94517747568 7.20964546755 0.0 0.0 1.0 0.0 0.1 0.0 0.0 0.0 0.0 0.0 0.0 0.0
9.05038173631 6.39238942116 13.4646042078 0.0 0.0 1.0 0.0 0.1 0.0 0.0 0.0 0.0 0.0 0.0 0.0
9.60890965371 12.3357264849 7.14471683864 0.0 0.0 1.0 0.0 0.1 0.0 0.0 0.0 0.0 0.0 0.0 0.0
3.9561112458 2.95467975366 18.6205360125 0.0 0.0 1.0 0.0 0.1 0.0 0.0 0.0 0.0 0.0 0.0 0.0
17.0566299191 7.69321811769 0.594376398615 0.0 0.0 1.0 0.0 0.1 0.0 0.0 0.0 0.0 0.0 0.0 0.0
14.7514777066 8.6708707822 0.202325517786 0.0 0.0 1.0 0.0 0.1 0.0 0.0 0.0 0.0 0.0 0.0 0.0
3.86211852832 9.89195551513 8.58212463225 0.0 0.0 1.0 0.0 0.1 0.0 0.0 0.0 0.0 0.0 0.0 0.0
2.54757107712 16.7778917457 5.4256302752 0.0 0.0 1.0 0.0 0.1 0.0 0.0 0.0 0.0 0.0 0.0 0.0
0.0341643524835 8.56309629096 0.0856260865694 0.0 0.0 1.0 0.0 0.1 0.0 0.0 0.0 0.0 0.0 0.0 0.0
15.3643742393 5.08994940931 12.5081687269 0.0 0.0 1.0 0.0 0.1 0.0 0.0 0.0 0.0 0.0 0.0 0.0
6.04226536975 4.91738387359 2.03886591098 0.0 0.0 1.0 0.0 0.1 0.0 0.0 0.0 0.0 0.0 0.0 0.0
9.57622708909 1.98027643274 17.4718672564 0.0 0.0 1.0 0.0 0.1 0.0 0.0 0.0 0.0 0.0 0.0 0.0
17.6616432122 2.8846360772 14.2216736166 0.0 0.0 1.0 0.0 0.1 0.0 0.0 0.0 0.0 0.0 0.0 0.0
7.70769684751 15.1384601294 7.87384862939 0.0 0.0 1.0 0.0 0.1 0.0 0.0 0.0 0.0 0.0 0.0 0.0
0.999104374729 4.09378426432 6.11866143746 0.0 0.0 1.0 0.0 0.1 0.0 0.0 0.0 0.0 0.0 0.0 0.0
13.7967297266 10.0941079971 18.0712746328 0.0 0.0 1.0 0.0 0.1 0.0 0.0 0.0 0.0 0.0 0.0 0.0
18.5911406039 4.55440614135 15.5776254678 0.0 0.0 1.0 0.0 0.1 0.0 0.0 0.0 0.0 0.0 0.0 0.0
10.4047837381 0.965416621412 19.4337842417 0.0 0.0 1.0 0.0 0.1 0.0 0.0 0.0 0.0 0.0 0.0 0.0
1.75388463291 18.4233626579 19.4418044455 0.0 0.0 1.0 0.0 0.1 0.0 0.0 0.0 0.0 0.0 0.0 0.0
12.9356267575 12.4257450913 18.8432551041 0.0 0.0 1.0 0.0 0.1 0.0 0.0 0.0 0.0 0.0 0.0 0.0
4.7599023774 17.1415455005 6.31853499298 0.0 0.0 1.0 0.0 0.1 0.0 0.0 0.0 0.0 0.0 0.0 0.0
10.6990447666 17.1564506355 13.0541673585 0.0 0.0 1.0 0.0 0.1 0.0 0.0 0.0 0.0 0.0 0.0 0.0
1.41402494788 2.75690743283 15.6900975544 0.0 0.0 1.0 0.0 0.1 0.0 0.0 0.0 0.0 0.0 0.0 0.0
10.0632967293 14.1959529978 8.01727067499 0.0 0.0 1.0 0.0 0.1 0.0 0.0 0.0 0.0 0.0 0.0 0.0
10.6906456483 15.8003207403 9.03027569804 0.0 0.0 1.0 0.0 0.1 0.0 0.0 0.0 0.0 0.0 0.0 0.0
16.5921153123 14.3287535236 16.61321581 0.0 0.0 1.0 0.0 0.1 0.0 0.0 0.0 0.0 0.0 0.0 0.0
0.868461664559 15.5634682734 1.13929775696 0.0 0.0 1.0 0.0 0.1 0.0 0.0 0.0 0.0 0.0 0.0 0.0
4.95204711898 15.9098458159 16.6810831684 0.0 0.0 1.0 0.0 0.1 0.0 0.0 0.0 0.0 0.0 0.0 0.0
14.9916839296 6.10195809388 4.99694177309 0.0 0.0 1.0 0.0 0.1 0.0 0.0 0.0 0.0 0.0 0.0 0.0
14.4825762389 13.190177013 11.9581632324 0.0 0.0 1.0 0.0 0.1 0.0 0.0 0.0 0.0 0.0 0.0 0.0
15.8765515505 12.724665008 1.71893864408 0.0 0.0 1.0 0.0 0.1 0.0 0.0 0.0 0.0 0.0 0.0 0.0
1.83753378688 13.6221040377 10.8363535391 0.0 0.0 1.0 0.0 0.1 0.0 0.0 0.0 0.0 0.0 0.0 0.0
14.9116382113 5.30925159102 8.17776647765 0.0 0.0 1.0 0.0 0.1 0.0 0.0 0.0 0.0 0.0 0.0 0.0
1.43287242264 8.39191274859 1.32916129705 0.0 0.0 1.0 0.0 0.1 0.0 0.0 0.0 0.0 0.0 0.0 0.0
17.3242756522 17.8226571846 11.52850877 0.0 0.0 1.0 0.0 0.1 0.0 0.0 0.0 0.0 0.0 0.0 0.0
16.9508900102 0.588943721247 5.20273584184 0.0 0.0 1.0 0.0 0.1 0.0 0.0 0.0 0.0 0.0 0.0 0.0
17.1797958015 1.55735131908 16.6979493468 0.0 0.0 1.0 0.0 0.1 0.0 0.0 0.0 0.0 0.0 0.0 0.0
7.77091089942 14.1055935292 11.842394561 0.0 0.0 1.0 0.0 0.1 0.0 0.0 0.0 0.0 0.0 0.0 0.0
18.4027624788 18.2696890196 4.28739847729 0.0 0.0 1.0 0.0 0.1 0.0 0.0 0.0 0.0 0.0 0.0 0.0
13.716732928 17.8823042005 10.6488440481 0.0 0.0 1.0 0.0 0.1 0.0 0.0 0.0 0.0 0.0 0.0 0.0
7.47712478471 19.4342787803 1.67412384174 0.0 0.0 1.0 0.0 0.1 0.0 0.0 0.0 0.0 0.0 0.0 0.0
0.528646699372 19.6060882852 1.43382900074 0.0 0.0 1.0 0.0 0.1 0.0 0.0 0.0 0.0 0.0 0.0 0.0
12.2171581661 17.5768258077 0.23142486768 0.0 0.0 1.0 0.0 0.1 0.0 0.0 0.0 0.0 0.0 0.0 0.0
8.89281155864 1.37263813932 10.0713898001 0.0 0.0 1.0 0.0 0.1 0.0 0.0 0.0 0.0 0.0 0.0 0.0
13.3778156176 5.52328329394 13.8428600301 0.0 0.0 1.0 0.0 0.1 0.0 0.0 0.0 0.0 0.0 0.0 0.0
15.0619789084 17.6828511896 18.3137351695 0.0 0.0 1.0 0.0 0.1 0.0 0.0 0.0 0.0 0.0 0.0 0.0
11.2066032888 5.24039909931 14.3373019123 0.0 0.0 1.0 0.0 0.1 0.0 0.0 0.0 0.0 0.0 0.0 0.0
9.79260861807 11.4284055329 4.38935347309 0.0 0.0 1.0 0.0 0.1 0.0 0.0 0.0 0.0 0.0 0.0 0.0
8.34277716924 5.9775009159 0.36523281596 0.0 0.0 1.0 0.0 0.1 0.0 0.0 0.0 0.0 0.0 0.0 0.0
1.5477212064 17.59749201 2.53395653588 0.0 0.0 1.0 0.0 0.1 0.0 0.0 0.0 0.0 0.0 0.0 0.0
0.735112159593 6.40297050591 15.2555509511 0.0 0.0 1.0 0.0 0.1 0.0 0.0 0.0 0.0 0.0 0.0 0.0
19.7933868883 14.4186809361 5.79995807812 0.0 0.0 1.0 0.0 0.1 0.0 0.0 0.0 0.0 0.0 0.0 0.0
11.4999813072 17.7728976523 10.2246664714 0.0 0.0 1.0 0.0 0.1 0.0 0.0 0.0 0.0 0.0 0.0 0.0
17.7938929107 2.5957186477 7.38719921956 0.0 0.0 1.0 0.0 0.1 0.0 0.0 0.0 0.0 0.0 0.0 0.0
6.39827337678 5.5814206202 8.95208073659 0.0 0.0 1.0 0.0 0.1 0.0 0.0 0.0 0.0 0.0 0.0 0.0
9.0702270515 3.11209938638 18.7567616562 0.0 0.0 1.0 0.0 0.1 0.0 0.0 0.0 0.0 0.0 0.0 0.0
6.76262255747 15.0593683045 19.8384843772 0.0 0.0 1.0 0.0 0.1 0.0 0.0 0.0 0.0 0.0 0.0 0.0
18.2949551444 11.6060816886 13.5953375378 0.0 0.0 1.0 0.0 0.1 0.0 0.0 0.0 0.0 0.0 0.0 0.0
8.45093925334 3.23041663095 0.616426943091 0.0 0.0 1.0 0.0 0.1 0.0 0.0 0.0 0.0 0.0 0.0 0.0
4.59589510021 13.2159382142 9.01034950414 0.0 0.0 1.0 0.0 0.1 0.0 0.0 0.0 0.0 0.0 0.0 0.0
11.5293813194 16.548817674 1.3962806995 0.0 0.0 1.0 0.0 0.1 0.0 0.0 0.0 0.0 0.0 0.0 0.0
16.7012496679 0.920230568439 0.103548209524 0.0 0.0 1.0 0.0 0.1 0.0 0.0 0.0 0.0 0.0 0.0 0.0
7.47171978811 10.0707615209 5.14628149729 0.0 0.0 1.0 0.0 0.1 0.0 0.0 0.0 0.0 0.0 0.0 0.0
0.701836055945 18.2367639938 7.79063540267 0.0 0.0 1.0 0.0 0.1 0.0 0.0 0.0 0.0 0.0 0.0 0.0
6.29518606344 9.27698203275 0.867803209066 0.0 0.0 1.0 0.0 0.1 0.0 0.0 0.0 0.0 0.0 0.0 0.0
1.28869502462 12.1726214226 5.09524474559 0.0 0.0 1.0 0.0 0.1 0.0 0.0 0.0 0.0 0.0 0.0 0.0
2.64126395139 15.7144702497 16.4866380695 0.0 0.0 1.0 0.0 0.1 0.0 0.0 0.0 0.0 0.0 0.0 0.0
3.99914157243 5.31364460741 5.23163453991 0.0 0.0 1.0 0.0 0.1 0.0 0.0 0.0 0.0 0.0 0.0 0.0
15.6639588683 11.8299779555 4.55710672225 0.0 0.0 1.0 0.0 0.1 0.0 0.0 0.0 0.0 0.0 0.0 0.0
10.7120298467 6.39268593361 9.11197936375 0.0 0.0 1.0 0.0 0.1 0.0 0.0 0.0 0.0 0.0 0.0 0.0
5.64635325542 17.9278626984 8.74181287404 0.0 0.0 1.0 0.0 0.1 0.0 0.0 0.0 0.0 0.0 0.0 0.0
9.19713887282 18.7839568474 0.558183695937 0.0 0.0 1.0 0.0 0.1 0.0 0.0 0.0 0.0 0.0 0.0 0.0
12.1765604741 7.21794062552 3.21119904782 0.0 0.0 1.0 0.0 0.1 0.0 0.0 0.0 0.0 0.0 0.0 0.0
8.01155104054 17.656526667 10.2916437856 0.0 0.0 1.0 0.0 0.1 0.0 0.0 0.0 0.0 0.0 0.0 0.0
3.6278313808 16.6216928522 4.08906474311 0.0 0.0 1.0 0.0 0.1 0.0 0.0 0.0 0.0 0.0 0.0 0.0
0.486461586203 16.6813656543 10.6337959063 0.0 0.0 1.0 0.0 0.1 0.0 0.0 0.0 0.0 0.0 0.0 0.0
3.78696870016 4.47059300802 14.5916046596 0.0 0.0 1.0 0.0 0.1 0.0 0.0 0.0 0.0 0.0 0.0 0.0
5.53470118248 14.9357885733 11.8155469843 0.0 0.0 1.0 0.0 0.1 0.0 0.0 0.0 0.0 0.0 0.0 0.0
17.500485228 6.02184234083 12.6691332533 0.0 0.0 1.0 0.0 0.1 0.0 0.0 0.0 0.0 0.0 0.0 0.0
9.87570968881 16.5006233692 2.08197365465 0.0 0.0 1.0 0.0 0.1 0.0 0.0 0.0 0.0 0.0 0.0 0.0
7.22234508697 11.4584405642 11.754453438 0.0 0.0 1.0 0.0 0.1 0.0 0.0 0.0 0.0 0.0 0.0 0.0
15.0664926561 15.3488714842 7.86715958791 0.0 0.0 1.0 0.0 0.1 0.0 0.0 0.0 0.0 0.0 0.0 0.0
13.6033082704 6.08414122272 5.83487086505 0.0 0.0 1.0 0.0 0.1 0.0 0.0 0.0 0.0 0.0 0.0 0.0
3.35762801125 1.4587198492 8.29352533873 0.0 0.0 1.0 0.0 0.1 0.0 0.0 0.0 0.0 0.0 0.0 0.0
19.7859458264 12.1351513811 14.307727783 0.0 0.0 1.0 0.0 0.1 0.0 0.0 0.0 0.0 0.0 0.0 0.0
14.9562263996 12.8942745665 9.29195224994 0.0 0.0 1.0 0.0 0.1 0.0 0.0 0.0 0.0 0.0 0.0 0.0
6.97049667778 9.42033420753 17.9624560946 0.0 0.0 1.0 0.0 0.1 0.0 0.0 0.0 0.0 0.0 0.0 0.0
3.40426583387 18.0774252237 12.8358055263 0.0 0.0 1.0 0.0 0.1 0.0 0.0 0.0 0.0 0.0 0.0 0.0
8.99083058933 1.37563991129 15.6112525729 0.0 0.0 1.0 0.0 0.1 0.0 0.0 0.0 0.0 0.0 0.0 0.0
12.7335995502 0.774433976613 7.18582075222 0.0 0.0 1.0 0.0 0.1 0.0 0.0 0.0 0.0 0.0 0.0 0.0
17.4085514883 17.9361401427 8.42499234737 0.0 0.0 1.0 0.0 0.1 0.0 0.0 0.0 0.0 0.0 0.0 0.0
12.6275049908 9.04238329892 11.8269044645 0.0 0.0 1.0 0.0 0.1 0.0 0.0 0.0 0.0 0.0 0.0 0.0
13.939145052 13.2988367605 0.994711622464 0.0 0.0 1.0 0.0 0.1 0.0 0.0 0.0 0.0 0.0 0.0 0.0
5.38422232152 3.48193751908 1.98977152459 0.0 0.0 1.0 0.0 0.1 0.0 0.0 0.0 0.0 0.0 0.0 0.0
15.5218968683 15.3798349286 19.6554109012 0.0 0.0 1.0 0.0 0.1 0.0 0.0 0.0 0.0 0.0 0.0 0.0
4.63571057245 17.9556032609 17.8117397189 0.0 0.0 1.0 0.0 0.1 0.0 0.0 0.0 0.0 0.0 0.0 0.0
3.280071554 16.3254481956 0.122213975703 0.0 0.0 1.0 0.0 0.1 0.0 0.0 0.0 0.0 0.0 0.0 0.0
8.24643256743 15.7817732667 4.66814025186 0.0 0.0 1.0 0.0 0.1 0.0 0.0 0.0 0.0 0.0 0.0 0.0
5.2393138482 8.84011375265 19.8062498025 0.0 0.0 1.0 0.0 0.1 0.0 0.0 0.0 0.0 0.0 0.0 0.0
7.40806425752 1.53448318977 13.438691954 0.0 0.0 1.0 0.0 0.1 0.0 0.0 0.0 0.0 0.0 0.0 0.0
7.92134359857 19.7743380375 13.2236537358 0.0 0.0 1.0 0.0 0.1 0.0 0.0 0.0 0.0 0.0 0.0 0.0
9.22872660842 14.043722042 14.7349313241 0.0 0.0 1.0 0.0 0.1 0.0 0.0 0.0 0.0 0.0 0.0 0.0
17.0488082289 12.4610328918 9.70192419729 0.0 0.0 1.0 0.0 0.1 0.0 0.0 0.0 0.0 0.0 0.0 0.0
12.4778700926 9.11929193968 19.7264595942 0.0 0.0 1.0 0.0 0.1 0.0 0.0 0.0 0.0 0.0 0.0 0.0
19.8439302549 14.0331620787 10.7096880525 0.0 0.0 1.0 0.0 0.1 0.0 0.0 0.0 0.0 0.0 0.0 0.0
14.9026940352 18.1702719673 5.70992126414 0.0 0.0 1.0 0.0 0.1 0.0 0.0 0.0 0.0 0.0 0.0 0.0
17.2618602023 19.2539136349 9.48437896806 0.0 0.0 1.0 0.0 0.1 0.0 0.0 0.0 0.0 0.0 0.0 0.0
1.53291911436 14.0327552439 8.29726158429 0.0 0.0 1.0 0.0 0.1 0.0 0.0 0.0 0.0 0.0 0.0 0.0
10.6958369648 14.7272835896 2.95198581245 0.0 0.0 1.0 0.0 0.1 0.0 0.0 0.0 0.0 0.0 0.0 0.0
8.92393432041 12.2573486587 9.95846920094 0.0 0.0 1.0 0.0 0.1 0.0 0.0 0.0 0.0 0.0 0.0 0.0
12.170887998 10.2384056203 7.19554343133 0.0 0.0 1.0 0.0 0.1 0.0 0.0 0.0 0.0 0.0 0.0 0.0
9.01574997792 15.4448595477 9.8896076367 0.0 0.0 1.0 0.0 0.1 0.0 0.0 0.0 0.0 0.0 0.0 0.0
16.5656979989 8.17872524576 15.5610571329 0.0 0.0 1.0 0.0 0.1 0.0 0.0 0.0 0.0 0.0 0.0 0.0
7.33451045925 14.0668038418 0.0145767983138 0.0 0.0 1.0 0.0 0.1 0.0 0.0 0.0 0.0 0.0 0.0 0.0
9.1190915573 11.7401008342 0.711386624404 0.0 0.0 1.0 0.0 0.1 0.0 0.0 0.0 0.0 0.0 0.0 0.0
19.1296059513 7.82522788064 13.4586366157 0.0 0.0 1.0 0.0 0.1 0.0 0.0 0.0 0.0 0.0 0.0 0.0
5.96133054318 1.35926158934 10.4679636045 0.0 0.0 1.0 0.0 0.1 0.0 0.0 0.0 0.0 0.0 0.0 0.0
9.2426368668 12.9181110164 17.126209881 0.0 0.0 1.0 0.0 0.1 0.0 0.0 0.0 0.0 0.0 0.0 0.0
10.8708073271 13.6957927271 9.91445429562 0.0 0.0 1.0 0.0 0.1 0.0 0.0 0.0 0.0 0.0 0.0 0.0
9.97416289586 4.13551659744 9.29425098043 0.0 0.0 1.0 0.0 0.1 0.0 0.0 0.0 0.0 0.0 0.0 0.0
6.09593356563 13.2314263406 1.77400758069 0.0 0.0 1.0 0.0 0.1 0.0 0.0 0.0 0.0 0.0 0.0 0.0
4.93517659083 15.0302582123 18.1560096124 0.0 0.0 1.0 0.0 0.1 0.0 0.0 0.0 0.0 0.0 0.0 0.0
17.4826190448 13.4454085167 1.70767014539 0.0 0.0 1.0 0.0 0.1 0.0 0.0 0.0 0.0 0.0 0.0 0.0
5.23621644801 11.0198151185 12.8705933373 0.0 0.0 1.0 0.0 0.1 0.0 0.0 0.0 0.0 0.0 0.0 0.0
15.8312152521 9.3035447246 10.31430762 0.0 0.0 1.0 0.0 0.1 0.0 0.0 0.0 0.0 0.0 0.0 0.0
13.0713544154 2.57193056163 8.2996664498 0.0 0.0 1.0 0.0 0.1 0.0 0.0 0.0 0.0 0.0 0.0 0.0
1.57647151102 4.55198683595 19.7692246443 0.0 0.0 1.0 0.0 0.1 0.0 0.0 0.0 0.0 0.0 0.0 0.0
8.55170813763 4.93739118225 5.53463763531 0.0 0.0 1.0 0.0 0.1 0.0 0.0 0.0 0.0 0.0 0.0 0.0
4.18810170327 12.6134088525 13.149607678 0.0 0.0 1.0 0.0 0.1 0.0 0.0 0.0 0.0 0.0 0.0 0.0
6.54358480557 7.57977985068 5.10978269998 0.0 0.0 1.0 0.0 0.1 0.0 0.0 0.0 0.0 0.0 0.0 0.0
18.5901879298 11.718628514 8.49984955423 0.0 0.0 1.0 0.0 0.1 0.0 0.0 0.0 0.0 0.0 0.0 0.0
0.926654411644 0.584631754912 2.9261648925 0.0 0.0 1.0 0.0 0.1 0.0 0.0 0.0 0.0 0.0 0.0 0.0
13.8685994461 4.4227472159 17.6650172776 0.0 0.0 1.0 0.0 0.1 0.0 0.0 0.0 0.0 0.0 0.0 0.0
5.3741104187 17.5262089734 14.1669432791 0.0 0.0 1.0 0.0 0.1 0.0 0.0 0.0 0.0 0.0 0.0 0.0
14.6510500541 14.7140136704 0.365637588405 0.0 0.0 1.0 0.0 0.1 0.0 0.0 0.0 0.0 0.0 0.0 0.0
8.48068323719 8.16438099129 10.4078483612 0.0 0.0 1.0 0.0 0.1 0.0 0.0 0.0 0.0 0.0 0.0 0.0
10.0941439162 6.16109417579 16.5068118068 0.0 0.0 1.0 0.0 0.1 0.0 0.0 0.0 0.0 0.0 0.0 0.0
10.9293525245 2.70224905108 7.35420170871 0.0 0.0 1.0 0.0 0.1 0.0 0.0 0.0 0.0 0.0 0.0 0.0
3.40438168429 1.3931056923 18.9113596123 0.0 0.0 1.0 0.0 0.1 0.0 0.0 0.0 0.0 0.0 0.0 0.0
5.48907856593 15.0329804368 14.2829447234 0.0 0.0 1.0 0.0 0.1 0.0 0.0 0.0 0.0 0.0 0.0 0.0
14.3610707832 15.913875076 10.2423825419 0.0 0.0 1.0 0.0 0.1 0.0 0.0 0.0 0.0 0.0 0.0 0.0
19.5358385822 7.36778454763 2.3637835757 0.0 0.0 1.0 0.0 0.1 0.0 0.0 0.0 0.0 0.0 0.0 0.0
4.04723580961 8.5804217565 3.84616350635 0.0 0.0 1.0 0.0 0.1 0.0 0.0 0.0 0.0 0.0 0.0 0.0
17.7659851115 4.92762507 17.6242908592 0.0 0.0 1.0 0.0 0.1 0.0 0.0 0.0 0.0 0.0 0.0 0.0
4.82822920982 0.383960937644 7.90693746883 0.0 0.0 1.0 0.0 0.1 0.0 0.0 0.0 0.0 0.0 0.0 0.0
0.733434049863 18.1956856105 17.3513542754 0.0 0.0 1.0 0.0 0.1 0.0 0.0 0.0 0.0 0.0 0.0 0.0
6.06087109745 12.8929215656 9.28354596857 0.0 0.0 1.0 0.0 0.1 0.0 0.0 0.0 0.0 0.0 0.0 0.0
14.1114209564 13.5164854183 3.21221737475 0.0 0.0 1.0 0.0 0.1 0.0 0.0 0.0 0.0 0.0 0.0 0.0
18.9615372243 15.5589964342 4.0909109561 0.0 0.0 1.0 0.0 0.1 0.0 0.0 0.0 0.0 0.0 0.0 0.0
7.43879767176 3.5674168929 5.34162985252 0.0 0.0 1.0 0.0 0.1 0.0 0.0 0.0 0.0 0.0 0.0 0.0
15.646201856 7.06465370036 8.86630881261 0.0 0.0 1.0 0.0 0.1 0.0 0.0 0.0 0.0 0.0 0.0 0.0
10.072103865 9.88990230885 17.5789140792 0.0 0.0 1.0 0.0 0.1 0.0 0.0 0.0 0.0 0.0 0.0 0.0
11.449232072 0.554384013048 13.7238177535 0.0 0.0 1.0 0.0 0.1 0.0 0.0 0.0 0.0 0.0 0.0 0.0
5.32303040029 16.0102802148 5.03232412342 0.0 0.0 1.0 0.0 0.1 0.0 0.0 0.0 0.0 0.0 0.0 0.0
14.6867247212 12.3974520435 13.400299226 0.0 0.0 1.0 0.0 0.1 0.0 0.0 0.0 0.0 0.0 0.0 0.0
4.81356085874 10.6430672214 15.3018018691 0.0 0.0 1.0 0.0 0.1 0.0 0.0 0.0 0.0 0.0 0.0 0.0
17.7980965275 7.85499422662 6.02667830177 0.0 0.0 1.0 0.0 0.1 0.0 0.0 0.0 0.0 0.0 0.0 0.0
2.14704973524 18.4475232939 11.9543929209 0.0 0.0 1.0 0.0 0.1 0.0 0.0 0.0 0.0 0.0 0.0 0.0
7.16303009818 17.3840176615 19.5632793674 0.0 0.0 1.0 0.0 0.1 0.0 0.0 0.0 0.0 0.0 0.0 0.0
16.0309918216 10.7295613727 11.0646213653 0.0 0.0 1.0 0.0 0.1 0.0 0.0 0.0 0.0 0.0 0.0 0.0
1.76360842567 0.378397286309 5.60745254915 0.0 0.0 1.0 0.0 0.1 0.0 0.0 0.0 0.0 0.0 0.0 0.0
10.3820995879 8.16533819526 5.59695557941 0.0 0.0 1.0 0.0 0.1 0.0 0.0 0.0 0.0 0.0 0.0 0.0
2.86772093442 3.55590535873 5.55605220957 0.0 0.0 1.0 0.0 0.1 0.0 0.0 0.0 0.0 0.0 0.0 0.0
7.58526408365 1.2401502667 17.5633764875 0.0 0.0 1.0 0.0 0.1 0.0 0.0 0.0 0.0 0.0 0.0 0.0
11.775540685 4.32179833189 8.51151642355 0.0 0.0 1.0 0.0 0.1 0.0 0.0 0.0 0.0 0.0 0.0 0.0
16.8512956874 18.4567274267 17.7490617294 0.0 0.0 1.0 0.0 0.1 0.0 0.0 0.0 0.0 0.0 0.0 0.0
10.0944079722 2.49131148366 19.7431329403 0.0 0.0 1.0 0.0 0.1 0.0 0.0 0.0 0.0 0.0 0.0 0.0
7.01524461278 7.33628547835 7.50207459501 0.0 0.0 1.0 0.0 0.1 0.0 0.0 0.0 0.0 0.0 0.0 0.0
6.46235711795 6.05027754855 10.6287118509 0.0 0.0 1.0 0.0 0.1 0.0 0.0 0.0 0.0 0.0 0.0 0.0
3.39150814152 17.4883179539 10.2066517801 0.0 0.0 1.0 0.0 0.1 0.0 0.0 0.0 0.0 0.0 0.0 0.0
8.58327154994 10.0798720802 7.04183832568 0.0 0.0 1.0 0.0 0.1 0.0 0.0 0.0 0.0 0.0 0.0 0.0
19.6641543938 2.61137157242 4.62512222466 0.0 0.0 1.0 0.0 0.1 0.0 0.0 0.0 0.0 0.0 0.0 0.0
7.44422993767 10.7352458318 9.20421835544 0.0 0.0 1.0 0.0 0.1 0.0 0.0 0.0 0.0 0.0 0.0 0.0
9.50548343004 19.5923205426 14.3879420719 0.0 0.0 1.0 0.0 0.1 0.0 0.0 0.0 0.0 0.0 0.0 0.0
5.07538468147 10.3611235561 10.5360142703 0.0 0.0 1.0 0.0 0.1 0.0 0.0 0.0 0.0 0.0 0.0 0.0
4.7039551204 19.6977656581 14.916250566 0.0 0.0 1.0 0.0 0.1 0.0 0.0 0.0 0.0 0.0 0.0 0.0
2.46813267068 19.457759406 17.3460983833 0.0 0.0 1.0 0.0 0.1 0.0 0.0 0.0 0.0 0.0 0.0 0.0
10.9779232288 2.05571705244 3.96970211485 0.0 0.0 1.0 0.0 0.1 0.0 0.0 0.0 0.0 0.0 0.0 0.0
7.53759340528 5.1636377488 6.75638432782 0.0 0.0 1.0 0.0 0.1 0.0 0.0 0.0 0.0 0.0 0.0 0.0
9.12592173626 4.622482404 17.9281889931 0.0 0.0 1.0 0.0 0.1 0.0 0.0 0.0 0.0 0.0 0.0 0.0
0.283329536428 13.2949368623 13.0040170138 0.0 0.0 1.0 0.0 0.1 0.0 0.0 0.0 0.0 0.0 0.0 0.0
12.3723832309 14.4412893843 1.27315587559 0.0 0.0 1.0 0.0 0.1 0.0 0.0 0.0 0.0 0.0 0.0 0.0
19.7034245954 8.39210512128 14.7474665041 0.0 0.0 1.0 0.0 0.1 0.0 0.0 0.0 0.0 0.0 0.0 0.0
18.4167245394 15.2692736195 12.4939708723 0.0 0.0 1.0 0.0 0.1 0.0 0.0 0.0 0.0 0.0 0.0 0.0
18.7467549531 14.0236429864 3.93259425495 0.0 0.0 1.0 0.0 0.1 0.0 0.0 0.0 0.0 0.0 0.0 0.0
4.85293973275 2.37015270601 13.9559821049 0.0 0.0 1.0 0.0 0.1 0.0 0.0 0.0 0.0 0.0 0.0 0.0
14.2074176684 0.05436937974 8.57848769428 0.0 0.0 1.0 0.0 0.1 0.0 0.0 0.0 0.0 0.0 0.0 0.0
18.4855207686 19.3200381703 5.68880081726 0.0 0.0 1.0 0.0 0.1 0.0 0.0 0.0 0.0 0.0 0.0 0.0
11.4860695013 0.968084049691 2.94365264916 0.0 0.0 1.0 0.0 0.1 0.0 0.0 0.0 0.0 0.0 0.0 0.0
15.2575710051 16.5248338197 2.17606793552 0.0 0.0 1.0 0.0 0.1 0.0 0.0 0.0 0.0 0.0 0.0 0.0
17.3680448443 13.2035518194 8.2211901835 0.0 0.0 1.0 0.0 0.1 0.0 0.0 0.0 0.0 0.0 0.0 0.0
3.4411214098 18.7814692915 15.1112034577 0.0 0.0 1.0 0.0 0.1 0.0 0.0 0.0 0.0 0.0 0.0 0.0
6.20620010859 7.00543132875 0.123072713913 0.0 0.0 1.0 0.0 0.1 0.0 0.0 0.0 0.0 0.0 0.0 0.0
8.89328951677 11.245042072 16.160920422 0.0 0.0 1.0 0.0 0.1 0.0 0.0 0.0 0.0 0.0 0.0 0.0
9.21207420824 18.6084021962 19.0772486613 0.0 0.0 1.0 0.0 0.1 0.0 0.0 0.0 0.0 0.0 0.0 0.0
2.69712990138 11.3561731299 2.01257644906 0.0 0.0 1.0 0.0 0.1 0.0 0.0 0.0 0.0 0.0 0.0 0.0
18.6405897533 18.3798799118 9.9868734906 0.0 0.0 1.0 0.0 0.1 0.0 0.0 0.0 0.0 0.0 0.0 0.0
16.860193423 11.2874318075 18.4365409186 0.0 0.0 1.0 0.0 0.1 0.0 0.0 0.0 0.0 0.0 0.0 0.0
3.4868594675 5.85362626627 11.5002389593 0.0 0.0 1.0 0.0 0.1 0.0 0.0 0.0 0.0 0.0 0.0 0.0
2.54411772991 12.7942557027 12.3980698059 0.0 0.0 1.0 0.0 0.1 0.0 0.0 0.0 0.0 0.0 0.0 0.0
0.542544202331 2.87334368087 19.4188747619 0.0 0.0 1.0 0.0 0.1 0.0 0.0 0.0 0.0 0.0 0.0 0.0
17.9682475681 13.9097730427 17.7904574122 0.0 0.0 1.0 0.0 0.1 0.0 0.0 0.0 0.0 0.0 0.0 0.0
12.5957313739 19.7848240328 4.38961622468 0.0 0.0 1.0 0.0 0.1 0.0 0.0 0.0 0.0 0.0 0.0 0.0
18.5809308323 10.6608675357 17.1276407061 0.0 0.0 1.0 0.0 0.1 0.0 0.0 0.0 0.0 0.0 0.0 0.0
17.5665946034 14.5386703662 3.06812070191 0.0 0.0 1.0 0.0 0.1 0.0 0.0 0.0 0.0 0.0 0.0 0.0
19.6205776957 13.7007797284 14.0383913129 0.0 0.0 1.0 0.0 0.1 0.0 0.0 0.0 0.0 0.0 0.0 0.0
4.67092724832 0.690321705844 13.8884333215 0.0 0.0 1.0 0.0 0.1 0.0 0.0 0.0 0.0 0.0 0.0 0.0
9.35672313569 7.84561023033 12.8958351249 0.0 0.0 1.0 0.0 0.1 0.0 0.0 0.0 0.0 0.0 0.0 0.0
19.7486179534 0.222531449444 18.4075100157 0.0 0.0 1.0 0.0 0.1 0.0 0.0 0.0 0.0 0.0 0.0 0.0
13.5111175049 6.57116385416 15.9432207695 0.0 0.0 1.0 0.0 0.1 0.0 0.0 0.0 0.0 0.0 0.0 0.0
3.18017255317 4.36852278917 2.96562822092 0.0 0.0 1.0 0.0 0.1 0.0 0.0 0.0 0.0 0.0 0.0 0.0
2.12238243528 0.289444061803 19.6002687172 0.0 0.0 1.0 0.0 0.1 0.0 0.0 0.0 0.0 0.0 0.0 0.0
6.72222690398 2.26501487444 11.6028640766 0.0 0.0 1.0 0.0 0.1 0.0 0.0 0.0 0.0 0.0 0.0 0.0
11.2205389495 11.7440473345 7.16149324294 0.0 0.0 1.0 0.0 0.1 0.0 0.0 0.0 0.0 0.0 0.0 0.0
11.2082588673 4.12851783823 15.4006774812 0.0 0.0 1.0 0.0 0.1 0.0 0.0 0.0 0.0 0.0 0.0 0.0
11.5443229784 16.3715904427 7.50443386464 0.0 0.0 1.0 0.0 0.1 0.0 0.0 0.0 0.0 0.0 0.0 0.0
18.8064624109 6.29121704934 13.6007109088 0.0 0.0 1.0 0.0 0.1 0.0 0.0 0.0 0.0 0.0 0.0 0.0
19.2644344335 6.72490643925 4.53626216211 0.0 0.0 1.0 0.0 0.1 0.0 0.0 0.0 0.0 0.0 0.0 0.0
18.6461768704 3.43029087555 17.2836696283 0.0 0.0 1.0 0.0 0.1 0.0 0.0 0.0 0.0 0.0 0.0 0.0
3.35353837136 14.8282389406 13.4166713463 0.0 0.0 1.0 0.0 0.1 0.0 0.0 0.0 0.0 0.0 0.0 0.0
0.813072855368 10.3352558385 15.1065211418 0.0 0.0 1.0 0.0 0.1 0.0 0.0 0.0 0.0 0.0 0.0 0.0
3.98004222219 0.107288450053 10.8025090211 0.0 0.0 1.0 0.0 0.1 0.0 0.0 0.0 0.0 0.0 0.0 0.0
4.12263965604 5.35563944292 18.7409313579 0.0 0.0 1.0 0.0 0.1 0.0 0.0 0.0 0.0 0.0 0.0 0.0
0.574151033648 6.16215447546 2.56184234988 0.0 0.0 1.0 0.0 0.1 0.0 0.0 0.0 0.0 0.0 0.0 0.0
12.7420376279 11.1539608358 16.3213901604 0.0 0.0 1.0 0.0 0.1 0.0 0.0 0.0 0.0 0.0 0.0 0.0
12.569938791 7.41828333811 14.4385682163 0.0 0.0 1.0 0.0 0.1 0.0 0.0 0.0 0.0 0.0 0.0 0.0
10.6299353179 9.51709534256 14.0891844299 0.0 0.0 1.0 0.0 0.1 0.0 0.0 0.0 0.0 0.0 0.0 0.0
8.68375433613 14.3780828964 5.18621744246 0.0 0.0 1.0 0.0 0.1 0.0 0.0 0.0 0.0 0.0 0.0 0.0
8.41559664268 0.334930018923 13.7945917441 0.0 0.0 1.0 0.0 0.1 0.0 0.0 0.0 0.0 0.0 0.0 0.0
15.9324290639 1.89546733352 14.9283179489 0.0 0.0 1.0 0.0 0.1 0.0 0.0 0.0 0.0 0.0 0.0 0.0
9.27095488528 9.67678904203 1.48714915696 0.0 0.0 1.0 0.0 0.1 0.0 0.0 0.0 0.0 0.0 0.0 0.0
19.6146641244 0.698532487386 12.0751501258 0.0 0.0 1.0 0.0 0.1 0.0 0.0 0.0 0.0 0.0 0.0 0.0
6.58909799743 14.1017256552 5.88807368331 0.0 0.0 1.0 0.0 0.1 0.0 0.0 0.0 0.0 0.0 0.0 0.0
4.86099643648 4.35270506977 0.270565172834 0.0 0.0 1.0 0.0 0.1 0.0 0.0 0.0 0.0 0.0 0.0 0.0
15.3438312 18.1133275161 16.2275932954 0.0 0.0 1.0 0.0 0.1 0.0 0.0 0.0 0.0 0.0 0.0 0.0
19.5306006232 0.926294282814 6.71123592262 0.0 0.0 1.0 0.0 0.1 0.0 0.0 0.0 0.0 0.0 0.0 0.0
6.38007496379 10.5934242442 15.6033593235 0.0 0.0 1.0 0.0 0.1 0.0 0.0 0.0 0.0 0.0 0.0 0.0
3.09264601922 9.79799764017 12.8409773972 0.0 0.0 1.0 0.0 0.1 0.0 0.0 0.0 0.0 0.0 0.0 0.0
5.4901705665 4.35627688562 16.5692763722 0.0 0.0 1.0 0.0 0.1 0.0 0.0 0.0 0.0 0.0 0.0 0.0
19.2780611902 7.30385449124 18.5599834727 0.0 0.0 1.0 0.0 0.1 0.0 0.0 0.0 0.0 0.0 0.0 0.0
0.00395312060375 15.5429318942 3.61986487134 0.0 0.0 1.0 0.0 0.1 0.0 0.0 0.0 0.0 0.0 0.0 0.0
1.8617441454 9.21744141077 6.94061652744 0.0 0.0 1.0 0.0 0.1 0.0 0.0 0.0 0.0 0.0 0.0 0.0
13.5245546455 19.2816467459 11.2175479077 0.0 0.0 1.0 0.0 0.1 0.0 0.0 0.0 0.0 0.0 0.0 0.0
11.2495052669 17.0562301563 17.79042642 0.0 0.0 1.0 0.0 0.1 0.0 0.0 0.0 0.0 0.0 0.0 0.0
16.5400523224 14.5985989304 0.901326662263 0.0 0.0 1.0 0.0 0.1 0.0 0.0 0.0 0.0 0.0 0.0 0.0
2.79760443025 14.9350044341 9.51626500504 0.0 0.0 1.0 0.0 0.1 0.0 0.0 0.0 0.0 0.0 0.0 0.0
10.9472168746 13.3845458763 15.5055921296 0.0 0.0 1.0 0.0 0.1 0.0 0.0 0.0 0.0 0.0 0.0 0.0
7.74666922495 19.9742258784 16.4336920084 0.0 0.0 1.0 0.0 0.1 0.0 0.0 0.0 0.0 0.0 0.0 0.0
0.471087348241 7.60271252989 12.9433745393 0.0 0.0 1.0 0.0 0.1 0.0 0.0 0.0 0.0 0.0 0.0 0.0
17.5611896719 6.14055541973 14.4504762396 0.0 0.0 1.0 0.0 0.1 0.0 0.0 0.0 0.0 0.0 0.0 0.0
10.665039553 7.77228126364 18.4099883934 0.0 0.0 1.0 0.0 0.1 0.0 0.0 0.0 0.0 0.0 0.0 0.0
18.0157130398 4.7209730025 19.9099695 0.0 0.0 1.0 0.0 0.1 0.0 0.0 0.0 0.0 0.0 0.0 0.0
15.1114087866 10.5085949356 3.41289383173 0.0 0.0 1.0 0.0 0.1 0.0 0.0 0.0 0.0 0.0 0.0 0.0
5.5448099018 11.6270155075 17.288574931 0.0 0.0 1.0 0.0 0.1 0.0 0.0 0.0 0.0 0.0 0.0 0.0
4.46742273539 9.39657847793 17.1839441418 0.0 0.0 1.0 0.0 0.1 0.0 0.0 0.0 0.0 0.0 0.0 0.0
3.89394570541 7.80899759822 19.2033716321 0.0 0.0 1.0 0.0 0.1 0.0 0.0 0.0 0.0 0.0 0.0 0.0
7.93449163887 10.9838672212 13.992158978 0.0 0.0 1.0 0.0 0.1 0.0 0.0 0.0 0.0 0.0 0.0 0.0
12.1065903365 7.05123152097 18.4377890366 0.0 0.0 1.0 0.0 0.1 0.0 0.0 0.0 0.0 0.0 0.0 0.0
14.708712765 4.53609959235 1.63200921997 0.0 0.0 1.0 0.0 0.1 0.0 0.0 0.0 0.0 0.0 0.0 0.0
15.2812875713 10.2767480597 5.9320468959 0.0 0.0 1.0 0.0 0.1 0.0 0.0 0.0 0.0 0.0 0.0 0.0
9.94392879807 0.232924019401 12.6704359006 0.0 0.0 1.0 0.0 0.1 0.0 0.0 0.0 0.0 0.0 0.0 0.0
1.94928053929 0.0268008309717 0.0999093675361 0.0 0.0 1.0 0.0 0.1 0.0 0.0 0.0 0.0 0.0 0.0 0.0
5.68204755867 19.6902087531 2.07730426263 0.0 0.0 1.0 0.0 0.1 0.0 0.0 0.0 0.0 0.0 0.0 0.0
2.34485942583 12.3563051668 9.9442680647 0.0 0.0 1.0 0.0 0.1 0.0 0.0 0.0 0.0 0.0 0.0 0.0
1.41523560065 19.3014297723 5.69207572072 0.0 0.0 1.0 0.0 0.1 0.0 0.0 0.0 0.0 0.0 0.0 0.0
1.80964202033 3.27008944238 9.65141529104 0.0 0.0 1.0 0.0 0.1 0.0 0.0 0.0 0.0 0.0 0.0 0.0
2.92616911795 19.2085764465 1.64419390154 0.0 0.0 1.0 0.0 0.1 0.0 0.0 0.0 0.0 0.0 0.0 0.0
3.58798835399 10.2770300325 6.56397626438 0.0 0.0 1.0 0.0 0.1 0.0 0.0 0.0 0.0 0.0 0.0 0.0
18.4428898634 17.5647473496 19.1386414824 0.0 0.0 1.0 0.0 0.1 0.0 0.0 0.0 0.0 0.0 0.0 0.0
10.3260242668 16.0942391631 18.6865024034 0.0 0.0 1.0 0.0 0.1 0.0 0.0 0.0 0.0 0.0 0.0 0.0
3.67640225309 15.0977162096 15.5518108469 0.0 0.0 1.0 0.0 0.1 0.0 0.0 0.0 0.0 0.0 0.0 0.0
1.8210765738 0.125954915583 8.36122897648 0.0 0.0 1.0 0.0 0.1 0.0 0.0 0.0 0.0 0.0 0.0 0.0
6.23335184831 2.54268253801 3.42931933459 0.0 0.0 1.0 0.0 0.1 0.0 0.0 0.0 0.0 0.0 0.0 0.0
8.77127478489 19.0434099593 3.81375983887 0.0 0.0 1.0 0.0 0.1 0.0 0.0 0.0 0.0 0.0 0.0 0.0
19.6987707203 14.4347518914 1.7137829887 0.0 0.0 1.0 0.0 0.1 0.0 0.0 0.0 0.0 0.0 0.0 0.0
0.195795056878 8.84481767253 2.69957175495 0.0 0.0 1.0 0.0 0.1 0.0 0.0 0.0 0.0 0.0 0.0 0.0
8.91226179614 9.93552144315 12.5740345816 0.0 0.0 1.0 0.0 0.1 0.0 0.0 0.0 0.0 0.0 0.0 0.0
4.71431906588 6.44010292924 13.5784484412 0.0 0.0 1.0 0.0 0.1 0.0 0.0 0.0 0.0 0.0 0.0 0.0
16.1524605161 14.5089575716 6.0822345714 0.0 0.0 1.0 0.0 0.1 0.0 0.0 0.0 0.0 0.0 0.0 0.0
19.3291178127 18.782655354 18.9308850347 0.0 0.0 1.0 0.0 0.1 0.0 0.0 0.0 0.0 0.0 0.0 0.0
13.7973381374 18.9833607126 19.1122490627 0.0 0.0 1.0 0.0 0.1 0.0 0.0 0.0 0.0 0.0 0.0 0.0
19.164435628 16.320037318 8.09981136503 0.0 0.0 1.0 0.0 0.1 0.0 0.0 0.0 0.0 0.0 0.0 0.0
17.9802665069 15.6992750283 18.1431042316 0.0 0.0 1.0 0.0 0.1 0.0 0.0 0.0 0.0 0.0 0.0 0.0
2.86261076322 18.0627251349 6.61709777402 0.0 0.0 1.0 0.0 0.1 0.0 0.0 0.0 0.0 0.0 0.0 0.0
9.20206460035 16.8546243119 0.448411956812 0.0 0.0 1.0 0.0 0.1 0.0 0.0 0.0 0.0 0.0 0.0 0.0
10.2302125195 12.8963639959 5.68780517668 0.0 0.0 1.0 0.0 0.1 0.0 0.0 0.0 0.0 0.0 0.0 0.0
12.8398943243 8.70918951218 8.47820859707 0.0 0.0 1.0 0.0 0.1 0.0 0.0 0.0 0.0 0.0 0.0 0.0
0.652739149452 8.08535062074 18.5681536815 0.0 0.0 1.0 0.0 0.1 0.0 0.0 0.0 0.0 0.0 0.0 0.0
15.7171967697 13.1572679568 0.10505352748 0.0 0.0 1.0 0.0 0.1 0.0 0.0 0.0 0.0 0.0 0.0 0.0
15.286180871 11.0481211642 9.70937761609 0.0 0.0 1.0 0.0 0.1 0.0 0.0 0.0 0.0 0.0 0.0 0.0
13.2196252372 16.1863529051 3.29447707469 0.0 0.0 1.0 0.0 0.1 0.0 0.0 0.0 0.0 0.0 0.0 0.0
19.429040953 3.48212591407 14.1890389519 0.0 0.0 1.0 0.0 0.1 0.0 0.0 0.0 0.0 0.0 0.0 0.0
14.2647258365 8.02553520529 13.4220593987 0.0 0.0 1.0 0.0 0.1 0.0 0.0 0.0 0.0 0.0 0.0 0.0
15.3919167588 10.8992578458 18.8536786561 0.0 0.0 1.0 0.0 0.1 0.0 0.0 0.0 0.0 0.0 0.0 0.0
15.6051439684 14.9532541364 4.30340275118 0.0 0.0 1.0 0.0 0.1 0.0 0.0 0.0 0.0 0.0 0.0 0.0
6.50545974844 6.53888741816 13.0049309715 0.0 0.0 1.0 0.0 0.1 0.0 0.0 0.0 0.0 0.0 0.0 0.0
11.9001407887 15.5087375785 15.665931234 0.0 0.0 1.0 0.0 0.1 0.0 0.0 0.0 0.0 0.0 0.0 0.0
8.07026980989 3.66467370219 8.82182788732 0.0 0.0 1.0 0.0 0.1 0.0 0.0 0.0 0.0 0.0 0.0 0.0
13.6674718554 4.54497610657 11.4643605842 0.0 0.0 1.0 0.0 0.1 0.0 0.0 0.0 0.0 0.0 0.0 0.0
12.2290828021 1.56572411946 14.8842715149 0.0 0.0 1.0 0.0 0.1 0.0 0.0 0.0 0.0 0.0 0.0 0.0
12.9171952812 4.13288947152 9.85976709179 0.0 0.0 1.0 0.0 0.1 0.0 0.0 0.0 0.0 0.0 0.0 0.0
7.85226179322 12.2112692372 16.9055808819 0.0 0.0 1.0 0.0 0.1 0.0 0.0 0.0 0.0 0.0 0.0 0.0
14.1066195711 1.80747221164 10.9000049185 0.0 0.0 1.0 0.0 0.1 0.0 0.0 0.0 0.0 0.0 0.0 0.0
13.1936619389 18.1519533451 7.60288668621 0.0 0.0 1.0 0.0 0.1 0.0 0.0 0.0 0.0 0.0 0.0 0.0
10.8976799993 14.6661438903 5.99377025381 0.0 0.0 1.0 0.0 0.1 0.0 0.0 0.0 0.0 0.0 0.0 0.0
12.4912495207 18.8549726865 12.3146061114 0.0 0.0 1.0 0.0 0.1 0.0 0.0 0.0 0.0 0.0 0.0 0.0
19.7862495836 3.84233534963 0.381727265832 0.0 0.0 1.0 0.0 0.1 0.0 0.0 0.0 0.0 0.0 0.0 0.0
1.24858864789 4.30757872975 15.1408574594 0.0 0.0 1.0 0.0 0.1 0.0 0.0 0.0 0.0 0.0 0.0 0.0
16.5490004271 4.07825855003 1.14661250606 0.0 0.0 1.0 0.0 0.1 0.0 0.0 0.0 0.0 0.0 0.0 0.0
14.7483581535 0.831160762325 15.304603697 0.0 0.0 1.0 0.0 0.1 0.0 0.0 0.0 0.0 0.0 0.0 0.0
14.229595199 9.88740747456 19.6343037698 0.0 0.0 1.0 0.0 0.1 0.0 0.0 0.0 0.0 0.0 0.0 0.0
2.9605542542 11.2981627402 0.289675331265 0.0 0.0 1.0 0.0 0.1 0.0 0.0 0.0 0.0 0.0 0.0 0.0
12.2338189582 18.0700623498 19.6383310939 0.0 0.0 1.0 0.0 0.1 0.0 0.0 0.0 0.0 0.0 0.0 0.0
11.9893283681 17.5249632215 13.8267537469 0.0 0.0 1.0 0.0 0.1 0.0 0.0 0.0 0.0 0.0 0.0 0.0
8.66375292626 6.56027973701 7.86134178983 0.0 0.0 1.0 0.0 0.1 0.0 0.0 0.0 0.0 0.0 0.0 0.0
4.43074653986 5.22052782023 8.25480598311 0.0 0.0 1.0 0.0 0.1 0.0 0.0 0.0 0.0 0.0 0.0 0.0
13.7461312299 11.3613184246 8.44193667926 0.0 0.0 1.0 0.0 0.1 0.0 0.0 0.0 0.0 0.0 0.0 0.0
3.13921620936 5.55982322036 10.0660509311 0.0 0.0 1.0 0.0 0.1 0.0 0.0 0.0 0.0 0.0 0.0 0.0
9.80016541646 4.07530628181 2.72489051255 0.0 0.0 1.0 0.0 0.1 0.0 0.0 0.0 0.0 0.0 0.0 0.0
18.5478269547 2.63190289029 13.0013096499 0.0 0.0 1.0 0.0 0.1 0.0 0.0 0.0 0.0 0.0 0.0 0.0
8.08252431797 4.62406263212 16.8301608222 0.0 0.0 1.0 0.0 0.1 0.0 0.0 0.0 0.0 0.0 0.0 0.0
19.6895287119 2.7500329429 7.31058199615 0.0 0.0 1.0 0.0 0.1 0.0 0.0 0.0 0.0 0.0 0.0 0.0
2.0020777396 10.193115561 8.93522146785 0.0 0.0 1.0 0.0 0.1 0.0 0.0 0.0 0.0 0.0 0.0 0.0
7.0588953062 4.06785356927 17.8940287372 0.0 0.0 1.0 0.0 0.1 0.0 0.0 0.0 0.0 0.0 0.0 0.0
3.04981978213 19.6025432321 6.89847665011 0.0 0.0 1.0 0.0 0.1 0.0 0.0 0.0 0.0 0.0 0.0 0.0
0.42720329993 11.9581036812 16.481548832 0.0 0.0 1.0 0.0 0.1 0.0 0.0 0.0 0.0 0.0 0.0 0.0
12.6095457649 1.76323537381 9.68473709952 0.0 0.0 1.0 0.0 0.1 0.0 0.0 0.0 0.0 0.0 0.0 0.0
11.7019620038 2.22671115905 1.0253409795 0.0 0.0 1.0 0.0 0.1 0.0 0.0 0.0 0.0 0.0 0.0 0.0
12.1429226382 3.82495558756 4.33288623142 0.0 0.0 1.0 0.0 0.1 0.0 0.0 0.0 0.0 0.0 0.0 0.0
4.71157792471 15.9109949154 7.70234355982 0.0 0.0 1.0 0.0 0.1 0.0 0.0 0.0 0.0 0.0 0.0 0.0
5.22014484274 17.7684343746 10.4375291461 0.0 0.0 1.0 0.0 0.1 0.0 0.0 0.0 0.0 0.0 0.0 0.0
12.0350612442 4.35531192195 6.74036653233 0.0 0.0 1.0 0.0 0.1 0.0 0.0 0.0 0.0 0.0 0.0 0.0
3.19171321838 0.888122660233 14.3393282999 0.0 0.0 1.0 0.0 0.1 0.0 0.0 0.0 0.0 0.0 0.0 0.0
11.3323674673 12.1723520915 8.73763468111 0.0 0.0 1.0 0.0 0.1 0.0 0.0 0.0 0.0 0.0 0.0 0.0
0.540941370604 16.9127420677 16.5755761694 0.0 0.0 1.0 0.0 0.1 0.0 0.0 0.0 0.0 0.0 0.0 0.0
13.6964858098 18.9664685886 1.03199591788 0.0 0.0 1.0 0.0 0.1 0.0 0.0 0.0 0.0 0.0 0.0 0.0
13.6829021292 1.78460630176 4.92871114408 0.0 0.0 1.0 0.0 0.1 0.0 0.0 0.0 0.0 0.0 0.0 0.0
12.2918666102 2.63267005443 18.1248393606 0.0 0.0 1.0 0.0 0.1 0.0 0.0 0.0 0.0 0.0 0.0 0.0
18.2305427362 11.4645177432 19.7234958035 0.0 0.0 1.0 0.0 0.1 0.0 0.0 0.0 0.0 0.0 0.0 0.0
14.5829911532 4.94768112665 3.10195623078 0.0 0.0 1.0 0.0 0.1 0.0 0.0 0.0 0.0 0.0 0.0 0.0
0.425288814576 3.46842338059 10.5888253629 0.0 0.0 1.0 0.0 0.1 0.0 0.0 0.0 0.0 0.0 0.0 0.0
15.2610645118 14.4446153538 10.5015578402 0.0 0.0 1.0 0.0 0.1 0.0 0.0 0.0 0.0 0.0 0.0 0.0
19.4852769986 10.6322808768 18.5640964766 0.0 0.0 1.0 0.0 0.1 0.0 0.0 0.0 0.0 0.0 0.0 0.0
16.5579413084 6.53533442265 7.69494758597 0.0 0.0 1.0 0.0 0.1 0.0 0.0 0.0 0.0 0.0 0.0 0.0
1.75566795756 10.9337474056 17.7463043331 0.0 0.0 1.0 0.0 0.1 0.0 0.0 0.0 0.0 0.0 0.0 0.0
8.35354563229 16.768084083 3.08078875709 0.0 0.0 1.0 0.0 0.1 0.0 0.0 0.0 0.0 0.0 0.0 0.0
15.8345937871 8.87094379705 18.4278644647 0.0 0.0 1.0 0.0 0.1 0.0 0.0 0.0 0.0 0.0 0.0 0.0
18.7165323837 1.06515213578 8.21920997162 0.0 0.0 1.0 0.0 0.1 0.0 0.0 0.0 0.0 0.0 0.0 0.0
14.1547110855 2.40162737301 19.6095680444 0.0 0.0 1.0 0.0 0.1 0.0 0.0 0.0 0.0 0.0 0.0 0.0
8.76693693344 5.01478662746 3.87899124664 0.0 0.0 1.0 0.0 0.1 0.0 0.0 0.0 0.0 0.0 0.0 0.0
15.2972600085 1.64897373089 8.40922596808 0.0 0.0 1.0 0.0 0.1 0.0 0.0 0.0 0.0 0.0 0.0 0.0
13.9595560878 9.98825606304 6.60849287743 0.0 0.0 1.0 0.0 0.1 0.0 0.0 0.0 0.0 0.0 0.0 0.0
15.240982315 8.85161542346 3.58557922982 0.0 0.0 1.0 0.0 0.1 0.0 0.0 0.0 0.0 0.0 0.0 0.0
0.23766559975 9.32651948895 11.9308095619 0.0 0.0 1.0 0.0 0.1 0.0 0.0 0.0 0.0 0.0 0.0 0.0
7.51942664322 1.96876180594 4.70738530893 0.0 0.0 1.0 0.0 0.1 0.0 0.0 0.0 0.0 0.0 0.0 0.0
19.6100568903 10.9078779085 13.1758162786 0.0 0.0 1.0 0.0 0.1 0.0 0.0 0.0 0.0 0.0 0.0 0.0
0.585657951631 5.22188039845 16.6278056679 0.0 0.0 1.0 0.0 0.1 0.0 0.0 0.0 0.0 0.0 0.0 0.0
18.6487674907 8.81376824355 10.3761476054 0.0 0.0 1.0 0.0 0.1 0.0 0.0 0.0 0.0 0.0 0.0 0.0
14.8125755081 16.1076389984 5.75426370003 0.0 0.0 1.0 0.0 0.1 0.0 0.0 0.0 0.0 0.0 0.0 0.0
0.739928310197 16.9443703556 13.7740231703 0.0 0.0 1.0 0.0 0.1 0.0 0.0 0.0 0.0 0.0 0.0 0.0
9.34615997192 8.8420648491 14.7563790297 0.0 0.0 1.0 0.0 0.1 0.0 0.0 0.0 0.0 0.0 0.0 0.0
17.5930903496 15.7566591254 6.09308889293 0.0 0.0 1.0 0.0 0.1 0.0 0.0 0.0 0.0 0.0 0.0 0.0
1.65875823398 16.2667377391 18.9302365587 0.0 0.0 1.0 0.0 0.1 0.0 0.0 0.0 0.0 0.0 0.0 0.0
18.5417019943 9.16985272084 12.5918101616 0.0 0.0 1.0 0.0 0.1 0.0 0.0 0.0 0.0 0.0 0.0 0.0
15.9243036097 1.71135099847 6.59396773524 0.0 0.0 1.0 0.0 0.1 0.0 0.0 0.0 0.0 0.0 0.0 0.0
7.90140144687 3.9810289546 14.4013176124 0.0 0.0 1.0 0.0 0.1 0.0 0.0 0.0 0.0 0.0 0.0 0.0
13.0732098378 11.9003779807 6.57758062573 0.0 0.0 1.0 0.0 0.1 0.0 0.0 0.0 0.0 0.0 0.0 0.0
7.28236338115 15.0366081107 10.5078637279 0.0 0.0 1.0 0.0 0.1 0.0 0.0 0.0 0.0 0.0 0.0 0.0
2.80294464378 2.90513445258 1.92509509281 0.0 0.0 1.0 0.0 0.1 0.0 0.0 0.0 0.0 0.0 0.0 0.0
6.00957113454 4.09972788649 7.52944785145 0.0 0.0 1.0 0.0 0.1 0.0 0.0 0.0 0.0 0.0 0.0 0.0
17.353174293 4.90915814082 2.75332150486 0.0 0.0 1.0 0.0 0.1 0.0 0.0 0.0 0.0 0.0 0.0 0.0
10.0280367887 12.9646472481 0.120738133497 0.0 0.0 1.0 0.0 0.1 0.0 0.0 0.0 0.0 0.0 0.0 0.0
2.3712775078 16.7574359299 7.20481281271 0.0 0.0 1.0 0.0 0.1 0.0 0.0 0.0 0.0 0.0 0.0 0.0
14.0452631809 0.413721968614 18.6674225593 0.0 0.0 1.0 0.0 0.1 0.0 0.0 0.0 0.0 0.0 0.0 0.0
2.31336031414 6.73747268654 17.9819582695 0.0 0.0 1.0 0.0 0.1 0.0 0.0 0.0 0.0 0.0 0.0 0.0
3.19383807316 4.94810691513 16.75171668 0.0 0.0 1.0 0.0 0.1 0.0 0.0 0.0 0.0 0.0 0.0 0.0
1.70802845349 17.4683906801 4.0223821296 0.0 0.0 1.0 0.0 0.1 0.0 0.0 0.0 0.0 0.0 0.0 0.0
7.98126185699 12.6105412956 19.7387471011 0.0 0.0 1.0 0.0 0.1 0.0 0.0 0.0 0.0 0.0 0.0 0.0
3.38809972102 13.907493089 8.05223958312 0.0 0.0 1.0 0.0 0.1 0.0 0.0 0.0 0.0 0.0 0.0 0.0
10.8490270283 12.0838292943 19.830806927 0.0 0.0 1.0 0.0 0.1 0.0 0.0 0.0 0.0 0.0 0.0 0.0
4.49340599643 2.9014274049 7.68081588523 0.0 0.0 1.0 0.0 0.1 0.0 0.0 0.0 0.0 0.0 0.0 0.0
0.948022161925 15.5009563888 4.82531585706 0.0 0.0 1.0 0.0 0.1 0.0 0.0 0.0 0.0 0.0 0.0 0.0
11.7067264621 12.1841880738 0.960098819385 0.0 0.0 1.0 0.0 0.1 0.0 0.0 0.0 0.0 0.0 0.0 0.0
14.5965011441 12.0850870262 16.0759408412 0.0 0.0 1.0 0.0 0.1 0.0 0.0 0.0 0.0 0.0 0.0 0.0
14.7467231278 3.09802043818 5.3766936877 0.0 0.0 1.0 0.0 0.1 0.0 0.0 0.0 0.0 0.0 0.0 0.0
4.97865189259 14.5037313784 5.25132941295 0.0 0.0 1.0 0.0 0.1 0.0 0.0 0.0 0.0 0.0 0.0 0.0
6.84131303824 0.896095511436 2.34079463334 0.0 0.0 1.0 0.0 0.1 0.0 0.0 0.0 0.0 0.0 0.0 0.0
17.2790369129 9.42999131573 4.16129292381 0.0 0.0 1.0 0.0 0.1 0.0 0.0 0.0 0.0 0.0 0.0 0.0
9.19788206767 14.4976073675 19.0237880079 0.0 0.0 1.0 0.0 0.1 0.0 0.0 0.0 0.0 0.0 0.0 0.0
1.1957465931 11.7867293078 14.7140944058 0.0 0.0 1.0 0.0 0.1 0.0 0.0 0.0 0.0 0.0 0.0 0.0
7.69227279936 12.2532888089 14.8291923625 0.0 0.0 1.0 0.0 0.1 0.0 0.0 0.0 0.0 0.0 0.0 0.0
0.689456027617 19.6809305739 15.5349641005 0.0 0.0 1.0 0.0 0.1 0.0 0.0 0.0 0.0 0.0 0.0 0.0
13.4261686948 0.461300227614 17.230507858 0.0 0.0 1.0 0.0 0.1 0.0 0.0 0.0 0.0 0.0 0.0 0.0
14.606753415 0.213800948416 0.571482941491 0.0 0.0 1.0 0.0 0.1 0.0 0.0 0.0 0.0 0.0 0.0 0.0
10.9527164555 11.885628396 11.7962954458 0.0 0.0 1.0 0.0 0.1 0.0 0.0 0.0 0.0 0.0 0.0 0.0
0.330604460298 10.555965774 6.74458896261 0.0 0.0 1.0 0.0 0.1 0.0 0.0 0.0 0.0 0.0 0.0 0.0
11.7363507463 7.91297098122 6.44639415021 0.0 0.0 1.0 0.0 0.1 0.0 0.0 0.0 0.0 0.0 0.0 0.0
19.6704512795 5.58580574902 9.18921058527 0.0 0.0 1.0 0.0 0.1 0.0 0.0 0.0 0.0 0.0 0.0 0.0
16.4970066483 9.58071977063 13.4617034538 0.0 0.0 1.0 0.0 0.1 0.0 0.0 0.0 0.0 0.0 0.0 0.0
17.6512010474 12.2495522884 17.4279081591 0.0 0.0 1.0 0.0 0.1 0.0 0.0 0.0 0.0 0.0 0.0 0.0
18.3351513878 15.8502583838 16.6512756278 0.0 0.0 1.0 0.0 0.1 0.0 0.0 0.0 0.0 0.0 0.0 0.0
8.14681309131 6.15357895129 10.2405722475 0.0 0.0 1.0 0.0 0.1 0.0 0.0 0.0 0.0 0.0 0.0 0.0
12.2533041659 10.6129139679 1.78140169735 0.0 0.0 1.0 0.0 0.1 0.0 0.0 0.0 0.0 0.0 0.0 0.0
19.7511766474 11.872313765 17.1752181161 0.0 0.0 1.0 0.0 0.1 0.0 0.0 0.0 0.0 0.0 0.0 0.0
1.89507913776 1.10034246483 10.1095102787 0.0 0.0 1.0 0.0 0.1 0.0 0.0 0.0 0.0 0.0 0.0 0.0
18.060616021 14.8685116925 0.592684926511 0.0 0.0 1.0 0.0 0.1 0.0 0.0 0.0 0.0 0.0 0.0 0.0
2.91209736579 8.0436508042 16.8285221352 0.0 0.0 1.0 0.0 0.1 0.0 0.0 0.0 0.0 0.0 0.0 0.0
14.8832707291 18.8110028748 13.3909113624 0.0 0.0 1.0 0.0 0.1 0.0 0.0 0.0 0.0 0.0 0.0 0.0
2.53036796587 2.67247297418 12.2733652044 0.0 0.0 1.0 0.0 0.1 0.0 0.0 0.0 0.0 0.0 0.0 0.0
17.0808827998 4.4232830949 15.9826918031 0.0 0.0 1.0 0.0 0.1 0.0 0.0 0.0 0.0 0.0 0.0 0.0
4.60151282675 16.2204598389 10.9647668923 0.0 0.0 1.0 0.0 0.1 0.0 0.0 0.0 0.0 0.0 0.0 0.0
7.45503110444 3.40279023047 1.913393577 0.0 0.0 1.0 0.0 0.1 0.0 0.0 0.0 0.0 0.0 0.0 0.0
1.14814488468 6.52734198036 9.82211321001 0.0 0.0 1.0 0.0 0.1 0.0 0.0 0.0 0.0 0.0 0.0 0.0
17.6637822964 17.1462672396 1.74716185468 0.0 0.0 1.0 0.0 0.1 0.0 0.0 0.0 0.0 0.0 0.0 0.0
