t = 30000
b = 200 200 200
E = -0.654861433273629 -0.814789117799749 0.15992768452612
-5.75636348358901 -4.19850256888182 7.44128671089362 0.152024076515637 -0.743583458582301 -0.651131503261904 0.967361383261465 0.247068777940853 -0.056292827747202 0.0737290173757855 0.188825359684015 -0.141996316202234 0.439174054638759 0.0249645115358967 -0.128956897821368
-5.24893236856877 -4.32562824378854 7.49967347416694 -0.122338418574976 -0.112729297092369 -0.986065568452673 0.887988684642077 0.431325872047124 -0.159480463678399 0.0927263517280003 0.0092026747056887 0.420513689472762 0.0627108492073244 -0.860559069490227 -0.182670962817268
-4.74898187437756 -4.50982303698407 7.34651801517629 -0.271149734339993 0.389245013267472 -0.880321531669012 0.921455799123188 0.36931485730964 -0.120522483013166 0.0250430132537108 0.238629179069906 -0.218592600796491 -0.350474418160079 0.408043549379125 -0.099324634166128
-4.27801946797524 -4.61694985862169 7.11643878563205 -0.39417074782721 0.80254328652335 -0.447832068349455 0.91453221853869 0.390708212607354 -0.104775002429644 0.052988739608189 0.000280042271084024 0.12971132154085 0.375855363684741 -0.173207110691072 0.0667961644389764
-3.92042154577729 -4.53320384564205 6.78200319303237 -0.449435643662262 0.890858782327867 0.066167300398086 0.881415583672576 0.454280179536283 -0.12936745270691 0.296543616618383 0.311058929279679 -0.153106339038601 0.177617671062008 -0.12518147227566 0.312044420049499
-3.63170750290334 -4.33888452660102 6.47733159767263 -0.174916072441308 0.693320415035777 0.699078719674804 0.817649523046065 0.497835881776769 -0.289151645305642 0.234693476393164 -0.416559794701256 -0.366848793174203 0.222708968377472 0.212270088658465 0.135754251484484
-2.97645432180718 -3.95911824982457 6.53670855707073 -0.963674885953406 0.260134109444902 -0.0605041324788903 -0.0111748627971083 0.187069739425452 0.982283085605331 -0.258209171031133 -0.164114171206234 -0.0781046624887964 -0.308356217913854 -0.503563032769203 0.399745209225293
-3.00131291342709 -3.6716123790836 6.94061740339743 -0.725365082574751 -0.688053360037754 0.0206856399437212 0.00471804505338168 0.0250802902268364 0.999674257195063 -0.319998426772205 0.0491934944295202 0.465533040769434 -0.0425317105723631 -0.181429941057359 0.16450577612768
-3.39499449928255 -3.55250716623257 7.29595273085683 0.107595289139171 -0.983745435027143 0.143763814278866 -0.0573977596905831 0.138215616541929 0.988737472180956 -0.0101533263751306 0.0854316320415229 0.280087251090873 -0.338568497432687 -0.348103795362612 -0.0271668833421226
-2.98175899568193 -3.44675573136536 8.12433976312627 0.485144835144099 -0.198187305984409 0.85167844582104 -0.657044271373708 -0.725303016455734 0.205495177313811 0.178393940508957 -0.558997858166802 -0.349469047590005 0.0751057653866684 -0.0398594453695179 -0.420201898013728
-3.95494459643336 -3.32185489650323 7.19520775819325 0.252470736783128 -0.750070902679553 -0.611270827770874 -0.964571159136911 -0.245080178109371 -0.097662907128799 0.178727648643318 0.00357457493407808 0.194033180706186 0.445666827984899 -0.162728431993528 -0.161842818456341
-4.39437510544727 -3.40061021757589 6.85807752367467 0.387470992527834 -0.921881162125344 -0.00112734731765755 -0.916691877093199 -0.385159773547578 -0.106432256242047 -0.306508188085619 0.230031554309954 -0.218732874302597 0.313919063232568 0.275486002069788 -0.127548019510005
-4.7529442550092 -3.61994714731571 6.51542849277441 0.34681728714451 -0.800574083159635 0.488670427168054 -0.829992676667071 -0.504617643324681 -0.237640704459951 -0.0628658903184508 0.0157024796227465 -0.830179144236011 0.0531102414057073 0.0587416861939844 -0.234419209740315
-5.1456486936182 -4.01015851511073 6.37842318382994 0.365994103806111 -0.48821425138516 0.792272111355071 -0.811580713507317 -0.584047332535811 0.0150119212577481 0.013645779736456 -0.36923136870165 0.463034206821322 -0.0972177191625157 0.246656866570762 0.153964801762822
-5.29553594215295 -4.45304570542839 6.32191338547923 -0.048137874300606 0.172619680616966 0.98381151390414 -0.844654447643426 -0.532765598219858 0.0521501981473315 0.21757011848476 0.283839264221087 0.168080374222392 0.040217020455185 -0.134063194779768 -0.133175529794027
-5.57340463551873 -4.89482834090566 6.45363276381671 -0.228535379480961 0.636125724665612 0.73696377392705 -0.812067848581228 -0.54208233099155 0.216084285948022 0.315319670287234 -0.509492052365151 0.0261907805325866 -0.0251265293193327 0.36737775681285 0.366437685379701
114.45472875372 158.611539375652 95.1292305147399 0.227341525289933 0.519561861822526 0.823632937411431 -0.120122821603251 0.854282295512989 -0.505739295578844 0 0 0 0 0 0
163.155862512989 49.1100511538774 116.752183491869 -0.0281573140630799 -0.615171611450319 0.787890208109082 0.837988625194836 -0.444236706570506 -0.31690490197482 0 0 0 0 0 0
136.763835634721 36.9632917540941 139.906244823303 0.547046772745221 -0.48940742528131 0.679131879572901 -0.505441525592867 0.453596289530962 0.734015787056436 0 0 0 0 0 0
80.7135468718156 78.8776163375884 85.0398445104559 -0.845616700235247 0.533210860961192 0.0248694334443071 0.285202818235361 0.49070271097678 -0.823328677628603 0 0 0 0 0 0
100.161284655191 202.280059676772 48.6983617059752 -0.750485580985688 0.653708400765933 -0.0971424275669076 0.642574609062405 0.756126751561192 0.123976434485659 0 0 0 0 0 0
106.226754015624 101.814335870146 155.744925269136 -0.933722225450368 -0.356059321608089 0.03720834717975 -0.330871959556699 0.897985051839801 0.290080281938846 0 0 0 0 0 0
129.328427495264 55.064949770519 89.6813484067035 0.331324249144421 -0.386125351523382 0.860889861366604 0.858768815696798 -0.254529541393994 -0.444669227919139 0 0 0 0 0 0
