t = 30000
b = 200 200 200
E = -0.398587607231765 -0.492903934003579 0.0943163267718141
-5.665417687103 -3.34803665042742 7.65901031156858 -0.226170068222705 -0.667729722621046 -0.709213675997888 0.807636414088483 0.278502130060072 -0.519769079963612 0.0737290173757855 0.188825359684015 -0.141996316202234 0.439174054638759 0.0249645115358967 -0.128956897821368
-5.2028478618324 -3.60625830270004 7.52383637923029 -0.500144694801736 -0.061704716197132 -0.863740533656353 0.863215709973656 0.0435581111036922 -0.502952527706968 0.0927263517280003 0.0092026747056887 0.420513689472762 0.0627108492073244 -0.860559069490227 -0.182670962817268
-4.86276532457623 -3.91308984056016 7.25641086683607 -0.377223902973898 0.530958990514754 -0.758804679347899 0.815088929228935 -0.198656881561947 -0.54421077024221 0.0250430132537108 0.238629179069906 -0.218592600796491 -0.350474418160079 0.408043549379125 -0.099324634166128
-4.5266549262567 -4.13744457101291 6.86520930797089 -0.439408917851309 0.780235048587377 -0.445143726685466 0.736860581163373 0.0296521967187404 -0.675394056936981 0.052988739608189 0.000280042271084024 0.12971132154085 0.375855363684741 -0.173207110691072 0.0667961644389764
-4.35254008035577 -4.18252383111286 6.35347434948362 -0.0700278950232669 0.994583730628245 0.0768061269600591 0.755451068104423 0.10315749411691 -0.647033295131472 0.296543616618383 0.311058929279679 -0.153106339038601 0.177617671062008 -0.12518147227566 0.312044420049499
-4.22738201011981 -4.01263890792256 5.89010507566337 0.282738095982533 0.802642523958064 0.525189522516417 0.681240216043886 0.217419135551378 -0.699028377699769 0.234693476393164 -0.416559794701256 -0.366848793174203 0.222708968377472 0.212270088658465 0.135754251484484
-3.65235485392702 -4.11971647998513 5.59373513038629 -0.589669339553723 0.392338095998707 0.705946718779395 0.474494272897361 -0.539034373416349 0.695914564037744 -0.258209171031133 -0.164114171206234 -0.0781046624887964 -0.308356217913854 -0.503563032769203 0.399745209225293
-3.28859521791514 -4.08554145324089 6.0065599941631 -0.895062333271861 -0.158643578062118 0.416767944669109 0.439260773888515 -0.474807521795145 0.762632083763908 -0.319998426772205 0.0491934944295202 0.465533040769434 -0.0425317105723631 -0.181429941057359 0.16450577612768
-3.16384397746958 -4.07072466312141 6.53873989566898 -0.61734899576091 -0.777725576827924 -0.118418815309496 0.5403120370079 -0.528583130433123 0.654723333177015 -0.0101533263751306 0.0854316320415229 0.280087251090873 -0.338568497432687 -0.348103795362612 -0.0271668833421226
-3.49065929169254 -3.67343090614213 6.8677362733762 -0.333334568824591 -0.921070832678709 -0.201287095021986 0.746986129526841 -0.388273201098193 0.539680934978863 0.178393940508957 -0.558997858166802 -0.349469047590005 0.0751057653866684 -0.0398594453695179 -0.420201898013728
-3.94465580044096 -3.05051087688443 6.5348528829841 -0.233451550646829 -0.799914873054044 -0.552843944631264 -0.838065061679835 -0.122798118608295 0.531570709490492 0.178727648643318 0.00357457493407808 0.194033180706186 0.445666827984899 -0.162728431993528 -0.161842818456341
-4.4203006917659 -3.02144221386121 6.43057085677839 -0.00768700579511593 -0.999912859445484 -0.0107286381982437 -0.946441702758211 0.00381188627301532 0.322852055395854 -0.306508188085619 0.230031554309954 -0.218732874302597 0.313919063232568 0.275486002069788 -0.127548019510005
-4.9665784765125 -3.10886905206482 6.35717006999372 0.309134759085345 -0.824362363692385 0.474196452141631 -0.905052439302531 -0.101870601202496 0.41291932423674 -0.0628658903184508 0.0157024796227465 -0.830179144236011 0.0531102414057073 0.0587416861939844 -0.234419209740315
-5.42348318606014 -3.36324088734639 6.36685111962034 0.478379376335114 -0.571960712621544 0.666343794493293 -0.875693029680714 -0.253946924859387 0.410697649446977 0.013645779736456 -0.36923136870165 0.463034206821322 -0.0972177191625157 0.246656866570762 0.153964801762822
-5.73560983959823 -3.81762426057045 6.51750577316981 0.407624267549672 0.222129811280763 0.885720449593549 -0.839153043366052 -0.291370725845468 0.45926596072111 0.21757011848476 0.283839264221087 0.168080374222392 0.040217020455185 -0.134063194779768 -0.133175529794027
-5.9433239870722 -4.16280197823014 6.73897139106074 0.217377107709703 0.60328792921395 0.767327057324287 -0.697999243033067 -0.453443499097821 0.554243564875222 0.315319670287234 -0.509492052365151 0.0261907805325866 -0.0251265293193327 0.36737775681285 0.366437685379701
45.2489218961311 143.570527700177 62.2740707079698 -0.761977992468691 0.222146593217012 -0.608309392323546 0.18481958526023 0.974855063261251 0.124496267488213 0 0 0 0 0 0
166.070280220666 27.5068662653693 53.1685940229948 0.910161775883757 0.00227557574989867 -0.414246598376472 -0.413992886184445 0.0404177264908154 -0.90938230605145 0 0 0 0 0 0
38.1820666031859 171.322022952465 55.1169596904889 -0.0822032791531421 0.995478607136131 -0.0475916227421815 0.580806490343399 0.00904593141890957 -0.813991322251181 0 0 0 0 0 0
127.726347807494 181.733279298559 163.56170503189 -0.193629964499914 0.501349485886566 -0.843300682202477 0.436630425169241 -0.725709471297746 -0.53169500529727 0 0 0 0 0 0
101.251162181623 187.385269247427 132.097578345808 0.127152683834721 -0.976368340141621 0.174748544471972 -0.976768117646398 -0.0926170335391642 0.193251161086308 0 0 0 0 0 0
0.0669209501493983 162.754550837256 51.3150159766028 0.0238276041045982 0.504474585475775 -0.863097647442353 -0.587637947876936 0.705514373659757 0.396145239655446 0 0 0 0 0 0
164.974506620424 159.601139393238 72.8093825442282 -0.3614348210239 0.580403407268338 -0.729723698348374 0.816707974387132 0.574653719557222 0.0525462399067391 0 0 0 0 0 0
164.64861563557 71.7428740668122 26.7434847963454 0.472256771671081 -0.55057186269769 -0.688363336140841 0.748928142175785 0.662456926220092 -0.0160434368441508 0 0 0 0 0 0
100.207393079365 98.3307143729407 179.86976852196 -0.53323482549496 -0.683317780116397 0.49873577043204 0.31411559635397 0.387470294854323 0.866716828855113 0 0 0 0 0 0
118.017667752081 27.032725244189 118.667781546481 -0.0134432080232406 0.197619052193258 0.980186653558656 -0.942012151406498 -0.331228094780928 0.0538604650898425 0 0 0 0 0 0
39.7940705006109 165.857557426599 81.9668181449068 -0.933968918597519 0.322048676451023 0.154876086741849 0.344830596811673 0.698468580518795 0.627083280337255 0 0 0 0 0 0
38.4649586616248 154.684149053933 34.4970572490048 -0.0386495919342387 0.990851222139061 -0.129306080512821 -0.256141759084931 -0.134903107552351 -0.957179415671793 0 0 0 0 0 0
136.961154836169 2.61003280828883 81.0407829342746 -0.915741584109878 -0.395991573338302 0.0678816945931701 -0.153837624282354 0.50167942831438 0.851264734001645 0 0 0 0 0 0
68.3261021056235 174.213234152204 195.746574594522 0.510101947133163 0.533440167658089 0.674712906184985 -0.099765602501869 0.815846598534868 -0.569597324742327 0 0 0 0 0 0
160.959950272611 33.8001694026884 79.0626763530677 -0.000122956638097999 0.616428511931553 0.787410820758683 0.487387414141522 -0.687519068514859 0.538303795364438 0 0 0 0 0 0
104.134246879173 30.1090399027262 7.94439739237377 0.479794738109468 0.775299447021003 0.410740464499837 0.417589798409246 0.20992996735374 -0.884052065839856 0 0 0 0 0 0
78.8760156208411 127.706418663941 116.919269873187 0.528548088596144 0.479430925180188 0.700558929865066 -0.508331353145989 0.839685036725857 -0.191123623210713 0 0 0 0 0 0
152.139840180354 132.301028350752 31.3385773274358 -0.853783005280161 0.448214990345993 0.264873190533457 -0.520520870150228 -0.745242386780073 -0.416739433798007 0 0 0 0 0 0
195.56806916219 9.06263884612422 99.9363629692253 0.119827157605692 -0.427887436999584 0.895853613139184 0.231236116855382 0.889566877985398 0.39395507735965 0 0 0 0 0 0
92.4508226538693 100.53863002174 33.2833553524587 -0.664445654653174 -0.430938559754335 0.610576639463233 0.318897253810478 0.575397271984279 0.753141713865292 0 0 0 0 0 0
-4.85868871356315 97.8842715353896 88.7409341557219 0.0442302815916723 -0.990570626980552 -0.129666930696068 -0.351467096095231 -0.136925439133699 0.9261329210789 0 0 0 0 0 0
5.21348969805894 129.58200787402 137.305055703338 -0.00684693644267587 0.295235839628026 -0.955399816643262 0.572681498961949 -0.78206742648093 -0.245777124417269 0 0 0 0 0 0
42.2940605050632 122.306112542407 30.6642294912014 -0.518772622969244 0.0243449406830294 0.854565486304076 -0.847112556300228 0.120078887244806 -0.517669064466992 0 0 0 0 0 0
