t = 10000
b = 20 20 20
E = -0.274941038483241 -0.274941038483241 0
1154.35419454419 173.767240333575 -416.990469721774 -0.432654125300435 0.149353581212611 0.889102802189643 0.716504364570539 0.655527631407433 0.2385473953982 0 0 0 0 0 0
1154.57248553718 174.251394108922 -416.725861798289 -0.0375974722005237 -0.631191903061655 0.774714843629867 0.761763580343996 0.483663134923092 0.431029105084873 0 0 0 0 0 0
1154.65880202062 174.567226906785 -416.407516994247 0.467872334393044 -0.84640827868828 0.254339057927284 0.773372564734101 0.531386576843587 0.345721076416539 0 0 0 0 0 0
1154.83658477376 174.708020054343 -415.99572040766 0.582233386502164 -0.791183006418144 -0.187172650955844 0.776175364871158 0.472394871943477 0.417605994856845 0 0 0 0 0 0
1155.27407320432 174.786195709285 -415.548173067749 0.394137668993434 -0.57312096907363 -0.718462054246574 0.889703156985105 0.433912622109211 0.141943637677668 0 0 0 0 0 0
1155.71044628214 174.763583608781 -415.288745665665 0.271088881447244 -0.19580338051661 -0.942428629258527 0.924845257961752 0.324348788829068 0.198642833127384 0 0 0 0 0 0
1156.18768374908 174.666035773717 -415.231304031312 0.0727321038122453 0.379663028751104 -0.922261296746454 0.920759987357358 0.329812323955312 0.208386028441968 0 0 0 0 0 0
1156.67865985949 174.536228247135 -415.293095568583 -0.0984512077158032 0.92107167349957 -0.37674156804515 0.962406806659569 0.184428000726579 0.199397419757987 0 0 0 0 0 0
-2304.90145666178 4335.75975166464 -4736.88265583594 -0.77917812442958 0.408447580563197 0.475449124015934 0.605290980257391 0.687330695142526 0.401496133175321 0 0 0 0 0 0
-2303.6848446751 4335.08530734772 -4736.30876173649 -0.0658906858115297 -0.440469437496521 0.895346278973099 -0.871669117649092 -0.41130802895762 -0.266492992146493 0 0 0 0 0 0
-2303.89999978482 4334.62496733772 -4736.41423086834 -0.330857620263354 0.0860798365335632 0.939746442173324 -0.844414434088613 -0.471592035822389 -0.254096613629097 0 0 0 0 0 0
-2304.17153867438 4334.16369886485 -4736.39685850392 -0.570302243582754 0.52010349657628 0.635804664330408 -0.710132762245479 -0.701210449504823 -0.0633658676128404 0 0 0 0 0 0
-2304.53753320515 4333.70684931515 -4736.2406280704 -0.486929023796742 0.840338205367957 0.23818413782621 -0.85933863114898 -0.509716053515438 0.0415516547865731 0 0 0 0 0 0
-2304.9148976757 4333.48711877184 -4735.95225523915 -0.284750371422418 0.866748800764255 -0.409467486838241 -0.90498372814432 -0.383919878470643 -0.183329919046325 0 0 0 0 0 0
-2305.46679108562 4333.48808823695 -4735.85511436129 0.0999446898467747 0.536279811763984 -0.838101963812432 -0.894637340212154 -0.320216642244159 -0.311584958821181 0 0 0 0 0 0
-2305.83999794154 4333.64095753695 -4735.87746566323 0.177184423181465 -0.349164481788871 -0.920157435202357 -0.874160273613389 -0.485378481360455 0.0158552965780597 0 0 0 0 0 0
19.5209794575388 11.3269778782145 5.56078038420572 0.875058385316129 0.477434418359055 -0.0795556812415515 -0.461715764949263 0.774069089777836 -0.433169191963976 0 0 0 0 0 0
8.48632423222629 0.286722770689583 10.0611752422597 0.816744258132394 -0.330574603479963 0.472915576144074 -0.576982397353021 -0.461560689803564 0.673834511552852 0 0 0 0 0 0
6.11171080607369 8.45318710874436 3.30041518743865 0.377873812629538 0.655996561438942 0.65336040988058 0.784997251396401 -0.60116801330163 0.149586961184383 0 0 0 0 0 0
17.2731272196514 7.49412170552799 12.3819954442343 -0.387960060187728 -0.30510500395316 -0.869711343003909 0.921674906668353 -0.126895404349557 -0.36662352008991 0 0 0 0 0 0
3.94612769618664 21.4202034983389 10.948166900522 -0.84031445809709 -0.108119289554676 0.531207786956688 -0.540713493513662 0.237186992192568 -0.807075669416473 0 0 0 0 0 0
-8.5273725726018 8.89485833226444 10.8028539480907 0.287783411534021 0.427372216787397 0.857049356179674 0.38561925945597 0.767446190524783 -0.512175831514402 0 0 0 0 0 0
5.7632652830913 9.30208679339286 11.9938125668985 -0.812728847596364 -0.44175872614261 -0.379895975519672 -0.402603121664765 0.897119332081953 -0.181899992203754 0 0 0 0 0 0
4.33724965893474 6.54251437486111 10.7009679139693 -0.868247322117695 0.112338738583589 0.483245773643225 0.49611747787234 0.189267257173912 0.847375500337659 0 0 0 0 0 0
4.21261244966299 10.7353996371457 17.9343417410076 -0.983820692514095 -0.139846030266555 -0.111981319521804 -0.162340392545702 0.960256185453174 0.227054279765147 0 0 0 0 0 0
5.60967009866305 16.4203339540681 5.40384059041671 0.314394073767239 0.845143776191279 0.432305829110941 -0.682082302182734 0.51784746711362 -0.516330946788692 0 0 0 0 0 0
12.4702600122568 9.25145365409078 0.514825265639947 0.896718563125259 0.260372365317652 -0.357913311847752 0.310899263308966 -0.946109058997531 0.0906602672307552 0 0 0 0 0 0
6.34632962385049 10.5353615543174 0.202474914385114 -0.285451541414145 0.797669513248672 0.531263326212828 0.680980984392263 -0.221241651496223 0.698080881535317 0 0 0 0 0 0
10.4583629068547 2.38088149592485 15.2747836113325 0.51294015123763 0.42035986143498 -0.748458342192787 0.802800150689527 0.0738472682217721 0.591657316755135 0 0 0 0 0 0
12.2478951979617 15.4933463657211 11.9419988467027 -0.265820399724388 -0.962073884481609 -0.061264565761994 -0.224653452089703 1.96543322560638e-05 0.974438662445509 0 0 0 0 0 0
9.22268095006102 0.460825340191606 5.40850223734868 -0.747369632039977 0.63396646552398 -0.198809160749676 -0.468684090250863 -0.290960154072543 0.834072720552895 0 0 0 0 0 0
4.44549697737198 1.45959016865609 6.8398120786282 -0.779150016244879 -0.32551641360814 0.535690405065784 0.347443988405418 0.487033664301197 0.801299440799543 0 0 0 0 0 0
-3.9274433928969 1.05523386816813 21.5688667692664 -0.26961508116122 0.163723028171775 0.948948029157995 -0.556212169925126 0.777956531772258 -0.292252646930993 0 0 0 0 0 0
5.22741102786646 18.7300331355772 12.1941412822363 0.681655914300181 -0.720469739805458 -0.127548074049413 -0.701303227693517 -0.69306095799016 0.166853916308075 0 0 0 0 0 0
8.02423365933318 5.48938787242341 20.1367868980107 -0.539685096399652 -0.840098974311317 -0.0545314130550889 0.208832579981899 -0.196342418686241 0.958038878933843 0 0 0 0 0 0
-3.58419789549017 9.90256332192377 17.5738623878753 -0.0837158413380998 0.099833535069058 -0.991476073923881 -0.940131791399217 -0.337777667776247 0.0453691122228316 0 0 0 0 0 0
21.9282051068031 21.5479197984971 14.0657347493902 -0.546682945781483 0.00719243481511719 0.837308728289627 -0.525017328132534 -0.781929636482549 -0.336069639253188 0 0 0 0 0 0
14.0903103372343 0.76226699239842 8.01598716460108 0.509551624610181 0.840367891945146 -0.18476718600249 -0.7647171276051 0.540732985775785 0.350450379494708 0 0 0 0 0 0
14.0156396268192 12.0519591680036 21.0112722874507 0.0199484570297312 -0.708901054265527 0.705025740680153 -0.219428523950333 -0.691077554453524 -0.688667462808559 0 0 0 0 0 0
21.337974908362 18.0284010329788 19.9250224086297 0.633650265239326 -0.0490529054765253 0.772062843882534 -0.438567199556875 0.799349983617535 0.410729073872561 0 0 0 0 0 0
3.10566669310326 2.45364774721271 2.50668804379577 0.854139856759467 0.517655075311411 -0.0497819328078951 0.0574389888935642 0.00123397447007328 0.998348196098319 0 0 0 0 0 0
14.0959156546351 7.44537017630059 13.4538729264307 -0.362773790616743 0.891233399223827 -0.272209809573065 -0.595579101494903 0.00292098427567368 0.803291281233114 0 0 0 0 0 0
2.99478403346829 0.1574250095083 16.8490986370059 0.050977255472305 -0.553291336081202 -0.831426445409564 0.091061282544614 0.831616148033895 -0.547834270911108 0 0 0 0 0 0
17.3451158131636 14.8891157737713 11.8233123150484 0.944764470047427 -0.320134353766489 -0.0702423282823239 0.0980691914944559 0.0716257103485081 0.992598646331433 0 0 0 0 0 0
16.6134371301963 16.8228782518396 16.8214686716672 -0.0909236595502731 0.533759169015441 -0.84073417462313 0.477233791186722 0.76433171436999 0.433641429513968 0 0 0 0 0 0
6.03222459390549 2.8611162494496 19.1933819099163 0.419908319618203 0.156939838087146 0.893894162674442 -0.235577617533995 0.970023668379749 -0.0596427854842113 0 0 0 0 0 0
1.90238281927111 11.182759028143 11.6847074849234 -0.286339415442658 -0.248114805897671 0.925445120138233 -0.575385871268216 -0.727796535089713 -0.373153114137808 0 0 0 0 0 0
11.882561917333 7.66296584932525 16.6224835217444 0.594028067865083 0.626615667607246 0.504463464777687 0.742543967448696 -0.185880837683542 -0.643487882945129 0 0 0 0 0 0
23.1901114610561 9.25129731096873 9.62631880836395 -0.773358588323239 0.571519775272334 -0.274374853199003 -0.0669545590232107 -0.503999150000683 -0.861105019667325 0 0 0 0 0 0
5.14835910016374 7.23014173440912 7.16408953967237 0.440057319074765 0.811400769938784 -0.38467948443627 -0.893332346360308 0.43906029303042 -0.0958294412046492 0 0 0 0 0 0
9.05061315955334 6.84096242105009 3.38724908540564 -0.193179741536926 0.31301509826155 0.929894095147774 0.830832833736217 -0.451955730697101 0.32473485340626 0 0 0 0 0 0
17.1980995936959 -0.761007502891796 12.0125988370106 -0.0794578943166146 0.991383820248979 -0.104137226455762 0.711161568493918 -0.0168280588194689 -0.702827091650648 0 0 0 0 0 0
2.13897384838833 7.04407665601744 20.8741149761 -0.684635255582584 0.686608136139121 -0.244629865696258 0.587693504013462 0.718523154559417 0.371941882607898 0 0 0 0 0 0
12.3296785997038 12.2246719480644 8.09735499056354 0.315038690042909 0.720599220415606 -0.617646606081647 -0.772223207266315 -0.183708483084891 -0.608212459767026 0 0 0 0 0 0
11.8821286493432 16.2747007663488 5.10350169868086 0.453124689198252 0.852232942498736 0.261489952257188 -0.255639544243531 0.405238094110104 -0.877741653829867 0 0 0 0 0 0
-3.76423250517818 17.0080562064294 0.990726560621992 0.513500491678087 0.355067897278151 0.781181111643547 -0.241507620427231 0.933374653197069 -0.265491639584517 0 0 0 0 0 0
3.28033590881072 4.02627275708303 15.8333721816828 0.312510821311788 -0.395514307044758 -0.863658103027312 0.794429321333957 0.607284524392987 0.00935331984320473 0 0 0 0 0 0
18.8384960524022 5.30671088271785 15.5863734919613 0.298960225887646 0.035833153351222 0.9535924965109 0.640374284013944 -0.74840899002364 -0.17264039963799 0 0 0 0 0 0
7.66663166835301 11.522711727729 15.9358066720065 0.901276119217119 -0.34388593553666 -0.263521754618305 -0.408992334187207 -0.474683289946472 -0.779359321797811 0 0 0 0 0 0
8.87325915493373 5.20096117032123 8.74489186060499 0.905473164072904 0.423980458666986 0.0189425983447496 -0.194740831393253 0.375412177438243 0.906168639498595 0 0 0 0 0 0
20.3141371364267 11.6370938883179 8.8475662570175 0.581188084440204 -0.660806871957557 0.474925911404847 0.719538282776776 0.144688965952738 -0.679212519051678 0 0 0 0 0 0
15.2224594064219 3.16241797545531 12.2705674341047 -0.498530096003947 0.117959040824176 0.858809228243132 0.748665779067894 0.558006712429763 0.357949686471542 0 0 0 0 0 0
11.7070626415848 -0.702521722558319 9.75640180415737 -0.628137664268013 0.777355522680796 0.0340795967154313 -0.492294954678168 -0.430950856197595 0.75625851404865 0 0 0 0 0 0
14.9176228016979 -0.255960294229499 -1.05578905229126 -0.956933541673954 0.211802197676772 -0.198539447005112 -0.0800493198427377 0.464871094959337 0.881752163601802 0 0 0 0 0 0
17.7458710706627 6.56938941319798 7.48740081476667 0.513913471964856 -0.366677236888597 -0.775526043469491 0.806962505857825 0.513353952525603 0.292025933389839 0 0 0 0 0 0
22.6511005003891 -4.63699742599863 2.95928913291596 0.672721864732362 -0.702263868670202 -0.232960707101164 -0.216062937301035 -0.487588196690307 0.845916347344662 0 0 0 0 0 0
0.102641007733647 -5.32853471307908 15.6807576326182 0.18733890733762 -0.00168023062205274 -0.982293841685704 0.376782124871225 0.923632047804895 0.0702783973419054 0 0 0 0 0 0
12.8000309483201 16.8990530756104 -2.54597703342101 0.0516386784556129 0.0795589326929572 0.995491689900715 0.224749386372932 -0.972176315085358 0.0660372559291122 0 0 0 0 0 0
-2.3856850957271 17.068070951232 5.71446278105837 -0.0371292015152323 -0.232956860572418 0.971777963717618 -0.344886510481037 0.915685523998612 0.206332975486062 0 0 0 0 0 0
-2.14705084049854 2.41765367503414 10.170693794487 0.197540613494574 0.260980166740119 -0.944916370637438 -0.867043134564597 -0.403239421126744 -0.292632999212585 0 0 0 0 0 0
10.7098186446734 5.44712526798633 12.4286780494642 -0.367276590961235 0.192218891239024 -0.910032795440914 0.915868286469106 -0.0958320566518258 -0.389873544426299 0 0 0 0 0 0
11.9302494811194 10.0014175208428 5.33474954085567 -0.503061815600239 -0.759679717584298 -0.412086745678638 0.719438742486995 -0.103892504217635 -0.686741673013617 0 0 0 0 0 0
