t = 10000
b = 20 20 20
E = -0.15239383909032 -0.15239383909032 0
1154.15259009265 173.453471077174 -417.052787083029 -0.276965108088554 0.454442469351116 0.846624016960483 0.622515318172216 0.756043147486834 -0.202171362786387 0 0 0 0 0 0
1154.16612824179 174.007684692317 -417.245635868462 -0.0412253564426305 0.155746200310016 0.986936387556624 0.328965386465229 0.934817866045772 -0.133780309495465 0 0 0 0 0 0
1154.16691020526 174.541481516548 -417.191012762503 0.499104970348192 -0.288433392053129 0.817129295583016 0.546290301337327 0.836718457293014 -0.0383276707945814 0 0 0 0 0 0
1154.24780267942 175.03971622188 -416.888985484752 0.801421719941326 -0.55631576757802 0.219626664778027 0.571110858837762 0.820859098168562 -0.00475258677066306 0 0 0 0 0 0
1154.50707696973 175.291521891698 -416.536815019627 0.692675396719851 -0.490355834819317 -0.528915705031288 0.644214840353305 0.750390993400303 0.147988009588198 0 0 0 0 0 0
1154.9183079737 175.448469023328 -416.371453838904 0.280042911957624 -0.0718135344061328 -0.957297571032814 0.72662452703474 0.667543966755102 0.162485936498273 0 0 0 0 0 0
1154.5844138774 175.169231297722 -415.64263765624 0.251338661997235 -0.957085064627459 0.144280417285669 -0.891220493788456 -0.286989922874538 -0.351230235070867 0 0 0 0 0 0
1153.75891835306 175.909632631376 -415.332250632619 -0.236593529871642 0.97143823230815 -0.0181964299423251 -0.642398817922266 -0.142350708068367 0.753033771360752 0 0 0 0 0 0
-2304.36139898002 4336.12274730429 -4737.53387657136 -0.503741030047653 0.588543920449929 -0.632345541819661 -0.536917574307932 -0.786751871525722 -0.304533778895198 0 0 0 0 0 0
-2303.21702956854 4335.38864563593 -4737.19971162669 0.574114806410383 0.104283379908403 0.812106546445047 -0.538398120974342 0.795344096660792 0.278487035673532 0 0 0 0 0 0
-2304.12642707147 4334.97866064079 -4736.98441188027 -0.368753668917839 -0.875707841412771 0.31169905518984 0.837217911433592 -0.167216195072439 0.520677223378418 0 0 0 0 0 0
-2304.53219663179 4334.61157365599 -4737.0153194249 -0.740532406218634 0.605256168193399 0.292021586515743 -0.653458441111673 -0.749965226131966 -0.102684439440225 0 0 0 0 0 0
-2304.78033805305 4334.38850779974 -4736.56487686597 -0.79041872559595 0.483746861567912 -0.375801930196814 -0.566131838502535 -0.811182759978331 0.146550842867561 0 0 0 0 0 0
-2305.27099565647 4334.2918780515 -4736.20953133703 -0.477512841352514 0.206160002626273 -0.854095648378522 -0.690827337715639 -0.688740989323986 0.219984808523342 0 0 0 0 0 0
-2305.81565227514 4334.18207579762 -4736.05145926969 -0.0742304126210675 -0.161586947257723 -0.984062659699898 -0.739220722816065 -0.653425723889907 0.163056450835999 0 0 0 0 0 0
-2306.37762013412 4334.0405399834 -4736.15485053021 0.515287996573991 -0.459389471454288 -0.72349115260696 -0.656492512136718 -0.754247041151882 0.0113484230608851 0 0 0 0 0 0
21.8622543333194 6.40944293451292 14.1612421256697 -0.242391229262726 -0.890648052013033 -0.384697952653565 -0.88549853418419 0.365114988285028 -0.287373081498006 0 0 0 0 0 0
5.90661823553047 13.3027023098817 17.8195996298714 0.557368044802324 0.0177446361778277 -0.830075822650198 0.744332125625806 -0.453623923201672 0.490096856122797 0 0 0 0 0 0
14.3319941000964 2.79025485124465 10.6686537278016 0.884356469481882 0.457139872969645 -0.094533999859984 -0.202882939838855 0.558773499876737 0.804121014878373 0 0 0 0 0 0
9.11765325786796 9.97904477908033 2.9199175500738 0.027376090125104 0.283013556618729 -0.958725073625629 0.712104315868339 -0.678609558163642 -0.179990129114156 0 0 0 0 0 0
15.9257755741623 5.39029871237816 7.40300947599107 -0.414323973417567 -0.25230829784894 0.874457578312156 0.683513039108961 -0.720675659114022 0.115915755760136 0 0 0 0 0 0
11.8981951762578 7.35488274261476 19.2398459536964 0.395044298722452 0.854312475203233 -0.337772356113687 -0.506943007870772 0.509354931964187 0.69538928074378 0 0 0 0 0 0
12.3165457763411 21.0411077565072 4.78976593754407 0.822709312950351 -0.54681383604642 0.155383176463473 -0.355029951734345 -0.707726397570469 -0.610800311111011 0 0 0 0 0 0
8.6379764652315 8.7990810091393 9.21157389481407 -0.500522670533135 0.611112498119033 0.61320347050187 0.669084869806152 -0.176411047440362 0.7219449174543 0 0 0 0 0 0
2.92815277765499 13.4770646003438 5.78025118377119 0.520859101683598 0.508402151152874 -0.685735342898088 0.831730062051193 -0.121402416856114 0.541743887468519 0 0 0 0 0 0
16.6796558264161 15.3083189704947 6.40376447912605 0.828484114199864 -0.430301667751342 0.358405427012941 -0.495990635570289 -0.266663244646086 0.826367891830875 0 0 0 0 0 0
14.9725891359224 10.8756165287662 13.001312058631 0.940043781416249 0.335337412166041 -0.0621804086378605 0.303716982241063 -0.906045111121968 -0.294683270584025 0 0 0 0 0 0
20.8981972207138 15.6377438158416 15.3660590903891 0.381222187765936 -0.362028369398408 -0.85064975149618 -0.8728956980006 0.162115288812419 -0.460186502919228 0 0 0 0 0 0
13.4087282998502 11.8376727764127 19.1596366050328 0.591651403026046 -0.130475950327261 -0.795565538785867 0.69568347738148 -0.416044508790596 0.585603421633301 0 0 0 0 0 0
19.0442465332838 11.9318454472517 -1.69142548886182 -0.744989193332182 0.0806810672692106 0.662179393192865 -0.551629770989057 -0.632678272880927 -0.543528037263021 0 0 0 0 0 0
9.33168723437495 15.2516703459875 19.6462991143931 0.294671732387734 0.688248680668534 0.662934582706433 -0.527934089866079 0.695505571868768 -0.487398743035264 0 0 0 0 0 0
14.086212146447 1.95652079182307 19.0371253223836 -0.563752462302684 0.576801932745094 -0.591170543989548 -0.809894280468288 -0.526463657025353 0.258664234341501 0 0 0 0 0 0
17.2482751443919 -0.494182720109918 9.37831611155973 -0.0268117622728339 -0.79795005846237 0.602126888868019 -0.748473409214986 -0.383245193640749 -0.541212135441516 0 0 0 0 0 0
12.1864664150405 14.3979372931355 10.5093451667269 0.792100199310076 -0.606595141794384 -0.0679671454387222 -0.471397500783414 -0.67866288483553 0.563206019763999 0 0 0 0 0 0
16.2244639878043 6.95559621061142 11.5986436581924 -0.789810625416069 -0.589702905693489 -0.168670036586925 0.230781169048391 -0.0309299267549587 -0.972513893241816 0 0 0 0 0 0
23.4434245464196 16.3764251990048 21.7136160599404 -0.346940626554613 0.895695213679127 0.278140723855615 0.937884257966357 0.330611038834258 0.105210995055414 0 0 0 0 0 0
2.46821734708338 8.65475959194516 10.8125128912817 -0.523466009756561 0.423158755789137 -0.739540334373489 -0.238864767135923 -0.906034184196974 -0.349350338109166 0 0 0 0 0 0
14.9377566943615 9.36178019214351 23.5238238159152 -0.982634090355894 0.0630130364814339 -0.174526453490295 -0.0835147947951657 0.68972532185078 0.71923862309336 0 0 0 0 0 0
2.71004074923551 5.67794852902485 18.3853413861963 0.492083012397445 -0.334962692831855 -0.803526102554662 0.581364651474719 -0.560579342298095 0.589716763587783 0 0 0 0 0 0
-0.0217437204873833 2.22532765803248 18.6650909780285 -0.0589555977951686 0.0416107865504525 0.997392932062585 0.992786622424905 0.106932518886013 0.0542221439328148 0 0 0 0 0 0
20.7889641226446 -2.06969337423744 4.91279505585814 0.0379498255661433 -0.886749989418086 0.460688877155229 0.994657400715504 0.0778112545929174 0.0678376397956408 0 0 0 0 0 0
12.2179871978639 8.35089942335617 7.39379517286011 0.704427856073758 0.15900290676945 0.691736478025226 -0.508818690805656 0.792610597005223 0.335964190180439 0 0 0 0 0 0
11.0868149866804 17.0423144241151 4.59671444185162 -0.0292591759466918 0.474063086885534 -0.880004544225089 0.150394989340285 -0.868271554564488 -0.472742874486292 0 0 0 0 0 0
13.439032068805 18.049390501331 16.9597116815088 0.326598284844637 0.236423829994656 0.915115960084436 -0.231702347103046 -0.918638591318644 0.32002678368863 0 0 0 0 0 0
11.5111461753536 7.60346145033452 12.8512493395071 -0.228283349546714 -0.462492869785362 0.856730391667633 0.972665526866862 -0.0699040387096204 0.221438658752575 0 0 0 0 0 0
9.05046208436698 22.3200404916257 18.5814659187449 -0.338341140341201 0.67414673144231 0.656545042024143 -0.325769933424152 0.570640041933867 -0.753819482785747 0 0 0 0 0 0
7.8378504546263 23.700423220522 8.08825084207579 0.252255446847261 0.422356376331904 -0.870621722083427 0.91653914376953 0.184282597449196 0.3549588807942 0 0 0 0 0 0
1.13407558473521 7.93925428189615 2.87258423727139 0.0897506873352948 0.991956733913373 0.089256093667651 0.637761517317243 0.0115939929344715 -0.770146549147489 0 0 0 0 0 0
2.15464142975409 4.69258554261819 9.64125158614941 0.597616062560765 -0.766184651139546 0.236254254773848 -0.694690550717202 -0.347682525340577 0.629699766172848 0 0 0 0 0 0
18.320879714089 24.1590174831201 3.40449848249429 -0.98958060246319 -0.0792980406178465 -0.120174595997229 -0.102432166533998 0.974308417995619 0.200576050004403 0 0 0 0 0 0
5.53658571037365 18.145494211796 6.91659096536582 0.0499544908923288 -0.601381526184513 -0.797398728809868 -0.651102023036501 -0.625025497478283 0.430591698085837 0 0 0 0 0 0
19.2817496688645 13.3714973009381 9.15556498059892 -0.222633407752393 -0.384750480732612 -0.895768570427757 -0.72709187283394 0.677615468973511 -0.110338661374023 0 0 0 0 0 0
2.40220695834981 19.0829944411355 13.2139914764683 0.511951893498185 -0.809746851277874 -0.286732025668974 0.237097818908165 -0.187625254416894 0.953195296443099 0 0 0 0 0 0
3.01352152630349 0.672969269235813 2.82158077627738 -0.693488648278641 -0.0533641434402633 0.718488443911066 -0.519200864838387 -0.65438391836521 -0.549738193301474 0 0 0 0 0 0
-3.64748375185661 -0.55884451739616 24.3388359146529 0.0449143611693348 0.100233775638324 -0.993949582408697 -0.550910633186429 0.83247216519118 0.059055328531527 0 0 0 0 0 0
20.042814015054 10.2529797156941 14.0641353197697 -0.872510462792383 0.465842923849237 -0.147362713322249 0.249462878197373 0.165403975558577 -0.954153908613805 0 0 0 0 0 0
11.8830885891538 14.9455468885579 14.5234133421989 -0.191475073752651 0.947440223850474 0.25630900522547 0.833717420041735 0.0191992040850783 0.551857350151375 0 0 0 0 0 0
4.95110521023291 8.96265253529981 4.50820063244573 -0.439849317518165 -0.89618152786455 -0.0582342126741656 -0.897539654057825 0.436432374894601 0.0628430985432995 0 0 0 0 0 0
6.17302610313057 5.831113765954 12.3816823279187 0.464837799474272 -0.880556243656456 -0.0924472561013792 0.865234133263128 0.429614496872411 0.258459245349195 0 0 0 0 0 0
-1.10916876467263 0.695710823311196 14.5908880905869 -0.261826426699118 -0.80411797549933 0.533705126107058 0.747807581988838 0.180551752812677 0.638893394513596 0 0 0 0 0 0
7.68672087851016 16.4331805065052 14.3850460187887 -0.356779010582775 0.232375149145551 0.904826179381964 -0.275894878437308 0.899156119672458 -0.339706146068764 0 0 0 0 0 0
13.1905739291007 18.1111284580764 21.2009244173246 -0.0846088836954328 0.0715178764232548 0.993844259203705 -0.541343258721113 0.834079552712411 -0.106107208555953 0 0 0 0 0 0
5.35593935064455 1.44869917675822 11.5160852144719 -0.988335825018092 0.0421529025086379 -0.14633971025817 0.0411978705223921 0.999105345963682 0.00955211589213233 0 0 0 0 0 0
10.1893057127876 23.7010690828846 11.7597010464903 0.890891889443977 -0.00553307798123911 0.45418157950907 -0.453727470544685 -0.0571707256134915 0.889304656339049 0 0 0 0 0 0
9.63210278344767 12.6608344807816 6.25597344072848 0.458989588573309 0.69317285605917 0.55573364777878 0.872286571369231 -0.23285435333418 -0.429994040419894 0 0 0 0 0 0
0.900874610150907 1.03781319322348 7.93037417429637 0.530590435499456 0.798392928672639 0.284679605838666 0.766429513906369 -0.59533803615009 0.24116041542496 0 0 0 0 0 0
19.443453541842 7.75678628674466 7.13439278496514 -0.791380442308373 -0.531759655100558 -0.301576821454287 0.473690449913512 -0.845241752549167 0.247353397725157 0 0 0 0 0 0
6.12936216245862 -2.20277253405058 18.1648612787413 -0.0799768036465866 0.333541778914666 -0.939336726977963 -0.595400331528414 0.739791358786774 0.313380179196427 0 0 0 0 0 0
2.32935067646401 13.2461259039691 11.9583118260273 0.816469831368741 0.54427108990854 0.192732745683438 0.187564255753519 -0.565714883601094 0.802985827631775 0 0 0 0 0 0
3.32787086631604 11.9135850070724 20.9533562978729 -0.686835186741173 -0.534453406915481 0.49256156664152 0.684832625972949 -0.248896896406537 0.684875534340274 0 0 0 0 0 0
16.7640718507912 7.6802520168766 16.3215687481689 -0.846266310457589 0.267534222740495 0.46071537935065 -0.382325589075054 0.297276424775784 -0.874902144549078 0 0 0 0 0 0
-1.16496347153363 14.0961969009371 3.18910480892474 0.726638738560857 -0.417011356838251 0.545983125574077 0.477366100122739 -0.265067730595613 -0.837771206127874 0 0 0 0 0 0
16.1407821818734 15.9052296986861 12.2169481523449 0.0620653151812424 -0.923583975731895 -0.378339158559916 -0.723873047118418 -0.30263040983252 0.62001817586956 0 0 0 0 0 0
7.18844251435592 3.7633230698774 3.13837519482101 -0.430044949990359 0.332622667399755 0.839299348325393 0.00282239829699867 0.930145702347055 -0.367179779400069 0 0 0 0 0 0
18.5623493983838 6.45168904786074 19.816551745844 0.969649239098041 -0.237514290421177 0.0580276010015998 -0.00695468610458444 0.210442518306908 0.977581436454201 0 0 0 0 0 0
8.00247243998159 11.2862173835139 12.5077804005179 0.744746331118783 0.333977606009324 0.577764445995808 -0.666053244218014 0.425884443248648 0.612368695540566 0 0 0 0 0 0
19.6940243862846 18.1994638991652 19.2513831016832 -0.175794195904619 0.862274906296356 -0.474950898601985 0.583977145416268 0.479748785509699 0.65483715888855 0 0 0 0 0 0
2.04969843314113 -2.98789146525972 9.1970314149632 0.707801538288471 -0.681325402479729 -0.186581388301433 -0.420027782553013 -0.193545173526453 -0.886632287334753 0 0 0 0 0 0
7.14830427905193 7.40444746560172 17.5358660418778 -0.916314865228957 -0.0529695620926443 -0.396939761648205 0.358635992537937 0.332478973164558 -0.872260196975739 0 0 0 0 0 0
8.70253304163458 -0.154483738191866 9.30335355050961 0.230194126622728 -0.967233120724074 0.107101571223443 0.855665140927003 0.253596322971022 0.45113851535328 0 0 0 0 0 0
12.8406316950533 5.13039099005937 3.18876580550431 0.161409903912523 0.615723625932124 -0.771252996994349 0.651065772138931 -0.653745432834732 -0.385655547264169 0 0 0 0 0 0
10.1012616791378 19.5092990674508 13.3790594035183 -0.464394903048305 -0.837437718697609 -0.28815864678631 -0.703470870685221 0.151141428355506 0.694467339941869 0 0 0 0 0 0
7.82196083433325 19.6567734560809 2.94702682481139 0.33481506244421 0.316682192845708 0.887474594250929 -0.648806293023752 -0.605532009346353 0.460848461308921 0 0 0 0 0 0
5.71200227670128 0.858175571680987 15.5497561795354 0.143251644447874 0.692291739101998 -0.707256001924337 -0.485899072020025 0.671765842592369 0.559135653596202 0 0 0 0 0 0
7.34197049658799 14.7644245385265 23.4125656416535 0.722265580464078 -0.0406780939708011 -0.690418427430615 0.036233276457247 -0.994672412905788 0.096508753046251 0 0 0 0 0 0
3.91808043179905 9.77904084607943 15.413899831989 -0.846936607762761 0.0531108204738967 0.529034502000456 -0.52127521806615 -0.278949959776454 -0.806510357675308 0 0 0 0 0 0
13.5975093041549 -2.24040053753638 7.90443141447208 -0.733393051825824 0.158661008556272 -0.661030407537439 -0.37731482327064 -0.90385891208333 0.20167441426176 0 0 0 0 0 0
