t = 63956
b = 20 20 20
E = 0.268746588959113 -0.0259145742481853 0.294661163207298
-5.82311763223453 -0.16853727696099 1.07372921855209 -0.838389753780317 0.544443198364405 0.0261551168458033 -0.422794163062708 -0.679848084417425 0.59920898057724 -0.147915888655811 -0.115027898606343 -0.143285956230493 0.16288112151099 0.44307679149547 0.120079483739462
-5.98528249052742 -0.111477570218401 1.52502900732242 -0.878173612789687 -0.264471941019383 -0.398579497594146 -0.290404834809925 -0.367346314963361 0.883584541385961 -0.491553633478999 -0.153572371306383 0.281467731006751 -0.00568208381480463 -0.219427338209673 -0.12188352751655
-6.32705272948252 -0.286918517715314 1.94909822952954 -0.412305709117044 -0.503626166642994 -0.759186759754623 -0.436174255217839 -0.622482446560838 0.649821110656357 -0.318253119238059 -0.543497342270776 -0.248797404102553 -0.171305729167726 0.101092767159404 -0.438721430055916
-5.4602973303166 -1.0973955722438 2.56096106324464 -0.866521028266798 -0.441471036371928 -0.232904429771766 0.401486937345804 -0.339228034857014 -0.850724663250946 0.039992524941795 0.243512018382815 0.0210994913304477 0.398676480501175 0.487533001299821 0.15710183546611
-5.30666932485075 -1.58826924631269 2.50987490715755 -0.79635233415678 0.142967828539231 -0.587693141889233 0.457932698647697 -0.492240833218872 -0.740267907827646 -0.0220072971399579 -0.225540877135294 0.11600893507541 -0.341062469944744 -0.0581213136504301 0.0507015161278171
-5.12171394168987 -1.87442428899299 3.09792743907459 -0.76482888842235 -0.174813762554581 0.620061963327694 0.635417546715497 -0.363379229902214 0.681322238514399 -0.424975670466145 0.0359755096449174 -0.083342931357745 -0.293174202983728 -0.0244253962606187 -0.0122532244940981
-5.20985859002107 -1.98307266182475 2.11505161324051 0.734636948565572 0.646851549916616 0.204673973079394 0.538716771520766 -0.37276452727081 -0.755533332927964 -0.206903466648396 -0.121672092024087 -0.438114063436434 -0.142598237117858 -0.60540011455285 0.290155431865455
-4.93199349456883 -1.82679447284081 1.65597623153342 0.696680130632189 0.152189770507674 0.701052757831369 0.701334977220662 -0.350029995184794 -0.62097350812649 -0.321095305869445 0.0295660127504211 -0.00126960167530257 0.1490305628875 -0.571546398623508 0.147408985974288
-4.6020267848639 -1.68692855633159 1.33217489102288 0.385634578037253 -0.5035338815663 0.773136152387011 0.664309375775697 -0.429985177507594 -0.611396555549488 0.572125028010521 -0.000366921761233425 0.343905444239593 -0.0221887453172895 -0.139265082320021 0.198160444484732
-4.96912703754598 -2.4432982227999 0.220574431793095 0.742129813499781 -0.669976625261351 0.0193489907626731 -0.216119199656275 -0.211868456409731 0.953102360562954 -0.159400129004796 -0.269253394672814 -0.120362093953593 -0.0850219711464794 0.142822925074003 -0.22045021436005
-5.43073815442172 -1.83824415045361 0.000808919886899907 0.173852491181314 0.394355494385538 -0.902362992187657 -0.827267228796078 0.555580930267711 0.0834186988821748 -0.461637836445551 0.113856585180171 0.247142397215781 -0.119776082591709 0.463512819660146 -0.525601919067091
-5.64993418495115 -2.88992002595673 -0.630669205936794 0.252192697337608 0.830324096409516 -0.496951380672555 0.964345393948726 -0.173072827515939 0.200209283103499 -0.353692843765781 -0.442171521323525 -0.227976108250123 1.04251822302435 0.584255514642622 -0.29307383958046
-5.80417660548813 -3.99981169579679 0.429851174625246 -0.805936608722313 -0.5474540871105 0.225300174060174 0.166511628719666 -0.574836259769476 -0.801147383246452 -0.521608291154724 0.226083810959021 0.632016655612707 -0.107600787070256 -0.14061112031066 -0.171315314359092
-6.6502532626086 -3.77289128618113 -0.419629804602619 0.197705944738354 0.834258604988329 -0.514708464475359 0.661063139413997 -0.501177813085106 -0.558404976282141 0.43121213423768 0.611791923879264 -0.101366537994009 0.201012295601219 -0.181107419887936 0.258911772065173
-6.63927758895073 -3.87342902622501 -0.898102921630528 0.7990907985859 0.588856743040064 0.121249139885678 0.448992764944305 -0.450390478014272 -0.771721152890179 -0.15178721503674 0.00145323256393549 -0.419060907698024 0.191289840663434 0.487739096771939 0.0661664733228504
-6.40109874771303 -4.91893798961606 -1.10385729450126 0.770606012912752 0.433339618477776 0.467314668947948 -0.192845212514356 -0.540334275908407 0.819053920333729 0.744759672616023 0.158969794060471 0.0698236269733104 0.528944426450133 0.00918921386651094 0.515070995469398
1.9143229881085 10.424675962519 1.94773568278129 0.353473502181257 0.738180102247021 0.574583690806988 -0.398074947187761 -0.437145381262752 0.806498686073133 -0.210433459645556 0.157176803726401 0.27141623850384 0.18095282791541 -0.142769024506477 0.372467860662215
8.18456237600885 -2.86468496949114 15.5385670749822 -0.955021792378791 0.0976019744593512 -0.280012763041813 0.0756034910989897 0.993216855395915 0.088342147071433 -0.476449702322789 -0.626529530339067 -0.779974659870049 -0.295072784562185 0.123607104272525 -0.0576620804466933
16.3640172578196 -10.8415692998223 13.3325338745625 0.464058138603986 0.491199593117742 -0.737138307327001 -0.77666954641392 -0.174532239634595 -0.605245962325585 0.199452263260972 -0.286565264577789 0.340267330117558 -0.531174434102464 0.0264708263805963 0.130967431612209
15.0137167505918 6.83754339400016 22.8775548463932 -0.563469375816267 -0.504962921014929 0.653846018413998 0.819261080694745 -0.443443771801541 0.363550240502479 0.341809291259138 0.144624541105148 -0.833960749206173 -0.331442534494597 0.55855247846591 0.297751007115903
4.38684301816904 10.1791677418555 1.26213761560745 -0.745628986051424 -0.663695995468298 0.0595390865220828 -0.270833814224883 0.383475851549034 0.882946887510078 0.766503487432604 -0.119059564261091 0.267950224697815 -0.135674242840866 -0.119556475764781 -0.357665252929252
2.45463722068195 12.1662032854745 18.1935785418887 0.509375981469506 0.166621893471007 0.844258928215191 -0.0977487963052453 0.985929010887787 -0.135605865754326 -0.0423524668669184 0.248733816278856 0.00812424058501946 0.0902831624826538 0.299804470015475 0.201324110126886
-1.9132514823617 3.58625213954097 -5.32804067742862 -0.459340084278523 0.619640666033031 0.636436934368799 -0.875193776147542 -0.43816107759099 -0.205062289672294 -0.0143386310776773 -0.223335752599957 -0.293684784985722 -0.274717157134117 0.213122048877089 0.170503635610466
8.86352177419018 13.1494615068795 -3.39240699011601 0.522323866109659 0.16994282523279 0.835641654330161 -0.715812703378503 -0.445204000036948 0.537964180767776 -0.405461865174498 0.751618083997231 0.178421067209178 0.674001196391576 0.0484434089556686 -0.507808812946883
14.8897541235433 21.7130114369569 12.2422819586766 -0.119396180023295 -0.647539945677478 -0.752619759587134 -0.751952057706098 0.55396817087556 -0.357333584363083 -0.00441620512721688 -0.241939700070248 -0.130763046704848 0.543696396049786 -0.328427276054945 0.543211641404767
7.95433931963756 -2.8823558083098 23.274279417068 -0.123463429635932 -0.978588686243171 0.164684187554045 -0.827182477517308 0.00980936566587596 -0.56184769277183 0.60334766667962 0.0731758184454081 0.0372897839117122 0.0802803835259375 0.662851159036364 -0.358934864169435
24.8866874736708 6.51619380715832 13.6115225518584 -0.0124378030592601 -0.887994748120522 -0.459685252062658 0.44837794981755 0.405957789250744 -0.796338762332252 0.420891027445721 0.349748639622279 -0.396454726424192 0.0806395883079634 0.314275605185455 -0.309053701099627
10.0600048173126 -0.165578752179806 26.7471545881818 0.074725064010833 -0.937201422923409 -0.340689692147603 0.630584824673935 0.309075048384823 -0.711923584067829 0.3219604513516 0.155466614450871 0.0617931524375124 -0.167394880358303 -0.333071339896208 -0.387020948163758
-4.551556003046 4.45915643263919 33.7968772602158 0.477969593109929 0.81201335693843 -0.334931798511157 -0.730407103648937 0.57922549640677 0.361943635323031 -0.139405873494741 -0.461319072244406 0.522713225495351 0.135482193953732 0.0493373844181633 0.186921802702634
2.81945310866884 17.0862176874635 1.82592840721756 -0.872355322537153 -0.459149504425336 0.167862392698759 0.34049342756738 -0.817033510418643 -0.465317451448923 -0.0434666260736936 0.362903517899762 -0.0493807669731202 0.232646617344379 -0.796210280411206 0.0186746442462939
4.84449479119751 6.40085594068924 15.7268138053236 0.42261712148427 -0.838880778078415 0.343035943085566 0.283480057591833 0.481860389097413 0.829125730175634 0.15488791362532 0.374071405792646 -0.150473588198574 -0.476290124738717 -0.613527842201221 -0.204449176440909
11.5180745094725 11.7546221894922 -6.84168440156377 0.691191613734071 0.722445378183769 -0.0180756116071006 0.41050302686872 -0.371913407517355 0.832566881584182 0.782646205353901 0.501200481619998 0.305002287059458 0.187878130077839 0.388727773728045 -0.376283666472217
6.16506159874284 8.50085510888242 5.7115043673909 0.840487493911199 0.152588745234966 -0.519901307278271 0.140381151378349 -0.988087593745703 -0.0630550727405408 -0.143142701758322 -0.114368908774329 0.340786946765736 -0.338030789837963 0.0142523262774282 0.267178597576112
2.8151278638203 -1.0956926912019 7.87268836726086 0.0397106166383634 0.784623456737157 -0.618699373366871 -0.734509925491287 0.442712545681603 0.514296210496903 0.0154957518110389 -0.250229337776375 0.0360382096863451 0.165963312465924 -0.227698820217627 0.181377118798626
17.7343277038552 0.943946284096411 6.85032908093014 0.84814868449021 0.19805150585432 0.49134438213501 0.511900047824644 -0.06760664405784 -0.856380504131397 0.16114428499737 -0.302106489879663 0.0548586408486802 -0.113899961825361 0.3290652461221 -0.00343339775315176
11.9021130218881 21.4421984211777 0.0874135544936941 -0.225486410865129 0.73581803785188 0.638535440173592 0.97417800268585 0.178047461385202 0.138838500701084 0.519498786305069 -0.250954355441354 -0.410861212286275 0.219020620716986 -0.0856296013633901 -0.290668420852216
28.0893622974182 13.5021449822117 21.6251441068631 -0.0381943943991416 -0.817505216897997 0.574653165635971 0.515689868891481 0.476452277010565 0.712079411459685 0.0162618545879395 0.0332172583469657 -0.208208817478797 0.0211951896312475 0.134256056934317 0.154445042574921
15.6945331509137 5.34728892465409 15.9382162342512 -0.396459996416853 -0.257508077204935 -0.881197438127141 0.499177662802154 0.745099123256102 -0.442321971114915 -0.279410459335958 0.464651162154238 -0.0595461625094931 0.434718277659635 0.168534594016968 0.483134039640042
20.6588287185326 -2.80475361139284 3.18144457410854 0.279830179746171 -0.125862525620166 -0.951763403300947 -0.866414478680293 0.393930101158692 -0.306830396574006 0.29197146151559 -0.0666205320852289 0.245994306586232 0.285582219747093 -0.224417541858062 0.456108356817294
17.243758088757 10.2826983911665 10.9842581315121 0.309270785672065 0.936378602312973 0.165971762312456 0.169922655710022 -0.226132684848713 0.959161208113245 -0.486738834358619 -0.257210551457633 0.318987518193492 0.207105874758807 0.624371676238624 -0.00676152095768657
8.50689496298397 24.3212607152104 23.555842954049 0.168304853212379 -0.920378602622301 0.352954126958219 -0.938892492814803 -0.0406118758691443 0.341806187698428 0.796770794012615 -0.330744552238033 0.439334856134947 -0.238404065191414 0.139647526221288 -0.0172570535828081
2.13629770474087 5.18599401760109 10.9967493741603 0.719841928517619 -0.636032261219785 0.278011602882172 0.69407887453178 0.6647534057294 -0.276328237465571 0.0129244270519843 0.196441943692826 -0.237875110008262 0.00550364267269035 0.132052347190196 -0.0487375288054347
19.1425665228657 20.9359903233492 22.6304125614047 0.818300586655401 -0.521677139750715 -0.241323354260541 -0.526756854273605 -0.848639145184156 0.0483590927629703 -0.144034113832745 -0.254584187734787 0.607682243386727 0.569801274995376 0.3480924645859 0.00636292898925723
12.8351480354015 -4.68614685634247 3.9945251402122 -0.00141229241551259 0.663205771008535 -0.748435672039213 -0.186297636642323 0.735159303866418 0.651792795506775 -0.0490266781586703 0.40830960776767 0.325701027276604 -0.126790352125782 0.704650845824213 0.275422176418632
9.34681137811353 7.86546509280622 11.9023349164939 0.40948203731815 0.103794514498643 -0.906394526760589 -0.828526341430566 -0.373607578351268 -0.417086647460536 -0.0710477267138342 -0.2417364941664 0.0281359638550548 -0.278200249294603 -0.0374169704998002 -0.0116142636169357
6.65337292485729 3.96044212507649 6.50906216406206 0.666536891346321 0.658991906206017 0.348508461649422 -0.654786792978432 0.294065251067936 0.696261284071922 -0.0672767373914075 0.27368292401158 -0.377424555468832 0.400558002908045 -0.256359865510876 0.351867372008805
5.92616876029549 4.24917314709434 22.481291706604 -0.937589283169379 0.225843317954109 0.264425786379842 0.268408265668833 -0.0134655720178532 0.963211072159949 0.768492976748786 0.134055662662856 0.0957944696854629 -0.598991531850223 -0.167543313220689 -0.0496642105724799
2.55062526144149 25.3768310295567 15.1952602636488 -0.511488596465598 0.430248126014793 -0.743818422479304 -0.833575249286181 -0.038260259688659 0.551079136629338 -0.205903695498841 0.145075335259657 -0.454057470218272 0.199004215558968 0.269023290948104 -0.150496563876969
2.01478889672444 11.8878340132913 6.48857949813788 -0.127169552128517 -0.260446092073001 0.957076604926593 -0.556283821304181 0.817602127583055 0.148576316470883 -0.0183959972276901 0.377503009172021 -0.454298397515736 -0.148018041398803 -0.0204356981604847 -0.139635483499319
-11.5424698171602 1.6665530660501 2.53110620936154 -0.186484809920655 0.3260999649671 0.926758914688629 -0.667274948579609 0.65031127571191 -0.363096672191911 0.0839686664257571 -0.3123577099923 -0.164084989959931 -0.210656682461694 0.433756822274437 -0.431087817192884
17.3825906237376 -5.50519830954099 8.54665613353708 -0.423658450465235 0.228315126239314 -0.876576066177933 0.142487213884574 0.972463265625269 0.184424577529403 -0.0209900465306454 0.426413858086361 0.6841710266548 0.139826669700549 -0.745458940590488 -0.213653948851807
1.17559679793205 24.7836288692284 8.50269424911063 -0.581858683868955 -0.344871913495472 -0.736548501466708 0.562284873298326 -0.824910699937305 -0.0579483697026109 0.0975698074635387 0.164306392923761 0.247354040991421 0.0590813078667939 0.177945541350011 0.0169688711337548
6.99613238275346 0.627056145776095 25.4895999561279 0.59183455602776 0.181900544886871 0.785266781565719 -0.805514508630609 0.169281421306974 0.567882083194524 -0.140022132518652 0.550755395390359 -0.221263826615096 0.0580444507642094 -0.788022145178842 -0.442037141918085
8.39213214893808 4.95501936578813 17.3910474272919 -0.411227770656772 -0.43216125850585 0.802575977749463 0.883584234250565 -0.405341495383189 0.234471824674637 -0.25107331846995 -0.310376489790654 0.102226850055118 -0.331189019044045 0.0110561477942712 -0.291669160769386
-12.1503709600402 25.0146531451205 11.7243888030124 -0.716982555895856 -0.550910359214504 -0.42712249938756 -0.656980630113106 0.738870668734366 0.14982146417098 0.32864898716768 -0.222962380223942 0.112813917132447 -0.194371904518628 -0.0256471113703907 -0.017518523010305
-5.3506191823688 1.79305410084338 4.69110069422754 -0.322705877856356 0.884034639602229 0.338147174101854 0.360316001043779 -0.215619965258071 0.907568303182949 0.116987529046616 0.0408213716178429 -0.616478373120406 0.38929563105897 0.16354490301071 0.914943611443287
-6.17152285949882 19.8129312744679 14.2047273604601 -0.249988482126354 0.540143235772952 -0.803586270766137 -0.963772720867552 -0.059103071185336 0.260093956717018 0.19249865491321 0.0104549648521051 0.418390674423678 0.0723475554351489 0.113205180656075 0.354627093247666
13.4068147439569 4.10688040036481 -2.67518671084886 0.662798234652965 -0.685635605899439 -0.301001934833086 -0.744644084554909 -0.561240837924325 -0.361266911605574 0.252473024834886 -0.445450636133324 0.244601569057386 0.289220585851233 0.180668562547943 -0.0086598716692831
4.89107779911055 -6.23820286160017 2.24344534767315 -0.312633919732995 -0.618688778987557 -0.720752447738232 -0.302471171399685 0.784131887321861 -0.541893196705101 0.311313587043671 -0.187216671455013 0.352852203242219 0.0952830360412393 -0.192513015283638 -0.336847425014341
3.57342184147261 14.1120821801968 18.376996402621 -0.419808770542001 -0.275839384060094 0.864680929664194 0.0971314002124782 0.933572735989583 0.344974347444344 -0.13828919781427 0.225661194319545 0.0832060925286276 0.690353729787736 0.152923418464875 -0.0386506610628049
11.7045830638979 -5.88871090042233 18.2056252923947 -0.331785006009232 -0.644024411761926 -0.689312055689802 0.713670955113979 -0.649213418835485 0.263050622476784 0.462169386600703 -0.120082953525288 -0.806848925153614 0.522123107282749 -0.586546077592448 0.41456480435197
4.11427316237409 -6.56369418643686 9.06982772036133 -0.530126198885199 -0.734940386047544 0.422881549962873 -0.835241544144139 0.366703392207686 -0.409756118252749 0.12025215455988 0.082451067566443 -0.544831392553329 -0.349942261497927 -0.29990332296298 -0.454527115753533
-0.708682876068893 5.68605592477477 24.622830970941 -0.829079648466707 0.524471146447199 -0.193795933186823 0.486323723066222 0.505397123160359 -0.712785312011778 0.211266926339047 -0.112128464867008 0.168092807267903 0.250275118368811 0.65876799169069 0.438078812957782
25.5413188738092 9.47249728272357 12.2603882799938 0.165039410589373 -0.229752250858627 0.959153676801589 -0.590706136963337 0.755753084498426 0.282671875061668 0.194992553998522 0.199077244397693 -0.221504243309613 -0.593640878431449 -0.554973035877907 0.150424655708799
8.69739559871764 9.09755406594104 3.37280561755382 -0.372994889596925 -0.332411871130551 -0.866243049571507 0.865553603870013 -0.460948728543435 -0.195813732698901 -0.0752032548109954 0.309666540012898 0.159355454042604 0.500902451709412 -0.29308953714475 -0.00697524701495831
20.9117595982384 21.6070882093686 15.725382160577 -0.511039253678929 -0.58281629620642 -0.631794132146621 0.39625382579203 0.492521610409337 -0.774858201780414 0.209762155162989 0.0923405843791081 -0.0436326630790375 0.291202318647006 -0.326666998085998 -0.291239844028778
12.9414342017117 17.7897616054401 25.2774876956586 -0.411155868076585 0.863880864156708 0.290964884143966 -0.833615689078734 -0.227179656567814 -0.503462193271362 -0.482323570374685 0.0329694617865254 -0.411432003328804 0.189466429136126 -0.0676634303052538 -0.0488965624672058
5.26303876342178 17.9368850597465 15.4044510655272 -0.595055627197631 -0.200657440762323 0.778232083442319 -0.447582517961638 -0.721526962069865 -0.528269411990905 0.245447232973489 0.094751100033006 0.557365068436598 0.26602255893929 -0.548314417907336 -0.27848418472777
20.0336400832523 10.7155328813378 11.1110186270933 -0.791347063751205 -0.267458573149497 -0.549759592306538 0.424405986697382 0.406930648617683 -0.808879999219927 0.200824536761435 0.329778141651927 -0.072717115685714 0.552225529092233 -0.135136092181144 0.209226644561466
3.93363594322366 8.82501025598582 -1.04251062066669 -0.854768635999666 -0.115089404073686 0.506087703955541 0.4610275595109 0.279490869574283 0.842222251938223 0.434176180335322 0.3217703363399 0.164819844118845 0.0553254479148469 -0.385016402666358 -0.486632963149239
5.17875341201579 6.77047857832191 2.00373955251697 -0.3635892380629 0.529242066083544 0.766619605982156 -0.24701127220899 0.738712542376739 -0.627127704010086 0.354204672611446 0.459076037557371 -0.355361064239499 -0.744306345022829 -0.471371392192993 0.561993849972008
8.0898132253429 9.97668616262897 -7.04886018759768 0.162634479958784 -0.955986605205051 -0.244211938191303 0.0123203584646916 0.249455466613259 -0.968307836794426 -0.189739707048121 -0.2601197080531 -0.56284338263345 0.250264775599214 -0.0715587682464241 -0.304296003870297
1.11196695339369 17.4958761294315 13.4782830241811 0.752988008659704 0.410880171228307 -0.51399066007007 -0.43431026040425 0.897123323216708 0.0808960541106111 -0.545144889474772 0.232073407640204 -0.428055267184772 -0.363869636609924 0.45088664227464 -0.451235910476113
11.4615592410958 12.1791104737931 9.22723323212221 0.0785286729548052 -0.991260479120994 0.105998975157892 -0.886119769146464 -0.118121688251057 -0.448150543700161 -0.209145151015768 -0.338570975344612 -0.203262992624118 -0.544532793978717 -0.175349792680972 0.306990323299333
-7.34333009191192 15.2048934534129 11.6162828735459 0.0917633180754674 -0.932620906685012 -0.348995082823971 -0.57261251618389 -0.336152360773166 0.747740826529765 -0.251135328569788 -0.302063406141034 -0.446110652856964 -0.0588216317840271 -0.126641640419102 0.00981052120849664
15.9483518347982 -7.15707955204494 13.7269755935129 0.306158600325899 0.94800605858093 0.0868978842010225 -0.642837474925926 0.273201395271173 -0.715626192572672 0.0662900871159106 0.50296076340129 0.24926205628806 0.416477909095093 -0.244527686355259 -0.104706870502288
18.1597676820272 3.64617265512594 26.5344708185217 0.824841500690348 0.444503886570235 0.349360462407926 0.356399618765342 -0.888508168914787 0.289019805034336 0.845277028008541 -0.230173842159016 0.0014969761027774 -0.14397212386822 0.530091898315303 -0.0725973111098097
-6.94203088080398 5.22368635276382 2.86368347742882 0.221869836503426 0.134941222841859 -0.965693794321945 -0.0823111221158142 0.98943466273766 0.119347577138353 -0.219252971876945 0.23207795716936 -0.00176335492379664 -0.157064275342318 -0.0602169340604006 0.334312749033534
5.09129255089742 21.306036242565 14.49119201372 0.583038847573 -0.783221141355807 -0.215940482540004 -0.711685061493843 -0.620563389976795 0.329249616433976 -0.00311739188797116 0.425866234381889 -0.204470999737162 0.281530754611804 -0.239699943037203 0.319718764042735
12.8740161897327 27.0275980496589 -7.69058030340122 0.374396392637781 -0.0298613746575292 0.926787747581961 0.694390144185329 -0.653360820650551 -0.301565715186933 -0.162101104274177 0.353251180395042 -0.292260682180384 0.18314751067797 -0.00612958632345259 -0.24903092625876
9.56049181060133 12.2899477049409 5.17602584675173 -0.300401256950883 -0.346176926832468 0.888774710798433 -0.175640797396723 0.935954385654201 0.30518772734014 -0.401353564226333 0.0975846628887117 0.153995570308084 0.278802371687405 -0.499790324198778 -0.00406225734854927
12.578024767553 10.1865093512875 9.83586896562466 0.784455835630067 0.169337377664338 0.596618632424614 -0.0762711149111841 -0.928357593511972 0.363778358896157 0.0865505929442517 0.127247977604982 0.000862176306456766 -0.115677499996736 -0.282943039753071 0.388266037624123
23.6682609425647 -2.28728634118546 4.91825188190304 -0.976387664338577 -0.00458134824586566 -0.215976960847071 -0.153357533093141 0.718839205584591 0.678049837057104 -0.0515288396489548 -0.0897374923629042 0.26547295001263 0.0863455713409331 0.00328145027739726 -0.276188814517105
8.05531874759574 15.2457094060889 9.58413734533891 -0.403415791644575 -0.557883671238064 0.725273328855563 0.549950086495741 0.485665849209515 0.679472950472682 0.010052977421314 -0.289920712494414 0.0211669395508991 0.323882241439786 -0.102767401849159 0.173254206954628
-1.20206588137786 15.7796617593779 17.5216387317248 -0.664298065684691 0.742346953620074 -0.0873437960632149 -0.747463296389526 -0.660143635284587 0.074221414645115 -0.723901396053134 0.336988109080056 0.417602617728523 -0.128971672974775 0.0279540352000055 0.0345574347029534
4.63454714241873 23.2762237022017 11.3962551543295 -0.813078380004579 -0.243871436608049 -0.52861153935246 0.421842363639154 -0.872575063586475 -0.246295794375772 0.013583711670583 -0.0254491193669094 -0.0895542599834651 -0.188337776957895 -0.100485128212241 0.484562768089293
12.3611488299271 7.39823121459678 6.12348788105787 0.737017046015404 0.447009064781554 0.506940357042664 0.116869207268073 0.654465845632884 -0.747004624005998 -0.271497574050443 -0.127424373448029 0.00757515840084892 0.143852413233276 0.198997449693814 0.406529911179787
-2.51669971564309 -6.51604219828534 15.944114786738 -0.20172217394698 -0.730858889379708 -0.652037813739136 0.957377640096424 -0.0066222279644828 -0.288762937196519 -0.513888995187312 -0.135089082750731 0.0062098467405012 0.359604603795183 0.160236595581643 -0.0607506325650012
6.0460135867265 14.1302578987631 15.0970530765125 -0.466952494433274 -0.688312353966263 0.555140771687412 -0.430665690746926 -0.371284521449723 -0.822602428059436 0.102090994392113 0.22457440740966 -0.526637333210858 0.400958865898666 -0.492076573492833 -0.292464355504054
3.46086315802261 0.715846369811154 2.64943948164704 -0.203192236939267 0.923557447719276 0.325199143574636 -0.868585501993728 -0.323326262712443 0.375525343382253 0.31343610366901 -0.428244967202071 -0.396114296915772 -0.165487911707967 -0.543442893913799 -0.0908159921161692
26.0726946371909 18.2987414555431 9.39178058188119 -0.754190651164312 -0.116602997764675 -0.646219841853035 -0.332530162990648 0.916413386445005 0.222733163789539 -0.196607544436549 -0.164768260977711 0.0461298466322986 0.305328657039775 0.123423004329069 0.525419254829172
10.1530414621515 21.2809824926732 13.0295311323101 -0.676867927594798 0.628893520948356 -0.382547557259547 0.716368179296366 0.443245700824342 -0.538841042712483 0.152024372679678 -0.165581580550866 -0.0281198957128983 0.314352647224847 -0.267425120775793 -0.344865308575122
7.70788062969092 14.9746422055136 -1.81246918568478 0.658203056484123 0.675362787120917 -0.33264661898815 0.748422130985107 -0.53919933293173 0.386171290194364 0.475562565097967 0.281724061617829 0.255349972399936 -0.0198172207075401 -0.316078925610949 -0.151193796122942
8.95012268296411 14.6997886942272 14.6819474008358 -0.72725993115488 0.656010555562702 -0.201849134087322 -0.0681933682658202 -0.361691910927891 -0.929800261173316 0.0126020998748049 -0.0671646760646391 -0.291089855599713 0.0119100281391602 -0.279887343007344 0.00659423171503578
-0.279232604752189 9.13479893242514 12.9765909556703 0.890747583331862 -0.249423042893249 -0.379943150990037 -0.291685005446067 -0.954813125356854 -0.0570226184181813 -0.491738094542467 0.0885424064418099 -0.346100355439779 -0.15034464710555 0.362481352164812 -0.326526048415577
21.4118899749364 15.1885392180104 -1.4781203622543 -0.25692827018496 -0.963192113153908 0.0790485058577329 -0.166309350989584 -0.0365084684913022 -0.985397484288016 -0.641040149141825 0.443626444699332 -0.247154377259919 0.180055179878811 0.210835412426145 -0.148987776718725
2.13650736580062 19.6047038160488 24.1763875871797 -0.796992580133166 0.502817754976339 0.334629720754874 -0.565849617625073 -0.427838904377657 -0.704817696403151 0.183329039881537 0.0893106851707056 0.279775679533308 0.253149045611424 0.559035379705849 0.586871610863157
14.2244900096098 7.53093980838341 -6.09605257109699 0.0670866349827315 0.193643021536237 -0.978775588811983 0.978912977233843 0.176931405257629 0.102100547858206 0.33087556111414 0.0321906090160019 -0.333827916771516 -0.0450957845528194 -0.235261307021649 -0.159099148457076
4.38590019324291 -1.17726866315147 -6.70544601522309 -0.688080734426884 -0.311805048930677 0.655226990940978 -0.27394347435387 -0.724530296286362 -0.632463937841004 0.150355374278002 0.0345927864067737 0.0498567771999239 0.401555192493149 0.445872442120798 0.270904633708007
21.2750133501992 18.2051159831078 15.7765510447545 0.5012326274496 -0.385051556071066 -0.774920016540766 0.485073054054433 -0.616566231935487 0.620121065316409 -0.198086582619548 -0.267213057179109 0.22192348323637 -0.313971290512931 0.138657386986381 0.214462375983051
2.72046749756248 6.75011555770166 22.5534361539637 0.378765023293105 -0.0166680675684243 -0.925342712530177 -0.538423448869211 0.809253227954531 -0.234966642908773 0.0612501415064503 -0.372650556614062 -0.0970517654315392 -0.131215364466843 0.137193931009024 -0.0339380892033025
-0.665038312498146 8.25809167679061 4.2308407442615 -0.973068006562863 -0.201423896568669 -0.112102486594556 -0.140147141779171 0.13081691260638 0.981450771906565 0.667881790652047 0.139611988312709 0.112467395154669 -0.392517486751604 0.112162419194552 0.165031852489452
1.29914233488145 7.80527176864786 16.8041915769612 -0.557752244082146 -0.788795256176709 0.258291199721265 0.10792226694877 -0.377470823570785 -0.919711011980625 -0.200798465899822 0.41649480312803 -0.168200955951902 -0.112370517557815 -0.350274783382935 0.631413072896646
26.1831106926567 12.7137349991608 8.0974800571492 -0.293508248186164 0.458354018979289 -0.838906676796665 -0.322158255214178 0.778798268698708 0.538226038604296 0.316057990094407 0.772983427446157 0.0457494417878248 -0.354369131740566 -0.275584265157561 -0.231884151964284
19.4001163000864 7.04061513590075 22.1936891903588 -0.0221930105951773 -0.998461172118437 0.050818692848431 -0.30356805351 -0.0417012010180057 -0.951896697853455 0.38205893057594 -0.370592442975175 0.276429148899343 0.487894996526843 0.276590080265157 -0.531395802932303
-0.815442976361346 22.5857001649174 -9.21419465090486 -0.952727636689476 0.273583005978853 -0.132144991346654 -0.256743531496867 -0.957516216889144 -0.131321781250991 0.333149953221701 -0.0671523502963967 -0.632817615755731 0.508489342065793 -0.223882636405129 -0.218666135455189
8.06356570646126 12.7913330904485 13.859409990083 0.171565810488192 -0.217753616664442 -0.96080611858788 -0.356447902978839 0.89547277177569 -0.266595664839862 -0.226390456223657 -0.0139866736888049 0.0459376903620017 -0.296660955117796 -0.143441468084634 0.669256635692937
18.560925381857 14.0245687025725 10.5891621525747 -0.363126642911941 -0.0281134699936271 0.931315459227799 0.32800780824136 0.931702315744324 0.156017762055092 0.173983889474949 0.401805148722728 -0.0828317280037941 -0.0943042148530386 -0.560503649232641 -0.101360507004596
-3.28495663906886 14.3395442639526 18.1175378242054 -0.0597516964308554 0.594321153114439 0.802004978983053 0.311636011342744 0.77438964590572 -0.550639209325016 0.222262917508313 0.315172217369518 0.172033374632126 -0.123669868806909 0.118581204505854 0.199362866418512
3.12529119088974 7.04172571342196 9.27386449010079 0.0447260846288532 0.905804142987099 0.421329096408934 -0.623198847000641 -0.304327841197454 0.720421847933785 0.00563244634475982 -0.899166138261185 0.207944694867658 -0.77757828414192 0.439409197095217 -0.401012070021394
3.17388333970465 0.704867942523836 -2.06969659699892 0.411910704019142 -0.839293591940909 0.354846025792754 -0.417444343021793 0.172344002290157 0.892209426839411 -0.123639209366168 -0.0150353386280715 0.254921218301548 0.0512193035929005 0.277492101602202 0.412699563333314
16.3503222929271 15.983180640027 16.1125341192804 -0.985345045770829 0.168897901350303 -0.023843681987403 -0.0239390926471447 0.001471563743761 0.999712276028265 0.310160624147727 0.0636140857766782 -0.393741507059161 -0.190157253024535 0.321916004954617 0.176292721997883
10.3368416101078 20.2333142439325 24.2889059667952 0.762621139462792 -0.646522331543711 -0.0204372336729257 -0.643324792718598 -0.754799934754252 -0.128102050243102 0.041998264620944 -0.19696161632147 -0.135575112644642 0.265525230315644 0.0389605134432854 0.0945093359224001
25.7384182642776 -3.81854710091824 9.36841170987333 -0.422523936804446 0.161777907435275 0.891796678111535 -0.405802175074522 0.846041716862843 -0.345742476309388 -0.478253383152513 0.0805624091576321 0.142155615583506 0.181006109388241 -0.0740604335675561 -0.0798278012538024
8.27743768830063 2.81804417521402 -11.3452706115316 0.686646356328035 -0.705254456136051 -0.176444808533524 -0.0491694292682636 -0.287201850138552 0.956607205978867 0.112676195699334 0.772191925652782 -0.285073872770344 -0.137114845860935 -0.25190821239081 -0.267517478632934
13.1860960647801 3.78321028398434 19.5436699918911 -0.739819500429417 0.525363617942049 0.420309508497798 0.0890852987880822 0.695702913549066 -0.712784092323882 0.174967677675161 -0.0990768124524289 0.297906303033226 0.444154845429606 0.220515749153764 0.616090642405521
7.12942127992807 -4.90110213655832 6.6660337923159 -0.25116902053352 -0.418750956230861 0.872674995574364 0.120121083608853 0.881122533020122 0.457377150709891 0.313875000650175 -0.640320748067039 0.098675505352511 -0.208458237428947 0.0838792884685875 0.000398951350813206
22.7276908765178 21.7736155805255 11.4303355053835 0.274084117165799 -0.951227312253804 0.141578148931888 0.735012217004083 0.112257431602899 -0.668696623660918 0.341270930015536 0.398022261629348 -0.274193007584701 -0.650895577868409 -0.413723652498378 -0.387338720019611
2.9731260741499 12.8687765040254 20.7984734168553 -0.985748519323139 0.15073527928535 0.074690474244204 0.131118084042138 0.966592310109718 -0.220243692532637 0.283880483854886 0.15108615894756 -0.143682118543519 -0.0611613828234384 0.285411384250758 0.829484538810366
1.75739203642042 0.918155708231406 20.9578732768252 -0.796723815148353 -0.431339394713611 0.4232934888394 0.599321134516792 -0.654033198776684 0.461578449640439 -0.00562324882354797 -0.187176607806033 -0.333945224390563 0.19629375954564 -0.321487468523093 0.491909124474665
7.48418997919495 10.6062930448628 18.3449244412219 -0.274606174086616 0.93398178959907 0.228624977551468 0.321977863678821 -0.134724491954485 0.937112302298761 -0.157089212865549 -0.219045718084595 -0.287182421887503 -0.0501376731763962 0.166119340497588 -0.233938790354359
7.75097711386105 24.3638651869114 -5.38364732927872 -0.78173199153779 -0.476460353430133 -0.402343747852696 0.513075885942096 -0.85812566112531 0.0193243114635283 0.190548408257564 0.174394225506832 0.390130576710355 0.391144815896119 0.393935527743401 0.139251635877922
12.3987772365828 1.7349586543211 5.18808241481567 -0.178771766659774 -0.658269378175907 0.731246865062531 0.983387755876276 -0.143302311705654 0.111413079980365 0.573393799539195 0.254723759704761 0.317160030321193 0.190362558319333 0.301620604267482 -0.239161759082922
13.6576724389228 10.074156414151 6.04512593726826 0.790068840904972 -0.578220542260393 0.203597792023563 -0.611645392450391 -0.765765892358846 0.198727024253863 0.273638735785341 -0.130084334051952 0.0567774113266974 0.206950966032783 0.341684409876276 0.558577863825863
4.1312020478189 25.884144902887 20.0389879114754 0.839428830401036 0.207677382720447 -0.502224154527612 0.468457430948508 0.191977364175585 0.862375908857445 -0.0380009521529223 -0.213861684823172 0.2169005125411 0.0610444404581362 0.165572663734601 -0.334829472770842
18.1348074185214 25.2966428110065 21.3352977156847 -0.522675797279537 -0.740046363363957 0.423250868213815 0.8416462242161 -0.368837932091341 0.394449046395914 0.424693475519427 0.330831413888036 0.68881621700677 -0.142066244139213 -0.275702060527598 0.0603103602729659
1.07118899386573 14.0620842755235 7.48903858644216 0.223995672653199 -0.718386525559971 0.658594382497238 -0.923339332828129 -0.3726822560539 -0.0924786332429211 -0.0412538167036002 0.250067189503317 -0.322752349518009 -0.208107927547928 0.199821848734612 -0.449163770889135
6.13602728870018 3.88934882713821 12.9256955771284 -0.051327141666841 0.791455260263021 0.60906813972912 0.65147236024587 0.488776950962696 -0.580241945544703 -0.0436228758664271 0.262921394789915 -0.0683941725316088 -0.130694979581652 0.00586675412680738 -0.106315493883825
14.8859649798386 5.1149880917942 8.31824489795351 0.889156658085701 -0.380516329633269 -0.254180327848685 -0.457139930983511 -0.763601367426524 -0.455999907602459 0.111321635702728 -0.232066937925726 0.502962524998055 -0.287562000893585 0.468613433747614 -0.26941187949037
-1.01916413910888 21.6676186697658 8.68808391807995 -0.854712082656296 -0.446490131912469 0.264789887830034 0.518646733758919 -0.755873133847282 0.399576288609246 -0.221547110696584 0.818990700031694 0.151352916004754 -0.0856385349656838 0.0119460550968623 -0.133186760356589
5.70576498339945 -1.28164846992597 25.0061764209641 -0.694088713405707 -0.649707187958629 -0.310034403332763 -0.684601985941306 0.728898618894264 0.0051730804776358 -0.167310365955981 0.266718688575752 -0.291943500075248 -0.0734438834228082 0.491675112096542 -0.142604851854518
-2.13845238176742 -3.76673635292719 -7.00275955053308 -0.904174056096817 0.224815820840762 -0.36321757407279 0.0344865115435937 0.885942545011893 0.462510862184263 -0.191173194735173 0.0162634717187488 -0.192216581544732 0.209421212585112 0.22733996773803 -0.20529236860528
9.92487069701795 15.1980182680203 6.38852121467058 -0.369212710231239 -0.915382250512386 -0.16049071732393 -0.48692619596356 0.0434500483049668 0.872361657795912 0.556937650012882 0.233603386262953 -0.171358425997033 0.215785974889431 0.319087379307097 0.322013941534399
22.8098566241072 36.4500334311404 16.1333558002808 -0.306420991179972 -0.455349762730694 -0.835920243417381 0.872561354136876 0.216618182022981 -0.437850572771803 0.0611820753541291 -0.109620964408895 -0.267852252294041 0.0804528018658937 0.210049683693323 0.048033082166993
20.2492322852307 2.93146513978227 17.1733221650592 -0.854474404811513 0.518076290907141 0.0383454833706009 0.427302481456962 0.742897843556222 -0.515281768559879 0.0247094923202888 -0.0669816288593977 -0.0697977955793303 0.146532775874209 0.168554588534368 -0.383369525793989
0.188701344310765 18.0338937355613 6.01522648458119 0.600752201654191 -0.755608666882393 -0.261059929508555 -0.476432891482936 -0.600625900846134 0.642074871230722 0.38637541174197 0.281024497438199 -0.178903800723241 0.0530577667118829 -0.257754771105928 0.0459990004720722
17.179067927458 20.6819141313312 12.4042268674275 -0.701330126313341 -0.426764549180619 -0.570971079287111 -0.441094392740618 -0.369406214276754 0.817908742572629 0.236014979411881 -0.371804488439443 0.859449350741246 -0.0585823194052238 -0.361354101905034 0.113609396094543
11.9515754778011 10.4397402021556 3.73344478696913 -0.597075885160341 -0.740756186247249 -0.307864391339197 -0.132904853408802 -0.287130953096818 0.948626326138084 0.363511148434923 -0.257113190255238 0.204330715946972 -0.168466373342906 0.409224045690483 -0.0213267638447547
11.7506793951278 23.8830497320978 -5.62861776111337 0.341194236995522 0.413442415983958 0.844187009691373 0.931642395935817 -0.268177113154181 -0.245200631714633 -0.498082162451647 0.863675780232608 -0.212323236563702 -0.0486702784862388 -0.322042246486415 -0.133612548035095
21.2458648455243 12.468275166278 2.41012458609307 0.339437330580598 -0.547600220883107 -0.764798177349491 0.858788231780178 0.512126322510141 0.0144669594851266 0.172574132948042 0.219358836030934 0.147115798015187 -0.192093720241763 -0.470383966360221 -0.369718424580416
13.5155312268288 32.9571759438269 8.74295776955085 0.522127992950714 0.202565191767095 0.828462181437717 0.813714344059349 0.172622530373506 -0.555040839234176 -0.345569343133953 -0.145925837012152 0.132337999621261 -0.171462766906478 -0.454572675725579 -0.0399990053959544
0.405982945747834 13.0123909004462 11.6045548447859 -0.76678939416531 0.38495253809924 0.513658864695474 -0.00433305188559491 0.7970956000426 -0.603837553844964 -0.0842515528661066 0.293075820362296 -0.190643094348641 0.327262725642852 0.138694332219352 -0.15346577537592
8.0378995708777 11.5845177083609 -8.95833360443539 -0.519489543265441 -0.032660205669158 0.853852338623964 -0.00576843737235286 0.999380447165233 0.0347171844583776 -0.0401911401664455 0.151271550219284 -0.465117884441505 -0.268004334475384 -0.370421998587018 -0.0714320476413395
3.54352850882614 15.3627089501929 3.97594428637463 -0.71941264882164 0.235535459768268 0.653428151134885 -0.455682286781287 0.549950897015229 -0.699933959282947 -0.174932144008363 -0.200786462301196 0.567591672254639 -0.402861978057723 -0.192328792344061 -0.0167155764998109
-0.0599826680408655 8.94582319642361 19.9618515295338 -0.694831690389049 -0.591550019400926 0.408995542353652 0.374147017545907 -0.783017588015079 -0.496887702389568 -0.145029001646605 0.376594353500346 0.279061814199593 -0.0855985285784837 0.608646840304501 0.272878165126051
13.3759934809808 -12.0257261252094 2.2552341979863 0.313497378524072 0.949468948500985 0.0151017457954268 0.0260631220758351 -0.0245008745833462 0.99935996063713 -0.0594296198336605 -0.175648014273677 -0.157422714934578 -0.432806258465934 -0.439655921161921 -0.310421922027389
23.9339396132396 23.654093948504 -0.528131129891053 0.545307864184395 -0.637073058073442 0.544772507208638 0.0722834170052562 -0.61174421261341 -0.787746103934566 0.518288001929496 -0.753690778618887 -0.101996923684878 -0.271920973218856 -0.244373343728379 0.254660942123792
3.06643461241463 12.4411993288106 11.6904976900485 -0.405180690748241 0.201286494098091 0.891802828795162 0.911485379679732 0.0133211634055124 0.411116560304997 0.325986366125515 0.1259222177365 0.222595818011584 -0.233279753893819 0.0991996591940833 0.0412649808032482
14.1833854867343 12.0020106871213 14.4988496664863 -0.448547387144172 -0.845812034507027 -0.288802916322559 0.412675038005606 -0.482622631067721 0.772511888474663 -0.164637351456663 -0.570100634668804 -0.0249636717166353 -0.752030694097971 -0.123275685887101 -0.211226493650634
2.26076675651202 16.8733583924068 11.5750747272155 -0.677270649685415 -0.351006758485629 -0.646605445239868 0.406628850793366 0.553851020063809 -0.726568609302232 -0.24674884303239 0.11033242837562 -0.226599373839245 0.244322132592561 -0.595390682780305 -0.189270993217354
5.37543155184115 -3.83366516570456 -3.1164936245253 -0.55725457993662 0.677186598253996 0.480505476954825 0.248173846316752 -0.416399793485978 0.8746547037273 -0.201695388607573 0.232200680369312 0.0623948642238243 0.120963772297347 -0.0385299206381145 -0.090202443186037
24.9280946560291 13.1570044007137 24.2898235033311 0.0469884728717962 0.92810602787862 0.369338897579658 0.967125465920653 0.0502397601441241 -0.249287455213716 -0.566140183970808 -0.221304491376202 0.365453724822056 0.0376295638797596 0.351590532565015 -0.154388642577631
16.3518619714942 11.292846274421 25.3352206075067 -0.217641449538992 0.806601235822092 -0.549569371597251 -0.80409927875247 -0.467330780828426 -0.367459026298073 0.660677220977106 -0.397236031906375 0.503898739676616 -0.0494142910665826 0.421866128432668 0.219510695549852
17.8199060228179 -2.88967805228676 1.73829737592404 -0.671799109920333 -0.20223891210327 0.712590528933861 -0.630663166954461 0.660745874484443 -0.407036626409387 -0.0727507007417645 0.394934117710988 -0.333498975252907 0.120027586850103 -0.450111183729668 0.0276156368618199
9.14609735737954 9.41673351823682 8.71514084874054 0.932638596979869 -0.325593115586237 0.155480823501244 -0.0608550507944155 0.282799885776964 0.9572464584595 -0.22964958742519 -0.490998855267975 -0.0347298748627512 0.175834453448388 -0.056233745933686 0.61474096559079
3.13355380478983 6.66790527195475 -2.5649928263792 -0.193679988530895 -0.685408343339747 0.701928311341887 0.897576748199593 0.165025631312553 0.408806084902438 0.0202271880899919 -0.0945043310357048 0.0278375370328274 0.0705359227373081 0.420765446728606 0.533867259330609
13.0276638415807 16.5525256688104 1.42285949141238 -0.298229611940231 -0.0511565757994813 -0.953122225724643 -0.0682337298159407 -0.994865251876112 0.074747228237444 -0.118734942811665 -0.233570186346504 0.0218677415856753 0.473838231727636 -0.0209968845024401 -0.657711948023329
15.873156671595 22.492720357162 19.062553611324 -0.110985230068027 -0.993094664568133 -0.0380147485580277 -0.497135731054795 0.0885985198216573 -0.863137449384803 0.147454914982779 0.126368866166754 -0.175416044561796 -0.0965333924070421 -0.119194135812872 0.234811985248544
9.58673591624278 6.12594895522261 7.91917120779992 -0.335649249469422 0.547994976703864 0.766185952086714 -0.12942473998214 0.778830224511497 -0.613736564092656 0.125667535064385 0.0705897688059567 0.206597097103058 -0.312585022432357 0.225768005500929 -0.240756346767304
11.3563133320715 17.9928188730375 8.21098672641383 0.825247426277747 0.504558248348329 -0.253747038809065 0.361290504884964 -0.816968348186964 -0.449479363685798 -0.61681440495092 0.228250952196349 -0.222568266962255 -0.25597803031157 0.443354294818763 -0.307906926182115
16.1212045212865 0.174161880493334 4.49093827001368 0.752573457244491 -0.289247784086406 0.591581600800602 -0.639141159762014 -0.537116694105509 0.550458010631821 -0.52168030396124 -0.288179660245753 -0.343801376741033 -0.158787317743303 -0.453247468920025 -0.248174101424977
6.79708359908675 10.8311140213295 2.17013406253626 0.278940473113199 0.091484471333745 0.955940743077091 -0.750416647603158 -0.600385708137933 0.27642670497432 -0.222540989515557 -0.0288942763481452 -0.0254107047556966 0.391792251768032 -0.101738448741578 0.348910419543627
16.9038469133297 4.07259756950353 23.4880118974303 0.0386232868224136 0.685406561938908 -0.727135477593733 0.615982869907887 0.556642678704927 0.557417185818845 0.37949251849559 -0.30183650748401 0.0861627418935421 -0.12865014221809 0.0314629083937056 0.206753956758431
1.64003879665173 7.80515877994547 7.8237976754707 -0.517188058172981 -0.820838972695815 -0.242362864496317 0.267476534083733 -0.424008060502778 0.865259119468254 0.0235048572588989 -0.223290482055619 -0.0118810602794846 -0.225223666403255 0.605309574676215 -0.0322926265427662
-7.8798639339068 7.5301017978476 18.0251913915897 0.064239059172027 0.550378219865992 -0.832440433144484 -0.947034851350467 -0.229382370143265 -0.22474120650349 -0.361921856905109 0.18757832970034 -0.122040466897818 0.192892941537963 0.0598023693009189 0.705110810317279
7.94344012284096 6.00764368053107 5.39778514326049 0.20997703346542 -0.558731240365259 0.802327163178518 0.966208242020122 0.24406767696413 -0.0829004701038002 -0.195244737695309 0.163325312061753 -0.278994530716067 -0.353260926500853 -0.16344034527193 0.0848203628784981
16.989629640669 11.5757277906998 8.22982906155418 -0.588409563293077 -0.0730692701346446 -0.805254577650475 0.808177412030455 -0.0839004434809076 -0.582932135853189 0.595728478893652 0.204090102291444 -0.210347196117925 0.247850469915646 -0.750590706577089 -0.36349379874262
19.309873054057 7.10132313466942 10.9193850361964 -0.00952381273294836 -0.378624278073548 0.92550138431214 0.253083839417368 0.894496210863618 0.368544372253085 0.08758204456257 -0.00910005342600722 0.0289988504580164 -0.433916114279154 0.220819623133344 -0.429499522494201
30.1652118163237 25.4443578567976 -0.548381720607274 0.999224927146755 0.0226353558991089 0.0322034304065911 -0.0248627542176807 0.997199142557985 0.070537509965304 -0.11431167717449 -0.214095480919706 0.0538771906735216 0.199735764245724 0.59883815097721 0.165772411922789
4.18325682049032 3.25458189523003 9.05164184969646 0.318211589586425 -0.947049564656173 0.0428755032317689 0.361401757387331 0.0793725734426979 -0.929025640535228 0.121483965914139 -0.140598138517207 0.184199650492995 -0.262313946970863 -0.199473964818837 -0.489266291597693
8.387909321606 9.57630843984346 6.16940442287317 0.989347726149905 -0.136005399935325 0.0518986622443611 -0.0913200531075745 -0.302215734714143 0.948855216353607 0.562286102220114 -0.272993376090687 -0.279215453898079 0.408800353396573 0.135806859643859 0.175391170908166
21.1243414734933 2.05558470118433 22.9157843065487 0.0241043407291832 -0.312062424902952 -0.949755703644426 -0.888761377684947 0.428300719955027 -0.163283658114315 0.257486842202685 0.332278299722479 0.0988964097934537 0.255867222864303 0.139551811113675 0.505135687115637
8.79751315155737 7.23010175582296 19.9231936100519 -0.419154549245377 -0.904339646808718 0.0804934855101148 0.554239353225258 -0.325088000867654 -0.766248277778038 0.317466268934534 0.0259138232380053 0.197281002586517 -0.397283424097714 0.108860218737013 -0.323543453482938
21.6878777387099 -2.62955710855303 17.6817230466949 -0.923401953022193 -0.209761749310674 -0.32144788026048 -0.224066329037544 0.974543227311355 0.00771954749430179 0.00282991790424511 -0.182589756767705 -0.102252922972102 -0.452112983790103 -0.0491590696555974 0.122832041919646
9.39345268563791 10.2331652589333 19.0526168401604 0.573622913613504 -0.803199575556127 -0.160708028944425 -0.817881678284414 -0.550842832710037 -0.166257601109947 -0.324987259749231 0.186985373900067 -0.187654591580473 0.33089056612271 -0.572174983138101 0.0334639249536757
12.0528283423432 12.8597349595308 23.046402639672 -0.86141932075372 -0.465281215799221 -0.203641892925392 0.361036038220166 -0.842971132015461 0.398813895591745 0.465425817761721 -0.0189155980610558 0.178559530019198 0.319304324253211 0.19005316653608 0.0460625556143211
19.1635631941899 6.35608251412413 7.71858307565746 0.244744200837742 0.966878423658309 0.0724310647519989 -0.968878718588811 0.24102579529777 0.056395803513879 -0.326172160516027 0.0707061487020113 -0.15862534340242 -0.214489193184314 0.487945315369537 0.327051477781731
26.1739174809631 7.84297167121525 8.08871707628958 -0.0115430154763733 -0.72978066640616 -0.683583811444913 -0.848681626267153 -0.354362058931595 0.392640885037393 -0.269999076142698 -0.169479712977548 0.523637120170768 -0.132055150596305 -0.320611827477161 0.151060678934833
21.7795790124209 4.04271580050135 -0.931279610214857 0.838811598302395 -0.407785770824634 -0.360701825027681 0.323650504521147 -0.159244148500565 0.932679759242377 -0.501586888588379 -0.557556166697421 -0.139277180022362 0.461467298633563 -0.0601119349360901 0.0946576891830002
5.23021205587172 -5.35115852695449 13.0691698269655 0.0688324683007349 -0.465724372847162 0.882248656211926 -0.992896416766766 -0.118010468375505 0.0151694075601926 -0.285442814480086 -0.0112512816846375 0.436315505011556 0.425197088953973 0.521566676185973 0.0800489203139706
6.07909168816718 -7.87489749683372 15.5182902405694 -0.75624837329603 -0.205158879670358 0.621287450185762 0.293885145437826 -0.954899694835385 0.0424023113356565 -0.410942102284957 0.095301964869284 -0.0599923897757597 -0.183222338850367 -0.454848731202439 0.10431660063909
12.7948688634568 -10.0086500916111 13.4635184633859 -0.179649855571978 0.101153172255001 0.978516139157115 -0.105285698538959 -0.990962960565023 0.0831100266888428 -0.0484630901245258 -0.162731147334158 -0.2546545219114 -0.302833143490156 0.110798980530383 -0.365224810913352
28.0561830728531 18.1869953462871 0.845156777856561 0.338142275411885 -0.298840776663386 -0.89238663376456 0.906945074948534 -0.149646401538114 0.393772087835832 -0.130463245620897 -0.243191999697074 0.300408794798681 0.0969579712918525 0.230033818180233 0.221450764825775
15.8712532903745 -1.72121274124039 6.95963153423524 -0.182998773660487 -0.675733531663837 -0.714069712206423 -0.382790064762719 -0.620040028506772 0.684851824862913 0.154015680819488 0.432413447867363 0.1782215369582 -0.374594570200517 -0.165714063461391 -0.283987548630088
7.28372726061594 22.9797771421721 1.21812716825502 -0.188947104434009 -0.83841944717258 0.511225726368503 0.979083202227711 -0.200853713465971 0.0324617018827604 0.478994282037412 -0.274069258174587 -0.374145433773661 -0.0299641597136443 -0.260954791047431 0.287855334066411
9.13588960251229 12.2218852057784 8.77412415101928 -0.133026787640315 0.0957985997715769 -0.986471695254198 0.899584119908855 0.429431097103762 -0.0796068278530697 -0.0270613555237337 0.0067688402314371 0.415264413595782 -0.00173441713881037 -0.497353043431894 0.0823340098895768
3.59433450179696 5.310955643506 -12.4369046513063 -0.228650283862214 0.493886671139992 0.838924867881684 0.810114847388071 0.574404103447594 -0.117361542704735 0.0467808287542928 -0.58896771464754 0.34363055969944 -0.0526983655452691 0.0105680851212112 -0.00746475048654657
6.13857661990963 8.16121042931534 -2.28895424464657 0.805208093783292 -0.375427950952795 0.459013771504967 -0.415813498598088 -0.909337023876511 -0.0143223984189851 -0.298144830011175 -0.096719312412319 -0.0189385886777852 0.0257871835967049 0.218093383099456 0.181510708093393
14.5100942433631 16.8049055710742 10.7603479358645 -0.921922540863757 -0.372967158474816 0.104662278327095 0.194611191277289 -0.212322282849681 0.957624989797258 -0.40962023586841 0.372363600273908 0.583231826469269 -0.325632168850213 0.498223932164762 -0.0806160224891196
0.768952374055212 13.5285381696843 -5.8239009618911 -0.148456967364503 -0.808825988173709 -0.568999864587869 0.980996984393743 -0.193130755197357 0.0185823543657108 0.0520027961726626 0.0949486550810548 0.0716344287165006 0.112843808685857 0.133862878087937 -0.314943508658643
27.0182179630629 10.0271505000875 9.45634897841144 0.994552586690385 -0.101770665737619 0.0225332821484988 -0.0272460297232255 -0.46247934889573 -0.886211277464542 -0.287967381685076 -0.248261202544554 -0.14772910896156 0.122482715039692 0.000317843793203219 -0.226494271700944
6.20292911439875 4.77551779008784 9.53238472213063 -0.2898222647744 0.712139052752196 0.639422370357299 -0.773761973253235 0.218864372487242 -0.594466729238782 -0.118376824885158 -0.395953310187175 0.170288857925829 -0.163810477331581 -0.485160041804194 -0.381389839796251
11.8926036725692 2.78354296292265 3.18895105417847 0.261736787359661 -0.668359972800392 0.696267706292649 -0.92718242574203 0.0262019016190058 0.373692562729678 -0.527777222683769 -0.331291411910192 0.300772949873005 0.194714586771368 0.0169301716580157 -0.730688176537374
11.150688160942 16.6545341005959 12.7085019954486 -0.827462326202604 -0.548751292265036 -0.119071460632732 -0.427444368172421 0.478048339115943 0.767307618557134 -0.0298947152007116 0.0773454245864799 0.469472276742536 0.0581174164107358 -0.188973950354226 0.159904892102499
11.1335833307356 5.27693993921594 -4.2144842728403 -0.119323092202059 0.2017913943225 0.972132766716344 -0.306226001260459 0.923912919614749 -0.229369406522623 -0.226354204888558 -0.0335194782534505 0.0540647711155196 -0.549971911892622 -0.116971071794173 0.0141824317650314
14.8457001014978 23.7752356247562 9.96815336799501 0.128993273134417 0.913250139584973 -0.386438627831135 -0.877848746400012 0.286420079683539 0.383855483460725 -0.477545253584576 0.856970645406608 -0.0924592586432012 0.190485340394679 -0.32617095600974 -0.152293997140532
20.2656346352396 12.0896178490061 4.95679232835714 0.560635509392039 -0.751434488699521 0.347899194228706 0.678502215507489 0.176025820102637 -0.713196702080187 0.376796981473745 0.395887766421661 -0.485052784945278 0.0489873519011597 0.162668439850509 -0.347989282385033
-0.895363696941704 15.5982663076557 21.0806023459914 0.81299954898659 -0.575835934773396 -0.0862821711978138 0.32633518673262 0.57334558337459 -0.751518531136892 -0.123221231123712 -0.132060214033397 -0.0414242739806215 -0.159649585716634 0.212062336189064 -0.0391059247487508
11.9329982394509 0.322526242773385 8.36585319079329 0.810326403304688 0.421902415952309 -0.406656326292944 -0.534850538087913 0.816032924135179 -0.219146380526094 0.286679084837171 0.234238452870765 0.134770540512936 -0.0670091356004097 0.307675942258413 -0.265859967358404
12.4931399459357 -1.3165984659845 -4.72537886255843 0.236141050893075 -0.487060803440085 -0.840838325964355 0.600570578118573 -0.607100277547665 0.520330803719684 0.419126174381851 0.406107182994986 -0.351496916934336 0.134977144231438 0.545190726945515 -0.077388330296526
10.4689347940254 -0.816695814969018 13.8060010399377 -0.105710691465185 -0.941549963732009 -0.319857392697571 0.715471313867221 0.151372320106847 -0.682046264156242 0.0931349794587513 0.428084684193208 0.112939599517152 0.111012356425136 0.168918526388518 -0.221312409115675
14.4449477380051 2.61931575690535 1.12955138467145 -0.962580678579474 -0.130647075974602 -0.237422751366579 0.152136963942824 -0.985548478529726 -0.0744875810156357 0.125616557308461 0.0416389499853218 0.342735178254085 -0.404067650250787 -0.516328559368406 0.213596714203841
1.51078764479712 15.9287558353107 6.29143878937072 -0.555466297416399 -0.104726178712617 -0.824917883924394 0.738576172562031 -0.517927014895656 -0.431574708262812 -0.469080762610827 -0.0468765817430263 0.00599270862209718 0.268746919683755 -0.0568585016877358 -0.47794101446359
25.5650548872159 6.15487824892515 11.68122111134 -0.343897336288775 -0.476378072861552 -0.809196157603434 -0.153295757919621 0.878678122434056 -0.452133877039457 0.0678998568896772 -0.232154410833734 0.201076908452372 0.355259151569562 0.71105925339577 -0.16907904851145
6.96774053059115 16.1565758698417 11.2011779832315 0.753135579290621 -0.193916011204495 0.628636034704534 -0.633927336618969 -0.469346336861601 0.614695062948258 -0.648447892406066 -0.138669364827222 0.0330203504348637 0.236130426563961 0.610212314363459 -0.0857577726293589
16.9973758591633 -10.0835726002856 16.273527944979 0.758456140604343 0.51622274911107 -0.397816755555418 0.604062217891291 -0.327690576416063 0.726448595341592 -0.150209885625192 -0.0371825477965903 -0.0973866834289153 -0.0547015584973215 0.182245724837054 0.449525463144463
26.1734439250866 11.7279422909853 11.9537436189489 -0.481942539592069 0.791401125019264 0.376052550574942 0.695752811156472 0.606529072427793 -0.384773142298809 0.530298525585881 -0.0193523399754452 -0.225655659386971 0.192781542097531 0.387882206642477 -0.0973048538546907
