#t = 1000000000; extr. Ts: 0.0993833 0.103383 0.104383 0.10505 0.105717 0.106383 0.10705 0.107717 0.108383 0.10905 0.109717 0.110383 
0 4.62497e+10 5.78121e+09 5.68961e+13 4.50447e+11 1.52438e+11 7.60357e+10 3.87301e+10 2.01378e+10 1.06839e+10 5.78121e+09 3.1893e+09 1.79295e+09 1.02671e+09 5.98603e+08 
1 3.22109e+09 304062 8.29971e+09 3.99813e+07 1.19659e+07 5.50222e+06 2.58508e+06 1.24056e+06 607894 304062 155193 80799.1 42894.9 23211.8 
2 4.27909e+09 2.2714e+06 2.29355e+11 5.93054e+08 1.51706e+08 6.28003e+07 2.65527e+07 1.14632e+07 5.05144e+06 2.2714e+06 1.04183e+06 487283 232324 112871 
3 4.90893e+09 1.47414e+07 4.80865e+12 7.04928e+09 1.56738e+09 5.91082e+08 2.27705e+08 8.95776e+07 3.59727e+07 1.47414e+07 6.16235e+06 2.62686e+06 1.14145e+06 505407 
4 5.3214e+09 9.3207e+07 9.7207e+13 8.12695e+10 1.57217e+10 5.40459e+09 1.89822e+09 6.80918e+08 2.49372e+08 9.3207e+07 3.55417e+07 1.38216e+07 5.4796e+06 2.21386e+06 
5 5.77463e+09 5.37435e+08 1.65805e+15 8.28682e+11 1.40704e+11 4.43237e+10 1.42612e+10 4.68503e+09 1.57092e+09 5.37435e+08 1.87532e+08 6.67194e+07 2.41937e+07 8.93865e+06 
6 6.62275e+09 2.39846e+09 1.91114e+16 6.12909e+12 9.28327e+11 2.70779e+11 8.06211e+10 2.44933e+10 7.5903e+09 2.39846e+09 7.72534e+08 2.53552e+08 8.4768e+07 2.88581e+07 
7 7.26507e+09 6.47412e+09 1.15216e+17 2.54587e+13 3.50026e+12 9.5633e+11 2.66517e+11 7.57349e+10 2.19364e+10 6.47412e+09 1.94623e+09 5.95742e+08 1.85622e+08 5.88526e+07 
8 7.35727e+09 7.35727e+09 2.66619e+17 4.23984e+13 5.35068e+12 1.3796e+12 3.62591e+11 9.71038e+10 2.64883e+10 7.35727e+09 2.08005e+09 5.98388e+08 1.75105e+08 5.21054e+07 
