#t = 1000000000; extr. Ts: 0.0993833 0.103383 0.104383 0.10505 0.105717 0.106383 0.10705 0.107717 0.108383 0.10905 0.109717 0.110383 
0 4.59546e+10 5.74433e+09 5.63396e+13 4.47065e+11 1.51337e+11 7.54989e+10 3.84627e+10 2.00019e+10 1.06136e+10 5.74433e+09 3.16967e+09 1.7824e+09 1.02098e+09 5.95474e+08 
1 3.31044e+09 312497 8.51471e+09 4.09178e+07 1.22492e+07 5.63468e+06 2.64885e+06 1.27215e+06 623996 312497 159731 83302.7 44310.2 24030.5 
2 4.42778e+09 2.35033e+06 2.33856e+11 6.07869e+08 1.55773e+08 6.45686e+07 2.73392e+07 1.18209e+07 5.21767e+06 2.35033e+06 1.0801e+06 506225 241892 117801 
3 5.00864e+09 1.50409e+07 4.87963e+12 7.16631e+09 1.59437e+09 6.01543e+08 2.31859e+08 9.12661e+07 3.66755e+07 1.50409e+07 6.29288e+06 2.68506e+06 1.16797e+06 517763 
4 5.41192e+09 9.47925e+07 9.87371e+13 8.26645e+10 1.59933e+10 5.49809e+09 1.93103e+09 6.9265e+08 2.53646e+08 9.47925e+07 3.61405e+07 1.40518e+07 5.56964e+06 2.24968e+06 
5 5.85648e+09 5.45053e+08 1.66874e+15 8.37134e+11 1.42275e+11 4.48467e+10 1.44383e+10 4.74608e+09 1.59231e+09 5.45053e+08 1.9029e+08 6.77332e+07 2.45722e+07 9.08217e+06 
6 6.62886e+09 2.40067e+09 1.8888e+16 6.09108e+12 9.24e+11 2.69805e+11 8.04191e+10 2.44593e+10 7.58845e+09 2.40067e+09 7.74167e+08 2.54395e+08 8.51545e+07 2.90258e+07 
7 7.17281e+09 6.39191e+09 1.13373e+17 2.50891e+13 3.45087e+12 9.431e+11 2.62905e+11 7.47298e+10 2.16515e+10 6.39191e+09 1.92208e+09 5.88523e+08 1.83427e+08 5.81739e+07 
8 7.22835e+09 7.22835e+09 2.6163e+17 4.16301e+13 5.25447e+12 1.35493e+12 3.56139e+11 9.53847e+10 2.60218e+10 7.22835e+09 2.0438e+09 5.88011e+08 1.72084e+08 5.12111e+07 
