#t = 995000000; extr. Ts: 0.0993833 0.103383 0.104383 0.10505 0.105717 0.106383 0.10705 0.107717 0.108383 0.10905 0.109717 0.110383 
0 4.46823e+10 5.58529e+09 5.45658e+13 4.33688e+11 1.46881e+11 7.33017e+10 3.73565e+10 1.94337e+10 1.03159e+10 5.58529e+09 3.08308e+09 1.73437e+09 9.93862e+08 5.7989e+08 
1 3.3824e+09 319291 8.47638e+09 4.13001e+07 1.24018e+07 5.71612e+06 2.69222e+06 1.29534e+06 636484 319291 163471 85389.4 45491.5 24709.7 
2 4.48885e+09 2.38275e+06 2.39232e+11 6.18689e+08 1.58413e+08 6.56271e+07 2.77718e+07 1.20007e+07 5.29357e+06 2.38275e+06 1.09407e+06 512262 244495 118909 
3 5.11478e+09 1.53596e+07 4.99836e+12 7.32874e+09 1.63006e+09 6.14894e+08 2.36958e+08 9.32527e+07 3.74642e+07 1.53596e+07 6.42386e+06 2.73972e+06 1.1911e+06 527674 
4 5.52424e+09 9.67597e+07 9.97448e+13 8.39087e+10 1.62539e+10 5.59232e+09 1.9658e+09 7.05737e+08 2.58671e+08 9.67597e+07 3.69257e+07 1.43712e+07 5.70198e+06 2.30553e+06 
5 5.94468e+09 5.53261e+08 1.68312e+15 8.47034e+11 1.44065e+11 4.54329e+10 1.46342e+10 4.8128e+09 1.61549e+09 5.53261e+08 1.93253e+08 6.88234e+07 2.49809e+07 9.23819e+06 
6 6.72585e+09 2.4358e+09 1.91872e+16 6.18378e+12 9.37934e+11 2.73849e+11 8.16173e+10 2.48216e+10 7.70016e+09 2.4358e+09 7.85423e+08 2.5807e+08 8.63762e+07 2.94393e+07 
7 7.32375e+09 6.52642e+09 1.15591e+17 2.55961e+13 3.52119e+12 9.62432e+11 2.68327e+11 7.6281e+10 2.2104e+10 6.52642e+09 1.96282e+09 6.01093e+08 1.87376e+08 5.94366e+07 
8 7.35804e+09 7.35804e+09 2.66394e+17 4.23836e+13 5.34941e+12 1.37938e+12 3.62557e+11 9.71012e+10 2.64893e+10 7.35804e+09 2.0804e+09 5.98525e+08 1.75156e+08 5.21235e+07 
