#t = 1000000000; extr. Ts: 0.0993833 0.103383 0.104383 0.10505 0.105717 0.106383 0.10705 0.107717 0.108383 0.10905 0.109717 0.110383 
0 4.81853e+10 6.02316e+09 5.88513e+13 4.67531e+11 1.58345e+11 7.90246e+10 4.02749e+10 2.09533e+10 1.11235e+10 6.02316e+09 3.32524e+09 1.8709e+09 1.07231e+09 6.25811e+08 
1 3.24838e+09 306639 8.13509e+09 3.9667e+07 1.19145e+07 5.4922e+06 2.58691e+06 1.24462e+06 611462 306639 156912 81902.6 43590.4 23646.6 
2 4.28164e+09 2.27276e+06 2.27658e+11 5.90098e+08 1.51113e+08 6.26048e+07 2.64929e+07 1.14478e+07 5.04948e+06 2.27276e+06 1.0435e+06 488557 233166 113393 
3 4.82266e+09 1.44824e+07 4.65748e+12 6.87121e+09 1.53049e+09 5.77867e+08 2.22885e+08 8.77885e+07 3.52974e+07 1.44824e+07 6.06142e+06 2.58696e+06 1.12545e+06 498917 
4 5.14963e+09 9.01983e+07 9.29045e+13 7.82194e+10 1.5154e+10 5.2142e+09 1.83292e+09 6.58018e+08 2.41162e+08 9.01983e+07 3.44148e+07 1.33902e+07 5.31083e+06 2.14639e+06 
5 5.50584e+09 5.12419e+08 1.55323e+15 7.83193e+11 1.33269e+11 4.20405e+10 1.35452e+10 4.45575e+09 1.49596e+09 5.12419e+08 1.79011e+08 6.37572e+07 2.31428e+07 8.55825e+06 
6 6.22309e+09 2.25372e+09 1.77896e+16 5.72705e+12 8.68446e+11 2.53521e+11 7.55475e+10 2.29723e+10 7.12551e+09 2.25372e+09 7.26621e+08 2.3872e+08 7.98906e+07 2.72258e+07 
7 6.75664e+09 6.02105e+09 1.06874e+17 2.36398e+13 3.25123e+12 8.88491e+11 2.47671e+11 7.0397e+10 2.03956e+10 6.02105e+09 1.81055e+09 5.54376e+08 1.72787e+08 5.48009e+07 
8 6.82673e+09 6.82673e+09 2.47217e+17 3.93261e+13 4.96337e+12 1.27982e+12 3.36384e+11 9.00907e+10 2.45767e+10 6.82673e+09 1.93018e+09 5.55309e+08 1.6251e+08 4.83607e+07 
