#t = 1000000000; extr. Ts: 0.0993833 0.103383 0.104383 0.10505 0.105717 0.106383 0.10705 0.107717 0.108383 0.10905 0.109717 0.110383 
0 4.80655e+10 6.00819e+09 5.88046e+13 4.66838e+11 1.58092e+11 7.88912e+10 4.02021e+10 2.0912e+10 1.10991e+10 6.00819e+09 3.31567e+09 1.86458e+09 1.06801e+09 6.22811e+08 
1 3.17952e+09 300138 8.03509e+09 3.90062e+07 1.17029e+07 5.39065e+06 2.53721e+06 1.21984e+06 598878 300138 153498 80081.4 42604.1 23104.8 
2 4.10713e+09 2.18012e+06 2.19742e+11 5.67279e+08 1.45163e+08 6.01149e+07 2.54302e+07 1.09855e+07 4.84444e+06 2.18012e+06 1.00088e+06 468600 223660 108790 
3 4.71036e+09 1.41451e+07 4.64392e+12 6.77976e+09 1.50631e+09 5.67803e+08 2.18655e+08 8.59904e+07 3.45236e+07 1.41451e+07 5.91249e+06 2.5203e+06 1.09521e+06 485013 
4 5.16403e+09 9.04505e+07 9.40891e+13 7.8879e+10 1.52629e+10 5.24718e+09 1.84292e+09 6.61023e+08 2.42049e+08 9.04505e+07 3.44811e+07 1.34047e+07 5.3123e+06 2.14535e+06 
5 5.58419e+09 5.19711e+08 1.58189e+15 7.95412e+11 1.35282e+11 4.26643e+10 1.37431e+10 4.52007e+09 1.51736e+09 5.19711e+08 1.81554e+08 6.4665e+07 2.34743e+07 8.68208e+06 
6 6.33234e+09 2.29329e+09 1.80829e+16 5.82364e+12 8.83203e+11 2.57853e+11 7.68461e+10 2.33698e+10 7.24966e+09 2.29329e+09 7.39482e+08 2.42983e+08 8.13307e+07 2.77215e+07 
7 6.90111e+09 6.14979e+09 1.08999e+17 2.41275e+13 3.31889e+12 9.07091e+11 2.52885e+11 7.1887e+10 2.08296e+10 6.14979e+09 1.84944e+09 5.66336e+08 1.76529e+08 5.5992e+07 
8 6.95572e+09 6.95572e+09 2.51973e+17 4.00723e+13 5.05738e+12 1.30403e+12 3.42745e+11 9.17935e+10 2.50411e+10 6.95572e+09 1.96666e+09 5.65806e+08 1.65583e+08 4.92759e+07 
