t = 40000
b = 200 200 200
E = -0.104932296761572 -0.433077699811198 0.328145403049626
-6.80209206944863 -4.26792775502406 2.3589191128006 -0.249802773483352 0.662564846661069 0.706120608437515 -0.665466989060106 -0.64720376244083 0.37186136575671 -0.225504698407612 0.0309047233533106 0.569672477202217 0.045012635779177 0.22114936287836 0.176964882518259
-6.99506620476515 -4.6081917180054 2.71550557264134 -0.47037830419735 0.815508718620764 0.337178893521912 -0.710574379597979 -0.576589407804804 0.403272386826103 -0.135686892757751 -0.996547332574515 -0.582950846326667 0.406043614927023 0.258854473292785 -0.096307401555296
-7.16441442752492 -4.79966266655632 3.17523776946348 -0.681340229236359 0.705568161549977 -0.194804842399272 -0.681225234285133 -0.513874658973174 0.521406671453415 -0.443802290355406 -0.0148033796044205 0.368348434387234 0.304739842595845 -0.0936255211980464 0.170370213258361
-7.48303702254628 -4.79636066127341 3.57657045416625 -0.673263555061247 0.2820701800709 -0.683485477240727 -0.690409069685014 -0.570704900712911 0.444557210959615 0.403752720966083 -0.148106798194243 0.247498058698143 0.0839346163366011 0.0853525282775523 0.170872157878859
-7.97900184464217 -4.83044843603471 3.80331432199063 -0.210422970031025 -0.242479414692058 -0.947061616889924 -0.733417310681226 -0.601378391487136 0.316927329982184 0.0754988136567472 -0.0784086237143866 0.0434820855807026 -0.0294079769591354 0.0752187744984361 -0.855433540276837
-8.45902748198387 -4.87452277307332 3.81433130859654 0.186378484687843 -0.603361535926706 -0.775382364765561 -0.794541631397319 -0.556782214932978 0.242274672599391 -0.697729378498394 0.426300413376257 -0.267966933497588 -0.156041593356896 0.00517408134862309 0.529244550670265
-8.86574652916596 -4.44946291079162 4.37797221633464 0.198080174570353 0.878199713750287 -0.435349818108575 -0.868434926055799 0.36319130950652 0.337509636904483 -0.23742577445016 -0.0716444471363086 -0.397898552280577 0.288245626983464 0.319311874312797 -0.0435845276091378
-9.47467096655296 -5.0060082430758 3.25763747923874 -0.622586301819387 0.782081077779127 0.0271171087677269 0.474266130080496 0.404655933775134 -0.781872722573188 0.427273043484861 0.150895691542841 0.242968347517639 0.230382362752646 0.19701393773425 0.508023235236874
-8.67404980825077 -6.20418227957273 2.93090661456991 -0.586782416100484 -0.73098131382817 -0.348356721085732 -0.122433275979307 0.505351323936424 -0.854183740617253 -0.481335309530304 0.425508399662953 -0.383750628808848 0.151465545005218 0.171169161906284 0.0192853597144711
-7.91194106367121 -6.24491656352441 3.71024011500972 0.0816516209555116 -0.0924259337844687 0.99236602942579 -0.891887756492348 -0.451167767152636 0.0313638843744234 -0.00210116169727907 -0.0524101238040035 -0.0313229371878977 0.203643796675707 0.014730802065572 -0.212693880189951
-8.24564096238598 -5.45945333351051 2.7847248958311 -0.348233889148815 0.414438593315089 0.840817263681172 0.420383116342521 0.870751672018081 -0.255086906020545 -0.513384504144518 -0.288530740285793 -0.591893804803338 0.767417192151018 0.0891111252911524 0.197125510735446
-8.24107890759868 -4.99162739486769 2.6361569559029 0.173502393367123 0.0657551124288835 0.98263574616795 0.42607453140322 0.894544927857745 -0.135091566543179 -0.384433542264829 0.447109343740716 -0.233885896073492 0.235957930351932 0.00633748686556448 0.518552358528959
-8.26341321841088 -4.39774853065163 2.75380882435114 0.591237827458473 -0.269799081041867 0.760030361510032 0.623747392424779 0.750361004453522 -0.218854816653185 0.0384142684682633 -0.367044247387043 -0.220378170824554 -0.1929422619585 0.594978130884412 0.528337288862269
-8.02274284903208 -3.99283237601418 2.91490642742795 0.681106349817164 -0.671038146967737 0.292919541284083 0.732134619496029 0.61951724674131 -0.283155753403453 0.364037450484499 -0.288131601892511 0.185315163256301 -0.226648354161297 -0.561888783629434 0.271301725208071
-7.62243751586641 -3.62524632142836 3.06810220956471 0.44682625951806 -0.810441104366595 -0.378855368360197 0.80000799869379 0.551516269301113 -0.23625607997479 -0.101105271420419 0.124301865356509 -0.0345009462960114 0.385512202344566 -0.140234851803293 0.0984037338483269
-7.11846504243022 -3.55558090496334 3.08725775997662 0.00492440076127102 -0.486360897019993 -0.87374408670385 0.788017761806424 0.539805858910773 -0.296036280960344 0.267634361885027 0.208031246757609 -0.162322632606532 -0.0822639655950745 -0.369651600005929 -0.122352193640291
117.492942970849 57.3032718222606 155.219389551645 -0.129379762349363 -0.654402010396129 0.744995865247119 0.498076577306398 0.606765731832995 0.619479585706858 0.570748506279903 0.272740566412421 -0.588162109905598 0.475658806925408 0.513875323746106 0.265117577516453
108.41507398177 137.81437268596 108.750128152082 0.350245070036639 -0.8214053557303 -0.450134933483068 -0.931290682632707 -0.356762465476612 -0.073607655589854 0.0567819658803703 -0.00812956805240033 -0.131975040035567 -0.188262950833368 -0.0872565025540658 0.578589537844522
5.20877203324463 182.817635138716 153.352273934586 0.019646566825297 0.231123131037363 -0.972726054440127 -0.973549002514702 0.22593123178786 0.0340188963892761 -0.315067621801683 0.0382471472960023 0.358653669648012 0.276449395809683 -0.0177832470647027 0.0524384198304672
97.1139421860372 83.384398861587 141.552375233984 -0.301071184675044 -0.626157715184774 -0.719223516182164 -0.258501144964398 -0.672388235483852 0.693592839659989 0.0129893971441362 -0.0336117994203556 0.0124258344110955 -0.0879692950705516 0.526740980368509 -0.552769415938268
124.847911186411 61.5496319008066 48.5013096958163 0.436524428836091 0.647842778064745 0.624296397564803 0.864561882218625 -0.494065731852741 -0.0918241492320128 -0.447590205481224 -0.240846294305074 0.304244415848889 -0.0370530052903382 0.103628103181853 -0.112377642983386
83.3117435679864 189.412836755505 123.495383247661 -0.191951715963831 0.550096656481463 -0.812741117038107 -0.0999465475904225 0.812877942044282 0.573794436726289 -0.290143117081286 0.0201903163531186 0.0857168858059219 -0.243215291442115 -0.079928873340186 -0.471403236154911
123.867812629993 51.1595489015895 25.1302349665766 0.225596644259927 -0.444967268456647 -0.866666145983427 0.197026142130766 -0.850377976405771 0.487891196780876 0.580535194277232 -0.0270997389678038 -0.0605628661557262 -0.126621829415517 0.132012694084195 -0.436143656853661
128.25318817986 169.745564032123 155.557708345922 -0.302613097128059 -0.700517932930426 0.646297042079807 0.013171353578038 0.674951973226877 0.73774402001377 -0.662381336604998 -0.289257075540374 -0.157107714198603 -0.118620053235587 -0.623761977464289 0.61312745959757
131.546386844055 94.2534225680693 108.163381583765 -0.997734492688303 -0.00528257493591894 -0.0670659270491455 -0.0246930242116337 0.956084517383122 0.292048829468119 -0.132153420180555 0.448448064767996 -0.414235783871912 0.0310047026801876 0.392516019632453 0.230362169269202
139.461315309477 153.118298787166 18.3128760263472 -0.493001957799198 -0.180299072255794 0.851141122464225 -0.85486218311114 0.282251160926299 -0.435367403650588 -0.172068143184227 0.232877340719022 0.297848574119598 0.10344909273731 -0.107074740622521 -0.0688536253199154
169.903953908546 118.516983766828 15.4665005835853 0.410892564064952 -0.413924763638697 0.812301372068179 -0.738186838397352 -0.673929347514784 0.029988215956791 -0.300215683007543 -0.493175482049212 0.538948558530639 0.733766459082197 0.0867198803409956 0.459557870227871
112.738495934675 131.706643319032 42.0350025137218 -0.824359729946586 0.401625611732632 0.398908300726544 0.00475396848616357 0.709589677750221 -0.704599045771724 -0.298094265458748 0.0998191803611964 -0.61380796770979 0.0953139445790589 0.442635267527465 -0.450439087876784
26.5411512940991 165.47040501399 77.4804620072947 0.851053507414213 0.152631251284771 0.502405725254518 -0.333654335971395 -0.581612741459423 0.741890347387991 0.295823133800557 0.219712971202286 0.0682989923062855 0.217741096582132 0.194373853380952 -0.331626849189025
38.6846583834499 80.105676880013 107.330745546809 -0.715720779560982 0.671303177574946 0.192602294660906 0.0142970110303623 0.289807701907608 -0.956978044550518 0.500874931488799 0.000721941368244689 0.486532799844713 -0.489358725364325 0.173502733049355 0.370839492292756
21.478932828391 19.6073111212457 151.048753604861 0.798174407549132 -0.602305250062505 0.0120772956937721 -0.585046004650645 -0.770210067836044 0.253963554358342 0.208535430662466 -0.559680901993198 0.418836957965551 -0.138249077422136 0.675557553989582 -0.41379019214925
169.877000251555 42.3501117926383 160.193393657662 0.996402212233134 0.0141879881209114 -0.0835538451217838 0.00524200358951953 -0.994317106133446 -0.106329472939245 -0.0593710996401794 -0.36036226005643 0.151786655732429 0.00395804639705734 -0.739324511775358 -0.111679224449843
2.33528511002711 60.2263400888962 82.8773381406084 -0.337646356081432 -0.786313566373676 0.517402996950974 -0.823060542023328 0.513335052756802 0.243019318255906 -0.134576133814193 -0.340051090165022 -0.279944436456633 0.788132718931725 0.168028338393539 -0.249562677760643
103.826019380059 173.096277056212 170.321933378828 -0.136251408279793 -0.174376702007471 -0.975206739330163 0.851667633319193 -0.52346680904244 -0.0253899959371467 0.0338061129355036 -0.416929970983878 -0.15876775656175 0.195192996485685 0.0977908075574461 -0.21817804164095
83.3304588915929 42.7842784885874 206.17945216564 -0.970019203525061 0.046199021542167 -0.238596461490027 0.236909852150701 0.398660689909736 -0.885970215111543 -0.145221376806122 -0.0170669180636136 0.0664513379122772 0.0921948451728942 0.0865225608641517 -0.1772786412014
130.836717175845 95.0309678415597 96.4062645150851 0.179862459125183 0.051829463912908 0.982325341937174 -0.489580830559224 0.8708624770194 0.0436930921215226 -0.0483309437566374 0.215004283000454 -0.249703936062048 -0.107996349835666 0.23336482710053 0.630389975829465
26.8193429437025 17.218164423244 59.4402530142212 0.580615127454083 -0.474917370485832 0.661316460154466 0.813435564092917 0.303687252465712 -0.496081169587304 -0.171561919226985 -0.312936829781715 0.108432334164381 -0.0881126610473514 -0.273510694489265 0.564620393705081
