#t = 1000000000; extr. Ts: 0.0993833 0.103383 0.104383 0.10505 0.105717 0.106383 0.10705 0.107717 0.108383 0.10905 0.109717 0.110383 
0 1.41876e+10 1.77345e+09 1.96508e+13 1.46888e+11 4.90044e+10 2.42129e+10 1.22176e+10 6.29327e+09 3.30786e+09 1.77345e+09 9.69405e+08 5.40034e+08 3.06462e+08 1.77083e+08 
1 8.98415e+08 84808.2 2.49593e+09 1.1543e+07 3.42394e+06 1.56556e+06 731592 349294 170332 84808.2 43098.9 22347.2 11817.9 6371.59 
2 1.13701e+09 603543 6.64421e+10 1.64093e+08 4.15522e+07 1.70899e+07 7.18068e+06 3.08129e+06 1.34988e+06 603543 275309 128080 60748.7 29364.8 
3 1.24477e+09 3.73801e+06 1.34798e+12 1.87606e+09 4.12197e+08 1.54255e+08 5.89814e+07 2.30343e+07 9.18479e+06 3.73801e+06 1.55215e+06 657344 283828 124900 
4 1.29938e+09 2.27593e+07 2.62831e+13 2.09176e+10 3.9976e+09 1.36315e+09 4.74912e+08 1.68984e+08 6.13875e+07 2.27593e+07 8.60841e+06 3.32056e+06 1.30576e+06 523266 
5 1.37882e+09 1.28325e+08 4.39792e+14 2.08565e+11 3.49745e+10 1.09276e+10 3.48758e+09 1.13656e+09 3.78073e+08 1.28325e+08 4.44264e+07 1.56824e+07 5.64242e+06 2.06845e+06 
6 1.53875e+09 5.57264e+08 5.01196e+15 1.51192e+12 2.25733e+11 6.52279e+10 1.92422e+10 5.79301e+09 1.7792e+09 5.57264e+08 1.77935e+08 5.78998e+07 1.91935e+07 6.47954e+06 
7 1.65402e+09 1.47395e+09 3.00424e+16 6.20591e+12 8.3955e+11 2.26951e+11 6.25858e+10 1.76002e+10 5.04551e+09 1.47395e+09 4.38632e+08 1.32926e+08 4.10079e+07 1.28744e+07 
8 1.66124e+09 1.66124e+09 6.95857e+16 1.03042e+13 1.27808e+12 3.25794e+11 8.46609e+10 2.2419e+10 6.04761e+09 1.66124e+09 4.64529e+08 1.32184e+08 3.82635e+07 1.1264e+07 
