#t = 1000000000; extr. Ts: 0.0993833 0.103383 0.104383 0.10505 0.105717 0.106383 0.10705 0.107717 0.108383 0.10905 0.109717 0.110383 
0 1.43837e+10 1.79796e+09 1.99833e+13 1.48799e+11 4.9629e+10 2.4521e+10 1.23742e+10 6.3753e+09 3.35209e+09 1.79796e+09 9.83363e+08 5.48185e+08 3.11336e+08 1.80065e+08 
1 8.91473e+08 84152.8 2.49373e+09 1.15157e+07 3.41305e+06 1.55952e+06 728189 347351 169209 84152.8 42712.1 22116.6 11679 6287.13 
2 1.14615e+09 608394 6.62231e+10 1.64333e+08 4.16743e+07 1.71575e+07 7.21654e+06 3.09987e+06 1.3594e+06 608394 277780 129341 61394.2 29696.6 
3 1.23147e+09 3.69807e+06 1.32115e+12 1.84813e+09 4.06516e+08 1.52237e+08 5.82484e+07 2.27624e+07 9.08172e+06 3.69807e+06 1.53633e+06 650929 281167 123770 
4 1.27179e+09 2.2276e+07 2.57995e+13 2.04797e+10 3.91281e+09 1.33409e+09 4.64761e+08 1.65371e+08 6.00781e+07 2.2276e+07 8.42682e+06 3.25113e+06 1.27875e+06 512581 
5 1.33523e+09 1.24267e+08 4.27313e+14 2.02304e+11 3.39111e+10 1.05926e+10 3.37979e+09 1.10116e+09 3.66206e+08 1.24267e+08 4.30121e+07 1.51799e+07 5.46056e+06 2.00142e+06 
6 1.49376e+09 5.40972e+08 4.88373e+15 1.47118e+12 2.19549e+11 6.34197e+10 1.87021e+10 5.62827e+09 1.72791e+09 5.40972e+08 1.72657e+08 5.61563e+07 1.86066e+07 6.27826e+06 
7 1.6225e+09 1.44586e+09 2.95003e+16 6.09165e+12 8.23992e+11 2.22725e+11 6.14144e+10 1.7269e+10 4.94998e+09 1.44586e+09 4.30216e+08 1.30357e+08 4.02094e+07 1.26218e+07 
8 1.6239e+09 1.6239e+09 6.79275e+16 1.0066e+13 1.24875e+12 3.18349e+11 8.27345e+10 2.1911e+10 5.91113e+09 1.6239e+09 4.54125e+08 1.29234e+08 3.74125e+07 1.10143e+07 
