#t = 1000000000; extr. Ts: 0.0993833 0.103383 0.104383 0.10505 0.105717 0.106383 0.10705 0.107717 0.108383 0.10905 0.109717 0.110383 
0 1.40796e+10 1.75996e+09 1.9592e+13 1.45878e+11 4.86453e+10 2.40306e+10 1.2124e+10 6.24473e+09 3.28241e+09 1.75996e+09 9.62182e+08 5.36131e+08 3.04335e+08 1.75915e+08 
1 8.61365e+08 81310.8 2.45191e+09 1.12191e+07 3.31843e+06 1.51432e+06 706192 336440 163693 81310.8 41220.3 21319.2 11245.2 6047.16 
2 1.12504e+09 597186 6.6202e+10 1.6294e+08 4.1228e+07 1.69477e+07 7.11716e+06 3.05237e+06 1.33646e+06 597186 272238 126566 59986.7 28973.7 
3 1.24588e+09 3.74136e+06 1.35258e+12 1.87968e+09 4.12869e+08 1.54478e+08 5.90568e+07 2.30604e+07 9.19398e+06 3.74136e+06 1.55341e+06 657843 284039 124996 
4 1.31307e+09 2.29991e+07 2.67284e+13 2.11758e+10 4.04414e+09 1.37852e+09 4.80125e+08 1.70801e+08 6.20389e+07 2.29991e+07 8.69908e+06 3.35574e+06 1.31976e+06 528970 
5 1.39756e+09 1.30069e+08 4.50478e+14 2.12384e+11 3.55714e+10 1.11056e+10 3.54184e+09 1.15346e+09 3.83444e+08 1.30069e+08 4.50043e+07 1.58778e+07 5.7098e+06 2.09214e+06 
6 1.56832e+09 5.67975e+08 5.14937e+15 1.5478e+12 2.30863e+11 6.66654e+10 1.96529e+10 5.91257e+09 1.81466e+09 5.67975e+08 1.81229e+08 5.89306e+07 1.95217e+07 6.58582e+06 
7 1.69977e+09 1.51472e+09 3.09351e+16 6.38532e+12 8.63601e+11 2.33411e+11 6.43551e+10 1.80943e+10 5.18613e+09 1.51472e+09 4.50673e+08 1.36547e+08 4.21162e+07 1.32197e+07 
8 1.70932e+09 1.70932e+09 7.1604e+16 1.06034e+13 1.31518e+12 3.35247e+11 8.71161e+10 2.30687e+10 6.22276e+09 1.70932e+09 4.77961e+08 1.36002e+08 3.93677e+07 1.15887e+07 
