#t = 1000000000; extr. Ts: 0.0993833 0.103383 0.104383 0.10505 0.105717 0.106383 0.10705 0.107717 0.108383 0.10905 0.109717 0.110383 
0 1.51702e+10 1.89627e+09 2.09579e+13 1.56533e+11 5.22474e+10 2.58265e+10 1.30384e+10 6.71999e+09 3.53445e+09 1.89627e+09 1.03734e+09 5.78357e+08 3.28498e+08 1.89994e+08 
1 8.35526e+08 78871.6 2.3131e+09 1.07135e+07 3.17946e+06 1.45425e+06 679793 324661 158365 78871.6 40092.6 20794 10999.7 5932.42 
2 1.04072e+09 552426 6.04778e+10 1.49628e+08 3.7918e+07 1.56038e+07 6.56012e+06 2.81673e+06 1.23476e+06 552426 252156 117385 55711.8 26947.3 
3 1.1257e+09 3.38047e+06 1.21551e+12 1.69224e+09 3.71956e+08 1.39242e+08 5.32618e+07 2.08098e+07 8.30186e+06 3.38047e+06 1.40447e+06 595144 257120 113210 
4 1.16869e+09 2.04703e+07 2.37608e+13 1.88255e+10 3.5958e+09 1.22586e+09 4.27027e+08 1.51943e+08 5.52023e+07 2.04703e+07 7.74494e+06 2.98868e+06 1.17583e+06 471467 
5 1.24182e+09 1.15574e+08 4.00009e+14 1.88865e+11 3.16329e+10 9.87541e+09 3.14914e+09 1.0254e+09 3.40801e+08 1.15574e+08 3.99772e+07 1.40995e+07 5.06848e+06 1.85643e+06 
6 1.398e+09 5.06292e+08 4.56835e+15 1.37661e+12 2.05448e+11 5.93488e+10 1.75022e+10 5.26731e+09 1.61712e+09 5.06292e+08 1.61588e+08 5.25555e+07 1.74131e+07 5.87535e+06 
7 1.50697e+09 1.34291e+09 2.73954e+16 5.65749e+12 7.65278e+11 2.06857e+11 5.70396e+10 1.6039e+10 4.59747e+09 1.34291e+09 3.99587e+08 1.21078e+08 3.73473e+07 1.17234e+07 
8 1.51236e+09 1.51236e+09 6.33924e+16 9.38295e+12 1.16373e+12 2.96632e+11 7.70799e+10 2.04108e+10 5.50573e+09 1.51236e+09 4.22889e+08 1.20333e+08 3.48328e+07 1.0254e+07 
