#t = 1000000000; extr. Ts: 0.0993833 0.103383 0.104383 0.10505 0.105717 0.106383 0.10705 0.107717 0.108383 0.10905 0.109717 0.110383 
0 1.49792e+10 1.8724e+09 2.08359e+13 1.55175e+11 5.17495e+10 2.55651e+10 1.28986e+10 6.64385e+09 3.4922e+09 1.8724e+09 1.02361e+09 5.70314e+08 3.23703e+08 1.87084e+08 
1 8.19849e+08 77391.7 2.31776e+09 1.06182e+07 3.14295e+06 1.43514e+06 669789 319403 155586 77391.7 39298.3 20363.8 10764.6 5802.6 
2 1.04839e+09 556499 6.2119e+10 1.52351e+08 3.85144e+07 1.58231e+07 6.6413e+06 2.84685e+06 1.2459e+06 556499 253607 117875 55859 26978.6 
3 1.15211e+09 3.45976e+06 1.25128e+12 1.74065e+09 3.82287e+08 1.43014e+08 5.46627e+07 2.13389e+07 8.50502e+06 3.45976e+06 1.43592e+06 607825 262320 115381 
4 1.20561e+09 2.11169e+07 2.45185e+13 1.94614e+10 3.71691e+09 1.2669e+09 4.41191e+08 1.56919e+08 5.69809e+07 2.11169e+07 7.98403e+06 3.07854e+06 1.21015e+06 484788 
5 1.27582e+09 1.18738e+08 4.07797e+14 1.93162e+11 3.2384e+10 1.01167e+10 3.22834e+09 1.05194e+09 3.49875e+08 1.18738e+08 4.1102e+07 1.45069e+07 5.21873e+06 1.91284e+06 
6 1.43701e+09 5.20422e+08 4.66727e+15 1.41025e+12 2.10624e+11 6.08747e+10 1.79615e+10 5.40838e+09 1.66133e+09 5.20422e+08 1.66193e+08 5.40846e+07 1.79305e+07 6.05363e+06 
7 1.54383e+09 1.37575e+09 2.79689e+16 5.78433e+12 7.82765e+11 2.11646e+11 5.83778e+10 1.64205e+10 4.70834e+09 1.37575e+09 4.095e+08 1.24125e+08 3.83012e+07 1.20273e+07 
8 1.53816e+09 1.53816e+09 6.44249e+16 9.54044e+12 1.18337e+12 3.01652e+11 7.83877e+10 2.07578e+10 5.59953e+09 1.53816e+09 4.30113e+08 1.2239e+08 3.54285e+07 1.04294e+07 
