t = 10000
b = 20 20 20
E = -0.677521684390712 -0.677521684390712 0
1154.17875410901 174.038151948165 -417.177876101966 -0.393809332483002 0.176107483482971 0.902164197981505 0.702415128104751 0.690727025679736 0.171781833323812 0 0 0 0 0 0
1154.37177823515 174.537907119916 -417.036442397518 0.00242219236560954 -0.552026926330028 0.833822694178224 0.810115312666369 0.489927563568396 0.322000056505106 0 0 0 0 0 0
1154.55926699404 174.884811799184 -416.675749274039 0.27431579268809 -0.823527036756646 0.496541983388128 0.844812021168489 0.453048776449249 0.284674085714349 0 0 0 0 0 0
1154.93639364171 175.060833258691 -416.351509917422 0.36271370151605 -0.872146756470259 -0.328327083468457 0.925468497201143 0.295790472758853 0.236676836953534 0 0 0 0 0 0
1155.31578941502 175.039233637381 -415.977096336851 0.325538152665467 -0.534468015544531 -0.779979947122691 0.941925385547555 0.111361714587444 0.31682016562168 0 0 0 0 0 0
1155.78227114046 174.726759423782 -415.801610931167 0.104213309889536 0.120687563106207 -0.987205113643277 0.950617763205825 0.279685353891046 0.134543057757197 0 0 0 0 0 0
1156.27334980363 174.441144480699 -415.903321123254 -0.076223500592065 0.717428748561397 -0.692449136445007 0.967234745666752 0.221873367497131 0.12340593856572 0 0 0 0 0 0
1156.7765041307 174.376137361661 -416.076476861014 -0.229801575205332 0.95043809841248 -0.209424265243744 0.972666938385596 0.231653423981477 -0.0159874404883945 0 0 0 0 0 0
-2303.45267405158 4336.39014580921 -4737.46095919502 0.707456645946154 0.527214298858462 -0.47069097926285 -0.67716763783867 0.314957238013841 -0.665015602573695 0 0 0 0 0 0
-2303.74300444745 4335.14853561446 -4736.83200457269 0.163158987071207 -0.588011009301557 0.792226008525805 -0.938160779972014 -0.340983152511257 -0.0598724402283815 0 0 0 0 0 0
-2304.06530259216 4334.77549448046 -4736.962131456 -0.131994847632129 -0.00419823883777052 0.991241447649212 -0.899950492630588 -0.418687918398365 -0.121611729648185 0 0 0 0 0 0
-2304.26694317876 4334.28596450863 -4736.84392168851 -0.329470818974928 0.532686306789886 0.779547391615904 -0.778876659356202 -0.620018502629983 0.0944884346282983 0 0 0 0 0 0
-2304.61750549118 4333.98769386572 -4736.56943628104 -0.401611383283817 0.909370912035335 0.108409918236699 -0.888280331851827 -0.415606194114174 0.195523431880847 0 0 0 0 0 0
-2305.04672856834 4333.8866637072 -4736.20489491492 -0.287000934843547 0.889032516687135 -0.356723322005363 -0.955461187622147 -0.292391915845501 0.0400095322754295 0 0 0 0 0 0
-2305.62571089469 4333.80502431217 -4736.07382590848 -0.0314715659168249 0.583319967474223 -0.811632451552171 -0.980901079662302 -0.173967650649963 -0.0869954246244497 0 0 0 0 0 0
-2306.07660421309 4334.13413610232 -4736.01656013443 0.0362492927818046 -0.126914559541965 -0.991251007077253 -0.975495538142874 0.21090293736514 -0.0626760320260998 0 0 0 0 0 0
10.9092829884552 8.30466166347269 0.722398715501661 0.184078779644802 0.951549176130237 0.246311098041904 -0.982166189405515 0.187826667360811 0.00840264321817678 0 0 0 0 0 0
2.66588799595556 25.3813124905252 8.38718839095697 0.304472916996789 0.952505377588314 -0.00545320328904475 0.856545525994938 -0.271285512758868 0.439014603435045 0 0 0 0 0 0
3.88629621530826 16.3265543723696 7.16911603422764 0.0696661473632548 -0.913845378216097 -0.40004153905393 0.757758691857953 -0.212337620962676 0.617020571620726 0 0 0 0 0 0
8.81542444908797 13.6072751055948 18.7873618400651 0.0586479337342345 -0.00128982893991972 0.998277835575304 -0.997852468648215 0.0291421697391165 0.0586605970606406 0 0 0 0 0 0
8.65397251360928 6.19982535369518 6.19781128012429 -0.797789767975574 -0.592592822458445 0.111198720933309 0.601770019397919 -0.794050940597024 0.0857665636772169 0 0 0 0 0 0
12.6464476365695 11.743821494169 12.6954198792266 0.5819942764521 0.416879477271777 -0.69820775211574 -0.558969009484485 0.828686370888427 0.0288532111549598 0 0 0 0 0 0
17.0036134726116 10.2124919226365 20.5569304377922 0.799047822105415 0.527166134949099 0.28916839051129 0.20316027974321 -0.689360237655046 0.695347611569853 0 0 0 0 0 0
8.49197086280207 12.5494243378449 7.41693814829797 -0.613913649176795 0.232568220293915 -0.754335430363884 0.425871616719381 0.902191325447021 -0.0684408955375596 0 0 0 0 0 0
-1.54354429929805 18.3453851543877 24.0348528478791 -0.414620862276576 -0.162560100940447 -0.895356709969935 0.589338076677751 0.701731999988403 -0.400315839135459 0 0 0 0 0 0
15.5372344778594 3.20808880049324 5.78170343601272 -0.149668341793345 -0.160210529662112 -0.975669953160761 0.632169947512563 -0.774242532468146 0.0301597518255035 0 0 0 0 0 0
5.5946041260322 7.36689274179601 14.652848591095 -0.254291718715223 -0.583203387028302 0.771498186963835 0.909717053940926 -0.414997155346282 -0.0138616068613216 0 0 0 0 0 0
9.40967572837517 19.8466181268765 7.90696325327869 -0.937752568660872 0.270856825971326 -0.217385807565709 -0.149268999163137 -0.879488250760718 -0.451906135897416 0 0 0 0 0 0
