#t = 1000000000; extr. Ts: 0.0993833 0.103383 0.104383 0.10505 0.105717 0.106383 0.10705 0.107717 0.108383 0.10905 0.109717 0.110383 
0 1.04967e+10 1.31209e+09 1.14323e+13 9.62188e+10 3.30348e+10 1.66343e+10 8.55251e+09 4.48815e+09 2.40298e+09 1.31209e+09 7.30336e+08 4.14226e+08 2.39285e+08 1.40721e+08 
1 4.78499e+08 45169.1 1.03532e+09 5.4449e+06 1.66405e+06 775712 369383 179621 89164.9 45169.1 23342.5 12301.4 6608.47 3617.57 
2 5.96984e+08 316887 2.67956e+10 7.55612e+07 1.97462e+07 8.29043e+06 3.55478e+06 1.55613e+06 695227 316887 147308 69812.5 33718.2 16590.3 
3 6.47754e+08 1.9452e+06 5.40392e+11 8.57232e+08 1.94291e+08 7.42041e+07 2.89479e+07 1.15311e+07 4.68853e+06 1.9452e+06 823184 355208 156230 70014.1 
4 6.65987e+08 1.16651e+07 1.04826e+13 9.44997e+09 1.86086e+09 6.47153e+08 2.29896e+08 8.33923e+07 3.08768e+07 1.16651e+07 4.49505e+06 1.76608e+06 707222 288540 
5 6.96247e+08 6.47986e+07 1.74349e+14 9.32025e+10 1.60873e+10 5.12297e+09 1.66612e+09 5.53199e+08 1.87451e+08 6.47986e+07 2.28433e+07 8.20938e+06 3.0065e+06 1.12164e+06 
6 7.71397e+08 2.79365e+08 1.96886e+15 6.70683e+11 1.03086e+11 3.03618e+10 9.12732e+09 2.79957e+09 8.75827e+08 2.79365e+08 9.08244e+07 3.00857e+07 1.01507e+07 3.48707e+06 
7 8.256e+08 7.35717e+08 1.18436e+16 2.753e+12 3.83043e+11 1.05472e+11 2.962e+10 8.4807e+09 2.47471e+09 7.35717e+08 2.22763e+08 6.86714e+07 2.15459e+07 6.87806e+06 
8 8.20785e+08 8.20785e+08 2.72489e+16 4.53291e+12 5.78015e+11 1.50039e+11 3.9694e+10 1.06989e+10 2.93691e+09 8.20785e+08 2.33456e+08 6.75578e+07 1.98837e+07 5.95024e+06 
