#t = 1000000000; extr. Ts: 0.0993833 0.103383 0.104383 0.10505 0.105717 0.106383 0.10705 0.107717 0.108383 0.10905 0.109717 0.110383 
0 1.11868e+10 1.39836e+09 1.21026e+13 1.02124e+11 3.50937e+10 1.76822e+10 9.09713e+09 4.77707e+09 2.55933e+09 1.39836e+09 7.78835e+08 4.41996e+08 2.55471e+08 1.50321e+08 
1 4.55681e+08 43015.1 9.68828e+08 5.11623e+06 1.56664e+06 731487 348992 170088 84655 43015.1 22307.1 11802.6 6369.15 3504.3 
2 5.39898e+08 286585 2.43321e+10 6.83778e+07 1.78596e+07 7.49652e+06 3.21391e+06 1.40687e+06 628600 286585 133274 63197.3 30546.7 15044.9 
3 5.70485e+08 1.71316e+06 4.76569e+11 7.55905e+08 1.71301e+08 6.5415e+07 2.55149e+07 1.01615e+07 4.13057e+06 1.71316e+06 724704 312565 137397 61533.2 
4 5.80346e+08 1.0165e+07 8.99563e+12 8.17075e+09 1.61191e+09 5.61256e+08 1.99621e+08 7.24969e+07 2.68745e+07 1.0165e+07 3.92165e+06 1.54262e+06 618472 252635 
5 5.99705e+08 5.58135e+07 1.48545e+14 7.98647e+10 1.38026e+10 4.399e+09 1.43181e+09 4.7577e+08 1.61337e+08 5.58135e+07 1.96905e+07 7.08154e+06 2.59537e+06 968976 
6 6.64445e+08 2.40632e+08 1.6939e+15 5.77309e+11 8.87473e+10 2.61413e+10 7.85936e+09 2.41091e+09 7.54317e+08 2.40632e+08 7.82397e+07 2.59194e+07 8.74574e+06 3.00465e+06 
7 7.06175e+08 6.29294e+08 1.0084e+16 2.34827e+12 3.26915e+11 9.00534e+10 2.53006e+10 7.24716e+09 2.11573e+09 6.29294e+08 1.90634e+08 5.87969e+07 1.84574e+07 5.89534e+06 
8 6.96401e+08 6.96401e+08 2.30895e+16 3.84405e+12 4.90248e+11 1.27268e+11 3.36724e+10 9.07652e+09 2.49171e+09 6.96401e+08 1.98086e+08 5.73243e+07 1.68722e+07 5.04911e+06 
