#t = 1000000000; extr. Ts: 0.0993833 0.103383 0.104383 0.10505 0.105717 0.106383 0.10705 0.107717 0.108383 0.10905 0.109717 0.110383 
0 1.07182e+10 1.33977e+09 1.15549e+13 9.77478e+10 3.36027e+10 1.69342e+10 8.71367e+09 4.57624e+09 2.45195e+09 1.33977e+09 7.46244e+08 4.23521e+08 2.44806e+08 1.44055e+08 
1 4.74049e+08 44749.1 1.01366e+09 5.3476e+06 1.63646e+06 763678 364113 177317 88168.7 44749.1 23174.4 12241.4 6593.03 3619.12 
2 5.90155e+08 313263 2.64871e+10 7.45635e+07 1.94857e+07 8.18215e+06 3.50917e+06 1.53669e+06 686864 313263 145731 69128 33424 16466.9 
3 6.23739e+08 1.87308e+06 5.21361e+11 8.25618e+08 1.87092e+08 7.145e+07 2.78728e+07 1.11029e+07 4.51453e+06 1.87308e+06 792699 342065 150452 67423.5 
4 6.35578e+08 1.11325e+07 1.00128e+13 9.02269e+09 1.77654e+09 6.17785e+08 2.19447e+08 7.95963e+07 2.94691e+07 1.11325e+07 4.28951e+06 1.68522e+06 674799 275299 
5 6.60888e+08 6.15077e+07 1.64723e+14 8.83631e+10 1.52598e+10 4.86071e+09 1.58114e+09 5.25054e+08 1.77927e+08 6.15077e+07 2.16824e+07 7.79152e+06 2.85309e+06 1.06422e+06 
6 7.32622e+08 2.65323e+08 1.87778e+15 6.38329e+11 9.80645e+10 2.88734e+10 8.67703e+09 2.66059e+09 8.32077e+08 2.65323e+08 8.62302e+07 2.8554e+07 9.63052e+06 3.30718e+06 
7 7.86565e+08 7.00932e+08 1.12663e+16 2.61966e+12 3.64561e+11 1.00399e+11 2.82003e+10 8.07586e+09 2.35711e+09 7.00932e+08 2.12289e+08 6.54623e+07 2.05457e+07 6.56107e+06 
8 7.78219e+08 7.78219e+08 2.58199e+16 4.29667e+12 5.47933e+11 1.42237e+11 3.76316e+10 1.01434e+10 2.78452e+09 7.78219e+08 2.21355e+08 6.4057e+07 1.88536e+07 5.64201e+06 
