#t = 1000000000; extr. Ts: 0.0993833 0.103383 0.104383 0.10505 0.105717 0.106383 0.10705 0.107717 0.108383 0.10905 0.109717 0.110383 
0 1.06326e+10 1.32908e+09 1.14817e+13 9.70891e+10 3.33684e+10 1.68133e+10 8.64982e+09 4.5418e+09 2.43297e+09 1.32908e+09 7.40087e+08 4.19897e+08 2.42624e+08 1.42711e+08 
1 4.79103e+08 45226.1 1.02682e+09 5.39746e+06 1.65155e+06 770785 367575 179056 89067.9 45226.1 23433.6 12385.4 6674.81 3666.58 
2 5.97979e+08 317415 2.65548e+10 7.51378e+07 1.96606e+07 8.26256e+06 3.54667e+06 1.55444e+06 695384 317415 147786 70159 33948.9 16737.8 
3 6.3721e+08 1.91353e+06 5.25577e+11 8.36733e+08 1.89922e+08 7.26152e+07 2.83618e+07 1.13121e+07 4.6057e+06 1.91353e+06 810968 350459 154373 69284.9 
4 6.49825e+08 1.1382e+07 1.00855e+13 9.14701e+09 1.80423e+09 6.28192e+08 2.23431e+08 8.11499e+07 3.00861e+07 1.1382e+07 4.39227e+06 1.72828e+06 693166 283266 
5 6.73024e+08 6.26372e+07 1.66736e+14 8.95715e+10 1.54807e+10 4.93411e+09 1.60613e+09 5.33762e+08 1.8103e+08 6.26372e+07 2.21021e+07 7.95059e+06 2.91453e+06 1.0884e+06 
6 7.44147e+08 2.69497e+08 1.8987e+15 6.46827e+11 9.94239e+10 2.92842e+10 8.80373e+09 2.70043e+09 8.4485e+08 2.69497e+08 8.76199e+07 2.90254e+07 9.79334e+06 3.36443e+06 
7 7.94157e+08 7.07698e+08 1.14124e+16 2.65005e+12 3.68644e+11 1.01495e+11 2.84999e+10 8.15915e+09 2.38066e+09 7.07698e+08 2.14264e+08 6.60471e+07 2.07214e+07 6.61459e+06 
8 7.91914e+08 7.91914e+08 2.63134e+16 4.37594e+12 5.57938e+11 1.44816e+11 3.8309e+10 1.03246e+10 2.8339e+09 7.91914e+08 2.2522e+08 6.51666e+07 1.91776e+07 5.73817e+06 
