#t = 1000000000; extr. Ts: 0.0993833 0.103383 0.104383 0.10505 0.105717 0.106383 0.10705 0.107717 0.108383 0.10905 0.109717 0.110383 
0 1.07755e+10 1.34694e+09 1.17302e+13 9.87795e+10 3.39182e+10 1.70799e+10 8.78173e+09 4.6083e+09 2.46712e+09 1.34694e+09 7.49593e+08 4.25042e+08 2.45456e+08 1.44295e+08 
1 4.63672e+08 43769.5 9.80496e+08 5.17758e+06 1.58673e+06 741400 354020 172702 86045.2 43769.5 22723.9 12036.8 6502.64 3581.46 
2 5.68179e+08 301597 2.55275e+10 7.17292e+07 1.87432e+07 7.87059e+06 3.37591e+06 1.47861e+06 661069 301597 140360 66611 32224 15885.1 
3 6.06997e+08 1.8228e+06 5.03811e+11 7.9976e+08 1.81403e+08 6.93244e+07 2.70629e+07 1.07882e+07 4.38994e+06 1.8228e+06 772024 333405 146756 65817.6 
4 6.26786e+08 1.09785e+07 9.84131e+12 8.86659e+09 1.74656e+09 6.07612e+08 2.15945e+08 7.83742e+07 2.90375e+07 1.09785e+07 4.23408e+06 1.66514e+06 667506 272653 
5 6.54041e+08 6.08705e+07 1.63986e+14 8.76433e+10 1.51249e+10 4.81574e+09 1.56595e+09 5.19848e+08 1.76119e+08 6.08705e+07 2.14549e+07 7.70914e+06 2.82288e+06 1.053e+06 
6 7.31066e+08 2.64759e+08 1.87274e+15 6.36944e+11 9.78582e+10 2.88134e+10 8.6591e+09 2.65508e+09 8.30338e+08 2.64759e+08 8.60428e+07 2.84902e+07 9.60827e+06 3.29925e+06 
7 7.86556e+08 7.00925e+08 1.12775e+16 2.62115e+12 3.64723e+11 1.00435e+11 2.82079e+10 8.07729e+09 2.35731e+09 7.00925e+08 2.12267e+08 6.54488e+07 2.05394e+07 6.55839e+06 
8 7.87167e+08 7.87167e+08 2.6107e+16 4.34516e+12 5.5414e+11 1.43853e+11 3.80602e+10 1.02593e+10 2.81643e+09 7.87167e+08 2.23909e+08 6.47987e+07 1.90727e+07 5.70785e+06 
