#t = 842000000; extr. Ts: 0.0993833 0.103383 0.105717 0.106383 0.10705 0.107717 0.108383 0.10905 0.109717 0.110383 0.11105 0.111717 
0 1.97488e+10 2.4686e+09 4.62372e+13 4.60926e+11 4.49449e+10 2.42007e+10 1.32909e+10 7.44195e+09 4.24665e+09 2.4686e+09 1.46122e+09 8.80329e+08 5.39573e+08 3.36307e+08 
1 2.06726e+09 195144 1.24865e+10 7.38787e+07 5.34718e+06 2.64818e+06 1.3388e+06 690719 363548 195144 106791 59558.1 33839.4 19580.1 
2 2.38575e+09 1.26639e+06 3.73504e+11 1.18251e+09 5.91788e+07 2.63566e+07 1.1979e+07 5.55434e+06 2.6266e+06 1.26639e+06 622323 311598 158911 82517.5 
3 2.39542e+09 7.19341e+06 8.24854e+12 1.48107e+10 5.34958e+08 2.17114e+08 8.99246e+07 3.79968e+07 1.63737e+07 7.19341e+06 3.22078e+06 1.46918e+06 682543 322828 
4 2.25535e+09 3.95036e+07 1.71944e+14 1.77529e+11 4.64935e+09 1.72146e+09 6.50465e+08 2.5074e+08 9.857e+07 3.95036e+07 1.61342e+07 6.71315e+06 2.84459e+06 1.22708e+06 
5 2.12086e+09 1.97385e+08 2.96006e+15 1.84674e+12 3.58557e+10 1.21792e+10 4.22059e+09 1.49166e+09 5.37484e+08 1.97385e+08 7.38529e+07 2.81437e+07 1.09196e+07 4.31222e+06 
6 2.1301e+09 7.71427e+08 3.41536e+16 1.38099e+13 2.06327e+11 6.49431e+10 2.08421e+10 6.81764e+09 2.27231e+09 7.71427e+08 2.66671e+08 9.3836e+07 3.35996e+07 1.22386e+07 
7 2.06371e+09 1.83904e+09 2.07602e+17 5.79456e+13 6.90118e+11 2.03281e+11 6.10094e+10 1.86499e+10 5.80481e+09 1.83904e+09 5.92848e+08 1.94406e+08 6.48261e+07 2.19753e+07 
8 1.88066e+09 1.88066e+09 4.80003e+17 9.71006e+13 9.49092e+11 2.63833e+11 7.46775e+10 2.15148e+10 6.30703e+09 1.88066e+09 5.70235e+08 1.75759e+08 5.50519e+07 1.7518e+07 
