#t = 845000000; extr. Ts: 0.0993833 0.103383 0.105717 0.106383 0.10705 0.107717 0.108383 0.10905 0.109717 0.110383 0.11105 0.111717 
0 1.972e+10 2.465e+09 4.63695e+13 4.62078e+11 4.50025e+10 2.42205e+10 1.3295e+10 7.44015e+09 4.24311e+09 2.465e+09 1.45812e+09 8.77859e+08 5.37679e+08 3.34884e+08 
1 2.09465e+09 197730 1.27292e+10 7.49306e+07 5.41682e+06 2.68234e+06 1.35603e+06 699641 368291 197730 108234 60382.9 34320.9 19867.2 
2 2.39834e+09 1.27307e+06 3.76898e+11 1.19306e+09 5.96827e+07 2.65723e+07 1.20714e+07 5.59371e+06 2.64309e+06 1.27307e+06 624851 312416 159064 82439.6 
3 2.42888e+09 7.2939e+06 8.3472e+12 1.49937e+10 5.41887e+08 2.1997e+08 9.11265e+07 3.85126e+07 1.65994e+07 7.2939e+06 3.26631e+06 1.49015e+06 692347 327477 
4 2.3146e+09 4.05413e+07 1.74999e+14 1.81441e+11 4.76153e+09 1.76387e+09 6.66797e+08 2.57143e+08 1.01125e+08 4.05413e+07 1.6563e+07 6.89334e+06 2.92158e+06 1.26052e+06 
5 2.17103e+09 2.02054e+08 2.97456e+15 1.87053e+12 3.64882e+10 1.241e+10 4.30589e+09 1.52362e+09 5.49619e+08 2.02054e+08 7.56736e+07 2.8863e+07 1.12075e+07 4.42889e+06 
6 2.14716e+09 7.77605e+08 3.4202e+16 1.38526e+13 2.07312e+11 6.52904e+10 2.09663e+10 6.8627e+09 2.28888e+09 7.77605e+08 2.69006e+08 9.47297e+07 3.39463e+07 1.23748e+07 
7 2.04991e+09 1.82674e+09 2.05092e+17 5.73728e+13 6.84194e+11 2.01612e+11 6.05316e+10 1.85109e+10 5.76376e+09 1.82674e+09 5.89112e+08 1.93256e+08 6.44681e+07 2.18626e+07 
8 1.8554e+09 1.8554e+09 4.73399e+17 9.57751e+13 9.36211e+11 2.6026e+11 7.36678e+10 2.12245e+10 6.22211e+09 1.8554e+09 5.62593e+08 1.7341e+08 5.43181e+07 1.72852e+07 
