#t = 849000000; extr. Ts: 0.0993833 0.103383 0.105717 0.106383 0.10705 0.107717 0.108383 0.10905 0.109717 0.110383 0.11105 0.111717 
0 1.94328e+10 2.42911e+09 4.52181e+13 4.52345e+11 4.41743e+10 2.37934e+10 1.30708e+10 7.32042e+09 4.17808e+09 2.42911e+09 1.438e+09 8.66425e+08 5.31092e+08 3.31043e+08 
1 2.23001e+09 210507 1.33079e+10 7.89713e+07 5.73314e+06 2.84234e+06 1.43861e+06 743118 391635 210507 115363 64434.6 36666.4 21249.3 
2 2.54816e+09 1.3526e+06 3.92056e+11 1.24746e+09 6.27521e+07 2.79912e+07 1.27413e+07 5.91649e+06 2.80176e+06 1.3526e+06 665473 333554 170265 88480.9 
3 2.53067e+09 7.59957e+06 8.65381e+12 1.55697e+10 5.63366e+08 2.28777e+08 9.4813e+07 4.0088e+07 1.72864e+07 7.59957e+06 3.40503e+06 1.55435e+06 722639 342046 
4 2.35204e+09 4.11972e+07 1.75889e+14 1.83169e+11 4.81953e+09 1.78674e+09 6.75967e+08 2.60885e+08 1.02679e+08 4.11972e+07 1.68446e+07 7.01633e+06 2.97619e+06 1.28517e+06 
5 2.17979e+09 2.0287e+08 2.99453e+15 1.87912e+12 3.66298e+10 1.2457e+10 4.32203e+09 1.52937e+09 5.51745e+08 2.0287e+08 7.59978e+07 2.89963e+07 1.1264e+07 4.4535e+06 
6 2.15836e+09 7.81659e+08 3.42798e+16 1.39052e+13 2.08254e+11 6.55987e+10 2.10686e+10 6.8971e+09 2.30061e+09 7.81659e+08 2.70425e+08 9.52331e+07 3.4127e+07 1.24405e+07 
7 2.06395e+09 1.83925e+09 2.0455e+17 5.7445e+13 6.86643e+11 2.02467e+11 6.08283e+10 1.86137e+10 5.79954e+09 1.83925e+09 5.93519e+08 1.94821e+08 6.50295e+07 2.20659e+07 
8 1.86013e+09 1.86013e+09 4.74316e+17 9.59925e+13 9.38473e+11 2.60897e+11 7.38505e+10 2.12777e+10 6.23786e+09 1.86013e+09 5.64036e+08 1.73857e+08 5.44584e+07 1.73299e+07 
