#t = 828000000; extr. Ts: 0.0993833 0.103383 0.105717 0.106383 0.10705 0.107717 0.108383 0.10905 0.109717 0.110383 0.11105 0.111717 
0 1.85155e+10 2.31444e+09 4.37571e+13 4.33733e+11 4.22053e+10 2.27153e+10 1.24703e+10 6.98027e+09 3.98219e+09 2.31444e+09 1.3698e+09 8.25209e+08 5.05798e+08 3.15281e+08 
1 2.13828e+09 201848 1.283e+10 7.61241e+07 5.52151e+06 2.73594e+06 1.3838e+06 714188 375994 201848 110455 61589 34978.8 20226.3 
2 2.49985e+09 1.32696e+06 3.91696e+11 1.23725e+09 6.19419e+07 2.75933e+07 1.25441e+07 5.81772e+06 2.75173e+06 1.32696e+06 652168 326561 166540 86470.9 
3 2.49257e+09 7.48515e+06 8.57993e+12 1.54071e+10 5.56497e+08 2.25861e+08 9.35507e+07 3.95311e+07 1.70362e+07 7.48515e+06 3.3518e+06 1.52917e+06 710530 336130 
4 2.36093e+09 4.13529e+07 1.78543e+14 1.85328e+11 4.86299e+09 1.8012e+09 6.80773e+08 2.62466e+08 1.03187e+08 4.13529e+07 1.68874e+07 7.02501e+06 2.9758e+06 1.28316e+06 
5 2.21392e+09 2.06045e+08 3.05825e+15 1.91572e+12 3.7293e+10 1.2677e+10 4.39634e+09 1.55492e+09 5.60678e+08 2.06045e+08 7.71452e+07 2.94173e+07 1.14208e+07 4.51278e+06 
6 2.20514e+09 7.98602e+08 3.51731e+16 1.42522e+13 2.13208e+11 6.71335e+10 2.15529e+10 7.05272e+09 2.35151e+09 7.98602e+08 2.76163e+08 9.72102e+07 3.48198e+07 1.26874e+07 
7 2.11646e+09 1.88604e+09 2.10178e+17 5.89652e+13 7.04471e+11 2.07699e+11 6.23932e+10 1.90906e+10 5.94758e+09 1.88604e+09 6.08577e+08 1.99752e+08 6.66722e+07 2.26225e+07 
8 1.88931e+09 1.88931e+09 4.82075e+17 9.75363e+13 9.53408e+11 2.65037e+11 7.50189e+10 2.16134e+10 6.33599e+09 1.88931e+09 5.72862e+08 1.7657e+08 5.53062e+07 1.75991e+07 
