#t = 840000000; extr. Ts: 0.0993833 0.103383 0.105717 0.106383 0.10705 0.107717 0.108383 0.10905 0.109717 0.110383 0.11105 0.111717 
0 1.9742e+10 2.46775e+09 4.68307e+13 4.6478e+11 4.51654e+10 2.42939e+10 1.33279e+10 7.45477e+09 4.24951e+09 2.46775e+09 1.4593e+09 8.78378e+08 5.37939e+08 3.35052e+08 
1 2.10794e+09 198984 1.27109e+10 7.50377e+07 5.43591e+06 2.69334e+06 1.36236e+06 703295 370420 198984 108985 60839 34603.1 20045 
2 2.42006e+09 1.2846e+06 3.80706e+11 1.2032e+09 6.0185e+07 2.67975e+07 1.21749e+07 5.64237e+06 2.66651e+06 1.2846e+06 630652 315401 160634 83283 
3 2.42286e+09 7.27581e+06 8.26825e+12 1.49322e+10 5.40499e+08 2.19453e+08 9.09224e+07 3.84268e+07 1.6561e+07 7.27581e+06 3.25739e+06 1.4856e+06 689972 326215 
4 2.27179e+09 3.97916e+07 1.69481e+14 1.76764e+11 4.65422e+09 1.72567e+09 6.52922e+08 2.52001e+08 9.91814e+07 3.97916e+07 1.62679e+07 6.77487e+06 2.87306e+06 1.24025e+06 
5 2.12465e+09 1.97738e+08 2.89179e+15 1.82177e+12 3.55955e+10 1.21131e+10 4.20539e+09 1.489e+09 5.37493e+08 1.97738e+08 7.41129e+07 2.82901e+07 1.09942e+07 4.34839e+06 
6 2.08596e+09 7.55441e+08 3.30502e+16 1.34172e+13 2.01065e+11 6.3346e+10 2.0349e+10 6.6629e+09 2.22296e+09 7.55441e+08 2.61413e+08 9.20808e+07 3.30052e+07 1.20345e+07 
7 1.99251e+09 1.77558e+09 1.97675e+17 5.54843e+13 6.63053e+11 1.955e+11 5.87318e+10 1.79712e+10 5.59906e+09 1.77558e+09 5.72948e+08 1.88061e+08 6.27704e+07 2.12985e+07 
8 1.79216e+09 1.79216e+09 4.56856e+17 9.24691e+13 9.04085e+11 2.51342e+11 7.11474e+10 2.04993e+10 6.0098e+09 1.79216e+09 5.43441e+08 1.67513e+08 5.24729e+07 1.66986e+07 
