#t = 721000000; extr. Ts: 0.0993833 0.103383 0.106383 0.10705 0.107717 0.108383 0.10905 0.109717 0.110383 0.11105 0.111717 0.112383 
0 2.63401e+10 3.29251e+09 4.42332e+13 6.26081e+11 4.20665e+10 2.43614e+10 1.43752e+10 8.6398e+09 5.28689e+09 3.29251e+09 2.08596e+09 1.34386e+09 8.80008e+08 5.85487e+08 
1 2.90664e+09 274380 1.44404e+10 1.18236e+08 5.33244e+06 2.83295e+06 1.5352e+06 848355 477915 274380 160489 95607.5 57989.4 35798.7 
2 3.16695e+09 1.68106e+06 4.5062e+11 1.98609e+09 5.58685e+07 2.66905e+07 1.29996e+07 6.45278e+06 3.26346e+06 1.68106e+06 881703 470709 255699 141289 
3 3.01125e+09 9.04274e+06 1.01814e+13 2.56329e+10 4.75932e+08 2.07376e+08 9.2126e+07 4.17133e+07 1.9244e+07 9.04274e+06 4.32659e+06 2.1071e+06 1.04416e+06 526308 
4 2.65944e+09 4.65815e+07 2.10719e+14 3.09991e+11 3.84646e+09 1.53204e+09 6.22063e+08 2.574e+08 1.08505e+08 4.65815e+07 2.03591e+07 9.05612e+06 4.09846e+06 1.88647e+06 
5 2.33715e+09 2.17514e+08 3.63047e+15 3.23791e+12 2.74963e+10 1.00616e+10 3.75258e+09 1.42599e+09 5.51931e+08 2.17514e+08 8.72531e+07 3.5614e+07 1.47864e+07 6.24262e+06 
6 2.15626e+09 7.80899e+08 4.1495e+16 2.40028e+13 1.45464e+11 4.93098e+10 1.70274e+10 5.98763e+09 2.14347e+09 7.80899e+08 2.89434e+08 1.09105e+08 4.18164e+07 1.62899e+07 
7 1.92858e+09 1.71862e+09 2.48093e+17 9.92639e+13 4.4959e+11 1.4259e+11 4.60363e+10 1.51256e+10 5.05573e+09 1.71862e+09 5.93971e+08 2.08645e+08 7.447e+07 2.69994e+07 
8 1.63757e+09 1.63757e+09 5.7286e+17 1.65653e+14 5.79739e+11 1.73309e+11 5.27051e+10 1.62999e+10 5.12482e+09 1.63757e+09 5.31636e+08 1.75305e+08 5.8697e+07 1.99505e+07 
