#t = 710000000; extr. Ts: 0.0993833 0.103383 0.106383 0.10705 0.107717 0.108383 0.10905 0.109717 0.110383 0.11105 0.111717 0.112383 
0 2.52584e+10 3.1573e+09 4.28116e+13 6.03074e+11 4.04282e+10 2.34022e+10 1.38032e+10 8.29241e+09 5.07207e+09 3.1573e+09 1.99937e+09 1.28746e+09 8.42669e+08 5.60367e+08 
1 3.0625e+09 289092 1.46234e+10 1.21734e+08 5.55472e+06 2.95829e+06 1.60694e+06 890040 502499 289092 169422 101108 61422.5 37970.1 
2 3.25143e+09 1.7259e+06 4.5104e+11 1.99662e+09 5.66302e+07 2.71168e+07 1.32395e+07 6.5888e+06 3.3412e+06 1.7259e+06 907822 486081 264843 146788 
3 3.06805e+09 9.2133e+06 1.02642e+13 2.5862e+10 4.8182e+08 2.10166e+08 9.34746e+07 4.2378e+07 1.95777e+07 9.2133e+06 4.41525e+06 2.15396e+06 1.06933e+06 540044 
4 2.68276e+09 4.69898e+07 2.12105e+14 3.11719e+11 3.87075e+09 1.54226e+09 6.26476e+08 2.59352e+08 1.09388e+08 4.69898e+07 2.05515e+07 9.14834e+06 4.1434e+06 1.90871e+06 
5 2.35302e+09 2.18992e+08 3.67289e+15 3.26987e+12 2.77222e+10 1.01408e+10 3.78094e+09 1.43636e+09 5.55801e+08 2.18992e+08 8.78302e+07 3.58447e+07 1.48809e+07 6.2822e+06 
6 2.17693e+09 7.88385e+08 4.19926e+16 2.42681e+13 1.46974e+11 4.98141e+10 1.71989e+10 6.04699e+09 2.16437e+09 7.88385e+08 2.9216e+08 1.10113e+08 4.21952e+07 1.64344e+07 
7 1.95023e+09 1.73791e+09 2.49586e+17 1.00051e+14 4.53838e+11 1.43987e+11 4.65035e+10 1.52844e+10 5.11064e+09 1.73791e+09 6.00855e+08 2.11141e+08 7.53885e+07 2.73426e+07 
8 1.6366e+09 1.6366e+09 5.71356e+17 1.65333e+14 5.7897e+11 1.73104e+11 5.26504e+10 1.62854e+10 5.12103e+09 1.6366e+09 5.31405e+08 1.75256e+08 5.86898e+07 1.99512e+07 
