#t = 709000000; extr. Ts: 0.0993833 0.103383 0.106383 0.10705 0.107717 0.108383 0.10905 0.109717 0.110383 0.11105 0.111717 0.112383 
0 2.55168e+10 3.1896e+09 4.29916e+13 6.07684e+11 4.07929e+10 2.36192e+10 1.39346e+10 8.37333e+09 5.12277e+09 3.1896e+09 2.02029e+09 1.30122e+09 8.5185e+08 5.66581e+08 
1 3.01191e+09 284317 1.47168e+10 1.21332e+08 5.4991e+06 2.92445e+06 1.58634e+06 877455 494771 284317 166451 99247 60248.9 37224.7 
2 3.22148e+09 1.71001e+06 4.52003e+11 1.99969e+09 5.64888e+07 2.70167e+07 1.31736e+07 6.54713e+06 3.31534e+06 1.71001e+06 898081 480103 261159 144503 
3 3.01748e+09 9.06143e+06 9.94054e+12 2.5321e+10 4.73725e+08 2.06723e+08 9.19662e+07 4.16968e+07 1.92607e+07 9.06143e+06 4.34041e+06 2.11607e+06 1.04966e+06 529581 
4 2.6614e+09 4.66158e+07 2.08092e+14 3.06813e+11 3.82235e+09 1.52427e+09 6.19715e+08 2.5679e+08 1.08411e+08 4.66158e+07 2.04084e+07 9.09397e+06 4.12305e+06 1.90132e+06 
5 2.31886e+09 2.15812e+08 3.60689e+15 3.21468e+12 2.72826e+10 9.98259e+09 3.72292e+09 1.4147e+09 5.47575e+08 2.15812e+08 8.65803e+07 3.53452e+07 1.4678e+07 6.19845e+06 
6 2.11921e+09 7.67482e+08 4.10707e+16 2.36974e+13 1.43308e+11 4.85555e+10 1.67588e+10 5.89034e+09 2.10763e+09 7.67482e+08 2.8433e+08 1.07133e+08 4.10423e+07 1.59815e+07 
7 1.90546e+09 1.69801e+09 2.45282e+17 9.81641e+13 4.445e+11 1.40961e+11 4.55052e+10 1.4949e+10 4.99596e+09 1.69801e+09 5.8674e+08 2.06063e+08 7.3532e+07 2.66529e+07 
8 1.6033e+09 1.6033e+09 5.60334e+17 1.62108e+14 5.67479e+11 1.69652e+11 5.15955e+10 1.59574e+10 5.01737e+09 1.6033e+09 5.20532e+08 1.71651e+08 5.74754e+07 1.9536e+07 
