#t = 717000000; extr. Ts: 0.0993833 0.103383 0.106383 0.10705 0.107717 0.108383 0.10905 0.109717 0.110383 0.11105 0.111717 0.112383 
0 2.64412e+10 3.30515e+09 4.44087e+13 6.28246e+11 4.22135e+10 2.44479e+10 1.44272e+10 8.67171e+09 5.30681e+09 3.30515e+09 2.09409e+09 1.34916e+09 8.83503e+08 5.87817e+08 
1 2.9393e+09 277463 1.41793e+10 1.17519e+08 5.34697e+06 2.84592e+06 1.54498e+06 855224 482563 277463 162511 96924 58842.4 36348.9 
2 3.17871e+09 1.6873e+06 4.40671e+11 1.96176e+09 5.55965e+07 2.66051e+07 1.29799e+07 6.45409e+06 3.2698e+06 1.6873e+06 886568 474173 258062 142865 
3 2.9762e+09 8.9375e+06 9.83115e+12 2.4961e+10 4.66766e+08 2.03704e+08 9.06361e+07 4.11022e+07 1.89911e+07 8.9375e+06 4.2827e+06 2.08887e+06 1.0367e+06 523353 
4 2.58745e+09 4.53204e+07 2.04541e+14 3.00301e+11 3.7299e+09 1.48636e+09 6.03871e+08 2.50041e+08 1.05481e+08 4.53204e+07 1.98251e+07 8.82657e+06 3.99829e+06 1.8421e+06 
5 2.25149e+09 2.09542e+08 3.50324e+15 3.12081e+12 2.64852e+10 9.69108e+09 3.61432e+09 1.37349e+09 5.31644e+08 2.09542e+08 8.40684e+07 3.43209e+07 1.4253e+07 6.01905e+06 
6 2.05949e+09 7.45853e+08 3.99494e+16 2.30357e+13 1.39282e+11 4.71905e+10 1.62874e+10 5.72457e+09 2.04828e+09 7.45853e+08 2.76308e+08 1.04106e+08 3.98807e+07 1.55281e+07 
7 1.87031e+09 1.66669e+09 2.40312e+17 9.62228e+13 4.35967e+11 1.38275e+11 4.46448e+10 1.46687e+10 4.90303e+09 1.66669e+09 5.7601e+08 2.02328e+08 7.22106e+07 2.61782e+07 
8 1.5838e+09 1.5838e+09 5.5175e+17 1.59851e+14 5.60094e+11 1.67476e+11 5.09427e+10 1.57583e+10 4.95557e+09 1.5838e+09 5.14281e+08 1.69614e+08 5.68012e+07 1.93093e+07 
