#t = 725000000; extr. Ts: 0.0993833 0.103383 0.106383 0.10705 0.107717 0.108383 0.10905 0.109717 0.110383 0.11105 0.111717 0.112383 
0 2.69258e+10 3.36572e+09 4.53613e+13 6.41673e+11 4.30757e+10 2.49391e+10 1.47117e+10 8.83905e+09 5.40675e+09 3.36572e+09 2.13133e+09 1.37237e+09 8.9817e+08 5.97206e+08 
1 2.95101e+09 278568 1.44371e+10 1.19316e+08 5.40439e+06 2.87298e+06 1.55767e+06 861085 485189 278568 162916 97018.1 58809.1 36272.3 
2 3.19922e+09 1.69819e+06 4.40462e+11 1.96937e+09 5.5933e+07 2.67735e+07 1.30644e+07 6.49667e+06 3.29131e+06 1.69819e+06 892076 476949 259447 143545 
3 2.99801e+09 9.00299e+06 9.95417e+12 2.51912e+10 4.70421e+08 2.05262e+08 9.13174e+07 4.14073e+07 1.91309e+07 9.00299e+06 4.31404e+06 2.10416e+06 1.0443e+06 527191 
4 2.60586e+09 4.5643e+07 2.06209e+14 3.02262e+11 3.75405e+09 1.4961e+09 6.07894e+08 2.51739e+08 1.06214e+08 4.5643e+07 1.997e+07 8.89286e+06 4.02919e+06 1.85675e+06 
5 2.24373e+09 2.0882e+08 3.49637e+15 3.11187e+12 2.63998e+10 9.65926e+09 3.60228e+09 1.36885e+09 5.29829e+08 2.0882e+08 8.37765e+07 3.42012e+07 1.42032e+07 5.99807e+06 
6 2.05874e+09 7.45584e+08 3.99168e+16 2.3029e+13 1.39256e+11 4.71814e+10 1.62839e+10 5.72315e+09 2.04767e+09 7.45584e+08 2.76187e+08 1.0405e+08 3.98548e+07 1.5516e+07 
7 1.84967e+09 1.6483e+09 2.39205e+17 9.5543e+13 4.32069e+11 1.36981e+11 4.42082e+10 1.4519e+10 4.85096e+09 1.6483e+09 5.69413e+08 1.99927e+08 7.13243e+07 2.58463e+07 
8 1.56793e+09 1.56793e+09 5.47342e+17 1.58399e+14 5.547e+11 1.65847e+11 5.04429e+10 1.56024e+10 4.90621e+09 1.56793e+09 5.09094e+08 1.67894e+08 5.62227e+07 1.91119e+07 
