t = 40000
b = 200 200 200
E = -0.501428103591264 -0.765544994652573 0.264116891061309
-2.41893732703889 -3.66590264483992 9.68854147136484 -0.815627315962413 -0.0557006241844095 0.575890114768292 -0.569591582192785 -0.09744161203527 -0.816131382549707 -0.22651603607564 0.251282828126243 -0.105712495940323 -0.12957986086229 0.399444333867974 -0.0202677384538375
-2.74042140861138 -3.96220782069497 9.38506300340026 -0.716113972546615 0.563707300278897 0.411600182429751 -0.62470949051412 -0.25461497087715 -0.738179632248744 -0.0617333574712567 -0.771382532621405 -0.182625587258305 0.0477036750572288 0.108504189502642 -0.397883143284783
-3.20388199307146 -4.19637981938126 9.3404120747563 -0.339698498246227 0.935293520667948 -0.0991502095091245 -0.696616653822222 -0.321028181462776 -0.641612049191011 -0.0936676428733139 0.0400110042652027 0.189487248130557 0.248729404932907 -0.296748331673321 -0.250251696879622
-3.65348014345886 -4.23933213966106 9.35159190785849 0.034706783953715 0.786693365697286 -0.616367466036839 -0.858616641491608 -0.292144730797667 -0.421222957983942 -0.403059967114763 -0.289339867299303 0.256904597746672 0.329207412238649 0.196834846760151 -0.203832096272584
-4.15857664059359 -4.25483418885361 9.23507746469045 0.265689070956009 0.640740740895201 -0.72031980433652 -0.893384905074192 -0.117166303062618 -0.43374589908288 -0.140423505623231 0.247370610952608 0.126664092874092 0.121261938816809 0.370199488997138 0.391154025256921
-4.58046523265321 -4.00906634793205 9.11391759889901 0.411037359699697 0.00933739307888318 -0.911570600902004 -0.903949941122554 -0.125252252651409 -0.40888407344447 0.0669586941835387 -0.671471411801073 -0.222305147210049 0.178792315108695 0.112567481963974 -0.0199728077083491
-5.36915777019769 -5.13701760010943 9.07972761318169 -0.484199049753645 -0.300749936280599 -0.821645091473512 0.835838809130135 0.118660527790922 -0.535997253545235 -0.153125535198376 0.422141524197045 -0.105724748786652 0.403114999116731 0.0670589048389771 -0.0900085448108784
-5.00911068256661 -5.37342653440336 8.77524241340441 -0.641861541062883 0.54519731354269 -0.539234032086006 0.719574052020661 0.185216901348069 -0.669259039695342 0.37730452641232 -0.349992863627234 0.391756074942179 -0.077083216269569 -0.0733463483516047 0.0961890078313762
-4.71670604205835 -5.11371527872248 8.31048658605758 -0.76926837217359 0.638657328418088 -0.0185174051198582 0.41634078440584 0.479080754854134 -0.772749621097598 0.325312491895422 -0.469728114651202 0.123557241772824 -0.0187745221961771 0.164505247715613 0.562241447697691
-3.56446410985018 -5.06806578012467 7.7150825821694 0.588053756615042 0.529634314698978 -0.611293849135862 0.496782947486713 0.359910657443617 0.789728376427413 -0.504080236702501 -0.490590461026726 0.127679434492122 0.0218544609026626 0.0688333736786773 -0.191494321576088
-4.05140750390569 -3.97626853812127 8.08634976713698 -0.530354696804526 -0.0707099516938175 0.844821751885479 0.738601604923517 0.45063872569164 0.501390328683756 0.0237305751869496 0.0520671207484514 -0.51859809178856 0.01380979306232 -0.170277927344173 0.294534916245805
-3.87254676832433 -3.55911235845977 8.33865823073779 -0.171052996650731 -0.574819589491052 0.800201935652859 0.581445100589618 0.596771943008129 0.5529780317884 -0.282403148885546 0.264624703366645 -0.598081958108725 -0.017232656686534 -0.431286572797071 -0.357398984725564
-3.71111849483793 -3.19957880617335 8.77562827164537 0.000726461801366344 -0.917428758944571 0.397899269506684 0.523744230427097 0.33930978637195 0.781383853229203 -0.0490898825468012 0.393722246726287 -0.701927290366164 -0.372175300957874 -0.192002367040665 -0.426707256354636
-3.5806002631243 -3.12785329288218 9.29964209828039 0.334505323949119 -0.941677154657931 0.0367451210049513 0.436689071539355 0.189438521532191 0.879440509491268 0.341291188870831 0.101413606250738 0.482537428631348 0.0437448310597753 0.272539302865955 0.167951486248173
-3.56436050343507 -3.28260511298808 9.782800186535 0.832766871201637 -0.456126221680538 -0.313764406284334 0.381424026947254 0.0619234969137549 0.922323748979475 0.336285430191032 -0.197871142658833 0.184516653755071 0.300014952096003 0.366521225436575 0.0502436921924226
-3.47716895050101 -3.56055517909388 10.2453978785397 0.880093132924046 0.0741867446280597 -0.468969392501298 0.466669554155517 0.0468570657563837 0.883189568435516 0.0742911424107295 0.00880961807890876 -0.0292624735312594 0.0626755273989067 0.462428512278118 0.250324082504424
117.305783949378 151.217354323336 104.416285849239 -0.0532674140817012 0.650221843623084 0.757874692330259 0.379190884652373 0.715275575735738 -0.587022205080651 0.388880660219367 -0.251617114885731 -0.196817489155812 -0.274977821958486 -0.418385046247417 -0.224151481204921
148.475598083938 56.4427795548864 118.027226463104 0.442753858512375 -0.772946286842426 0.454447991812363 0.881289309542422 0.281745621314332 -0.379405392017139 -0.5927630533727 0.260305607797292 0.060946626704003 0.327644035356732 0.491393420011733 0.0402405873356342
137.485914294958 37.2179179510001 136.457672917223 0.967541087971365 -0.237033982518882 -0.0876300231894452 0.242748378351533 0.775310353016465 0.583066837690412 -0.0395160788779471 -0.0382061495419343 0.210352145872911 0.557891779374245 0.501294180733943 -0.0855095759797858
76.7925663900427 67.9630735231595 84.8132912975191 -0.0937856637695647 -0.00475855145107527 -0.995580977726212 0.923257751422781 -0.374618530242929 -0.0851821266791047 0.344059846313594 -0.313378614076229 0.288306190585286 -0.106182131391895 -0.307490644477763 -0.119153547826484
105.222048166489 200.03875789692 49.4151549402594 -0.0498683808282548 0.948044154856678 -0.31420591708933 0.996164273776387 0.0245653151861914 -0.0839834568574998 0.00347628045322194 -0.598000225910828 -0.0351428735690108 -0.180563325892636 0.0540171727474663 0.337651283810121
108.215544159274 108.820596270879 148.773903584672 0.969115521769139 -0.224441233629837 -0.10218180445069 -0.104382874515954 -0.748735435063345 0.654598548542911 0.222528461228822 -0.53872670578271 -0.24563011293975 -0.202594013414504 0.205764099916528 0.26398157909378
143.98690227556 47.1344536274895 89.4267481205811 -0.888777946743652 0.31568530036863 0.332289694657663 -0.262215283120246 -0.944838025931806 0.196275469486772 0.457585221209564 0.355710148071137 -0.132419774977635 -0.192183112195422 0.258926499111856 -0.0401125045846371
