t = 10000
b = 20 20 20
E = -0.498468934842265 -0.498468934842265 0
1154.619075649 174.688111979169 -417.336616553399 -0.301237362069275 0.371196954977329 0.878332929846028 0.950176095802696 0.0394428157924789 0.309207910231911 0 0 0 0 0 0
1155.01340588323 175.005543461639 -417.325201650851 -0.257042240943716 -0.321980970438621 0.911184622253989 0.965108500231365 -0.0367948093849299 0.259251994377799 0 0 0 0 0 0
1155.32588695329 175.224437139517 -417.000535355075 -0.177907256243696 -0.763136958659565 0.621265537518288 0.86736666084276 0.176582879035448 0.465288557864383 0 0 0 0 0 0
1155.56178642023 175.32745384587 -416.588951489311 -0.0788190722394216 -0.960923230676846 0.265356287179621 0.739779069219395 0.12204367953425 0.661688859597925 0 0 0 0 0 0
1155.74693666514 175.306868438753 -416.065594765989 0.248672970851658 -0.911052172412477 -0.328854932240187 0.822413247611007 0.0192487881901371 0.568564690389298 0 0 0 0 0 0
1155.92688175884 174.979756427365 -415.668410873567 0.477633055950081 -0.391362318559672 -0.786576174085988 0.750417528476852 -0.283854515280246 0.596908713582085 0 0 0 0 0 0
1156.07924590924 174.572099229757 -415.388683878297 0.748972189965677 0.153119014529265 -0.644666662365939 0.65510181847096 -0.317086815832752 0.685782353268782 0 0 0 0 0 0
1156.43073530125 174.228170681369 -415.16314432109 0.507279507903855 0.6819942368438 -0.526831318803041 0.834241273199565 -0.235307899398261 0.498669799514021 0 0 0 0 0 0
-2302.9845130057 4335.36834573326 -4737.61411414693 0.192459139456696 0.850145265655521 -0.490114657249657 0.537139773559844 -0.509252145042766 -0.672415786221603 0 0 0 0 0 0
-2303.0717793241 4334.61568757993 -4736.27755784283 -0.667600368486976 -0.156940981545094 0.727790599466591 -0.736201908971752 -0.00655749268058957 -0.676730100452502 0 0 0 0 0 0
-2303.50080293827 4334.42741056207 -4736.58998322583 -0.430787165167135 0.492031833635035 0.756522941894524 -0.876633461441999 -0.0290621161407665 -0.480280169570779 0 0 0 0 0 0
-2304.00494247616 4334.25252044934 -4736.5778934803 -0.208154142277552 0.878562709768217 0.429882889452407 -0.894954600319571 0.00624654604515433 -0.446113339206113 0 0 0 0 0 0
-2304.50898622387 4334.16783505456 -4736.35476118379 0.00855948513129162 0.990700260936219 -0.135792521831938 -0.893189384901196 -0.0534819711151473 -0.446488828979758 0 0 0 0 0 0
-2304.99166957093 4334.32036808843 -4736.31954166113 0.270572253237156 0.829902078948396 -0.487906821617456 -0.962143853039344 0.250332507979955 -0.107762315306132 0 0 0 0 0 0
-2305.24278187934 4334.69995700434 -4736.21391417473 0.129404049066727 0.144371021917666 -0.981025713431692 -0.903700520855254 0.424387405437083 -0.0567500716953107 0 0 0 0 0 0
-2305.52503318415 4335.14149292021 -4736.23514861828 -0.0521914373754299 -0.416866736604674 -0.90746792194377 -0.932944537352195 0.344491686208729 -0.104593695873804 0 0 0 0 0 0
1.94023603278534 18.1451327075723 16.8827545953391 0.870884195880232 0.450287811884213 0.196980985874361 0.456933144084821 -0.594160395237987 -0.661955776047132 0 0 0 0 0 0
8.31632320659359 -0.598618491568607 12.5718641315316 0.325889038652631 -0.169844482984748 0.930026381515744 -0.0456075833474735 0.979760520391828 0.194908353453923 0 0 0 0 0 0
7.83020755604366 6.16768242794378 6.43974820058971 -0.00596875047674877 0.925123455110504 0.379619480056731 0.997776200136439 0.0307115199651817 -0.0591552016806612 0 0 0 0 0 0
4.89427496300485 12.0200521403093 4.98247998452528 -0.947005348944299 0.142013718085818 0.288119517112694 -0.304768790739264 -0.680591780350479 -0.666266274637824 0 0 0 0 0 0
4.697400425749 14.4068901942518 -0.994869101895321 -0.800226731407423 -0.0400611806889516 0.598357887158552 -0.277469087577779 -0.859810568557726 -0.428645145259185 0 0 0 0 0 0
18.3866176891632 -5.53248173315377 19.4047593856021 0.821550481466678 0.0728839951623581 0.565457877365777 -0.0560979900793458 0.997316365693436 -0.0470434011324239 0 0 0 0 0 0
13.9961479627893 9.32845302411754 3.08716690822359 -0.855367541549766 0.186092326853768 0.483441723135516 0.127870651187803 0.980217491433604 -0.151072040373335 0 0 0 0 0 0
14.8756741148075 7.57883739937538 12.8745154603082 -0.86197455961709 0.381676441939755 0.333650791094355 -0.440301370262488 -0.889853475749257 -0.119563665999525 0 0 0 0 0 0
11.7697528321102 6.12677440048779 -0.965338563320862 0.737649865567042 0.671919124327097 0.0663121467244334 -0.113901061398136 0.220643281123819 -0.96868105034708 0 0 0 0 0 0
2.10322413396701 9.34058132179875 10.5377487186625 -0.494885110973442 0.0674506317576219 0.866336551546426 -0.843523938432917 0.202158966184394 -0.49759321070977 0 0 0 0 0 0
2.80669363070299 4.4280254678244 4.92666191599787 0.594101489629034 -0.50660396206737 0.624816578704257 -0.45257689959527 -0.852668490106589 -0.261018320033564 0 0 0 0 0 0
12.727777170554 16.6109970650297 0.545235683710181 -0.873230605424152 0.39298660831385 0.288148806413921 0.105340124620257 0.729555895132043 -0.675760015288828 0 0 0 0 0 0
6.54602834265587 4.3409333517456 13.40882910031 -0.909879564224371 0.0353786095603979 -0.413361117586516 0.393312646534165 -0.243454575233181 -0.886586103957533 0 0 0 0 0 0
18.2350384452767 -4.31500236995338 12.5381210251215 -0.0334628612583544 0.995810678558391 0.0850959951394685 -0.345334918040655 -0.0914199222000266 0.934016099429669 0 0 0 0 0 0
12.3739762761645 2.93724247319958 6.66858404068956 0.507175587603815 0.624102389022949 -0.594364415638885 0.813650110620275 -0.574116631155207 0.0914522356307965 0 0 0 0 0 0
-2.86429226440334 8.78984207724569 -1.62392943543238 0.463285478202628 0.435475177678679 -0.771834074597439 -0.444503435984267 0.867646471216033 0.222724643713359 0 0 0 0 0 0
20.1243439194053 -0.496437154413316 3.45926925777458 0.397077763330796 -0.525225294601996 -0.752640387870889 -0.815170466212938 -0.578624666740436 -0.0262778757981263 0 0 0 0 0 0
13.8210070300745 13.5887177632502 9.48782660247284 -0.554061776685123 0.747039700659572 0.36735157624898 0.831753490271018 0.478393649457991 0.281647928544216 0 0 0 0 0 0
21.9415070938329 0.585462097049346 9.77719521845599 -0.481005664497193 0.84153879922122 0.245857611922349 0.81538035256131 0.532451003975143 -0.227267955527977 0 0 0 0 0 0
22.3255209312258 15.9353273689384 7.02427413994591 -0.540662252584732 -0.0159982009762702 0.841087550149658 0.840510643241313 -0.0518889559747516 0.539304437175892 0 0 0 0 0 0
12.8609288995233 -0.556030558614321 15.3043679222621 0.796657311068916 0.30355763475296 -0.522675600041904 -0.483216648810852 -0.19960868030407 -0.852442332712144 0 0 0 0 0 0
5.41743251274236 8.53063386977005 20.74255787502 -0.0995038631002866 -0.104646983045802 0.989519010562051 -0.988143493105573 0.127248068351378 -0.0859083747659895 0 0 0 0 0 0
7.6190718038051 13.9766708451629 13.7013992956663 -0.934962275564392 -0.265981273589208 -0.234732602327872 0.33590207773001 -0.876569409256394 -0.344667720160411 0 0 0 0 0 0
-0.572277638929335 2.63904977624651 15.7336080900588 0.70067409539459 -0.662616790755008 0.264565178705311 -0.713480672753744 -0.65019636795637 0.261132043017086 0 0 0 0 0 0
