#t = 1000000000; extr. Ts: 0.0993833 0.103383 0.104383 0.10505 0.105717 0.106383 0.10705 0.107717 0.108383 0.10905 0.109717 0.110383 
0 1.86795e+10 2.33494e+09 1.88383e+13 1.64849e+11 5.71164e+10 2.89321e+10 1.49627e+10 7.89741e+09 4.25238e+09 2.33494e+09 1.30688e+09 7.45294e+08 4.32879e+08 2.55954e+08 
1 1.09357e+09 103230 2.19624e+09 1.19555e+07 3.68603e+06 1.72856e+06 828138 405213 202440 103230 53713 28508.3 15429.1 8512.14 
2 1.39163e+09 738695 5.87841e+10 1.70692e+08 4.49316e+07 1.89558e+07 8.16721e+06 3.59254e+06 1.6128e+06 738695 345069 164343 79771.8 39449.6 
3 1.52244e+09 4.57187e+06 1.18625e+12 1.94716e+09 4.44964e+08 1.70858e+08 6.70075e+07 2.68307e+07 1.0965e+07 4.57187e+06 1.94419e+06 842910 372450 167664 
4 1.59338e+09 2.79089e+07 2.33023e+13 2.17729e+10 4.32513e+09 1.51292e+09 5.40578e+08 1.97227e+08 7.34482e+07 2.79089e+07 1.08166e+07 4.27425e+06 1.72144e+06 706353 
5 1.69033e+09 1.57316e+08 3.90323e+14 2.17454e+11 3.78945e+10 1.21428e+10 3.97342e+09 1.32726e+09 4.52423e+08 1.57316e+08 5.5781e+07 2.0162e+07 7.4261e+06 2.78621e+06 
6 1.90602e+09 6.90274e+08 4.47472e+15 1.58952e+12 2.46755e+11 7.31517e+10 2.21326e+10 6.83182e+09 2.15072e+09 6.90274e+08 2.25788e+08 7.52442e+07 2.55381e+07 8.82474e+06 
7 2.06123e+09 1.83683e+09 2.70423e+16 6.57228e+12 9.24228e+11 2.56274e+11 7.24689e+10 2.08912e+10 6.13742e+09 1.83683e+09 5.5984e+08 1.7371e+08 5.48541e+07 1.76228e+07 
8 2.06186e+09 2.06186e+09 6.24081e+16 1.08701e+13 1.40145e+12 3.66429e+11 9.76385e+10 2.65041e+10 7.32672e+09 2.06186e+09 5.90495e+08 1.72042e+08 5.09769e+07 1.53567e+07 
