#t = 1000000000; extr. Ts: 0.0993833 0.103383 0.104383 0.10505 0.105717 0.106383 0.10705 0.107717 0.108383 0.10905 0.109717 0.110383 
0 1.89844e+10 2.37305e+09 1.92075e+13 1.67743e+11 5.81013e+10 2.94255e+10 1.52153e+10 8.02935e+09 4.32265e+09 2.37305e+09 1.32791e+09 7.57085e+08 4.39584e+08 2.59816e+08 
1 1.08447e+09 102372 2.17756e+09 1.18562e+07 3.65538e+06 1.71417e+06 821238 401837 200754 102372 53266.3 28270.7 15299.5 8439.45 
2 1.38336e+09 734305 5.86061e+10 1.70046e+08 4.47391e+07 1.8868e+07 8.12652e+06 3.57342e+06 1.6037e+06 734305 342926 163284 79242.3 39181.6 
3 1.50639e+09 4.52366e+06 1.17487e+12 1.92649e+09 4.40161e+08 1.69003e+08 6.62789e+07 2.65401e+07 1.08474e+07 4.52366e+06 1.92416e+06 834498 368878 166134 
4 1.55734e+09 2.72777e+07 2.27906e+13 2.131e+10 4.23276e+09 1.4804e+09 5.28852e+08 1.92899e+08 7.18135e+07 2.72777e+07 1.05675e+07 4.17391e+06 1.6802e+06 689070 
5 1.64375e+09 1.52981e+08 3.81611e+14 2.11988e+11 3.6919e+10 1.18255e+10 3.86813e+09 1.29161e+09 4.40112e+08 1.52981e+08 5.42253e+07 1.9593e+07 7.21411e+06 2.70578e+06 
6 1.83932e+09 6.66119e+08 4.35838e+15 1.54218e+12 2.39132e+11 7.08352e+10 2.14141e+10 6.60441e+09 2.07731e+09 6.66119e+08 2.17688e+08 7.24772e+07 2.45757e+07 8.48403e+06 
7 1.99514e+09 1.77793e+09 2.6238e+16 6.37079e+12 8.9562e+11 2.48288e+11 7.01948e+10 2.02309e+10 5.94203e+09 1.77793e+09 5.41757e+08 1.68059e+08 5.3057e+07 1.70415e+07 
8 2.00576e+09 2.00576e+09 6.07212e+16 1.05753e+13 1.36342e+12 3.5648e+11 9.49861e+10 2.57837e+10 7.12747e+09 2.00576e+09 5.74418e+08 1.67355e+08 4.95871e+07 1.49377e+07 
