#t = 1000000000; extr. Ts: 0.0993833 0.103383 0.104383 0.10505 0.105717 0.106383 0.10705 0.107717 0.108383 0.10905 0.109717 0.110383 
0 1.91975e+10 2.39969e+09 1.93038e+13 1.69122e+11 5.86195e+10 2.97014e+10 1.53648e+10 8.11195e+09 4.36912e+09 2.39969e+09 1.34345e+09 7.66319e+08 4.45167e+08 2.63249e+08 
1 1.09871e+09 103715 2.19659e+09 1.19827e+07 3.69643e+06 1.73409e+06 831104 406820 203319 103715 53982.7 28659.1 15513.7 8559.57 
2 1.33609e+09 709212 5.68557e+10 1.64576e+08 4.32771e+07 1.82453e+07 7.85575e+06 3.45328e+06 1.54932e+06 709212 331124 157629 76483.2 37811.7 
3 1.45333e+09 4.36432e+06 1.14189e+12 1.86584e+09 4.2593e+08 1.63442e+08 6.406e+07 2.56363e+07 1.04717e+07 4.36432e+06 1.85525e+06 804117 355228 159884 
4 1.52319e+09 2.66794e+07 2.24852e+13 2.09281e+10 4.15267e+09 1.45144e+09 5.18177e+08 1.88889e+08 7.02788e+07 2.66794e+07 1.03301e+07 4.07801e+06 1.64079e+06 672607 
5 1.61964e+09 1.50737e+08 3.79772e+14 2.10042e+11 3.65353e+10 1.16928e+10 3.82144e+09 1.27492e+09 4.34041e+08 1.50737e+08 5.3382e+07 1.92709e+07 7.08907e+06 2.65645e+06 
6 1.82328e+09 6.60309e+08 4.31965e+15 1.52904e+12 2.37097e+11 7.02317e+10 2.12311e+10 6.54769e+09 2.05935e+09 6.60309e+08 2.15769e+08 7.18305e+07 2.43533e+07 8.40604e+06 
7 1.9739e+09 1.759e+09 2.59924e+16 6.30676e+12 8.86487e+11 2.45733e+11 6.9466e+10 2.00191e+10 5.87931e+09 1.759e+09 5.35944e+08 1.66241e+08 5.24784e+07 1.68541e+07 
8 1.97436e+09 1.97436e+09 5.97612e+16 1.04087e+13 1.34197e+12 3.50877e+11 9.34945e+10 2.53792e+10 7.01576e+09 1.97436e+09 5.65433e+08 1.6474e+08 4.88132e+07 1.47048e+07 
