#t = 1000000000; extr. Ts: 0.0993833 0.103383 0.104383 0.10505 0.105717 0.106383 0.10705 0.107717 0.108383 0.10905 0.109717 0.110383 
0 1.79539e+10 2.24424e+09 1.8122e+13 1.58494e+11 5.49125e+10 2.7815e+10 1.43845e+10 7.59186e+09 4.08758e+09 2.24424e+09 1.25596e+09 7.1614e+08 4.15861e+08 2.4583e+08 
1 1.1128e+09 105046 2.27145e+09 1.22606e+07 3.77312e+06 1.76729e+06 845702 413325 206250 105046 54587.9 28933.2 15635.8 8612.05 
2 1.43585e+09 762172 6.16094e+10 1.77419e+08 4.66104e+07 1.96398e+07 8.45206e+06 3.71381e+06 1.66558e+06 762172 355741 169300 82123 40588 
3 1.59067e+09 4.77677e+06 1.2627e+12 2.05466e+09 4.68418e+08 1.79581e+08 7.03194e+07 2.81141e+07 1.14726e+07 4.77677e+06 2.02857e+06 878370 387650 174310 
4 1.68146e+09 2.94517e+07 2.49863e+13 2.31933e+10 4.59812e+09 1.60617e+09 5.73067e+08 2.0877e+08 7.76285e+07 2.94517e+07 1.13967e+07 4.49641e+06 1.80808e+06 740748 
5 1.8036e+09 1.67858e+08 4.22366e+14 2.33898e+11 4.06906e+10 1.30233e+10 4.25633e+09 1.41997e+09 4.83392e+08 1.67858e+08 5.94364e+07 2.14525e+07 7.88981e+06 2.95573e+06 
6 2.03519e+09 7.37053e+08 4.79962e+15 1.70251e+12 2.64142e+11 7.82723e+10 2.36707e+10 7.30291e+09 2.29778e+09 7.37053e+08 2.40945e+08 8.02447e+07 2.72175e+07 9.39873e+06 
7 2.19238e+09 1.9537e+09 2.87536e+16 6.9909e+12 9.8312e+11 2.72605e+11 7.70861e+10 2.22218e+10 6.52814e+09 1.9537e+09 5.95434e+08 1.84746e+08 5.8336e+07 1.87404e+07 
8 2.1941e+09 2.1941e+09 6.64378e+16 1.15708e+13 1.49171e+12 3.90013e+11 1.03918e+11 2.82072e+10 7.79708e+09 2.1941e+09 6.28323e+08 1.8305e+08 5.42344e+07 1.63366e+07 
