#t = 1000000000; extr. Ts: 0.0993833 0.103383 0.104383 0.10505 0.105717 0.106383 0.10705 0.107717 0.108383 0.10905 0.109717 0.110383 
0 1.92552e+10 2.4069e+09 1.93804e+13 1.69896e+11 5.88788e+10 2.98277e+10 1.54266e+10 8.14225e+09 4.38396e+09 2.4069e+09 1.34692e+09 7.67939e+08 4.45891e+08 2.63545e+08 
1 1.04591e+09 98731.7 2.1003e+09 1.14429e+07 3.52823e+06 1.65455e+06 792624 387780 193685 98731.7 51347.7 27235.9 14728.8 8117.86 
2 1.3281e+09 704972 5.61802e+10 1.62881e+08 4.28695e+07 1.80855e+07 7.79242e+06 3.4279e+06 1.53903e+06 704972 329343 156862 76139.9 37650.4 
3 1.46442e+09 4.39762e+06 1.14949e+12 1.8815e+09 4.29515e+08 1.64809e+08 6.45887e+07 2.58438e+07 1.05543e+07 4.39762e+06 1.86885e+06 809728 357567 160868 
4 1.53502e+09 2.68866e+07 2.2611e+13 2.10683e+10 4.18173e+09 1.46188e+09 5.21996e+08 1.90311e+08 7.08176e+07 2.68866e+07 1.04109e+07 4.1099e+06 1.65351e+06 677723 
5 1.62477e+09 1.51215e+08 3.76521e+14 2.09458e+11 3.64859e+10 1.1688e+10 3.82338e+09 1.27672e+09 4.35041e+08 1.51215e+08 5.35962e+07 1.93641e+07 7.12902e+06 2.67349e+06 
6 1.81596e+09 6.57658e+08 4.28181e+15 1.51795e+12 2.3552e+11 6.97961e+10 2.11098e+10 6.51374e+09 2.04984e+09 6.57658e+08 2.1504e+08 7.16359e+07 2.43043e+07 8.3952e+06 
7 1.95892e+09 1.74565e+09 2.5771e+16 6.25615e+12 8.79467e+11 2.43804e+11 6.89253e+10 1.98646e+10 5.8343e+09 1.74565e+09 5.31911e+08 1.65001e+08 5.20904e+07 1.67307e+07 
8 1.97164e+09 1.97164e+09 5.97072e+16 1.03987e+13 1.34059e+12 3.50497e+11 9.33875e+10 2.53484e+10 7.00671e+09 1.97164e+09 5.64606e+08 1.64483e+08 4.8732e+07 1.46787e+07 
