t = 30000
b = 200 200 200
E = -0.302442323042156 -0.401856829639474 0.0994145065973176
-5.55969442768574 -4.44168020392544 7.06052861264431 0.20744407022645 -0.404238525400775 -0.890818778460324 0.879900723700913 0.47503782631086 -0.0106625520761302 0.0737290173757855 0.188825359684015 -0.141996316202234 0.439174054638759 0.0249645115358967 -0.128956897821368
-5.1291759932237 -4.45862726458981 7.24048779159183 0.00523050723775731 0.350892317785094 -0.936401150450145 0.962926819188813 0.250798113775244 0.0993588240622142 0.0927263517280003 0.0092026747056887 0.420513689472762 0.0627108492073244 -0.860559069490227 -0.182670962817268
-4.65758560938036 -4.53463723989071 7.07730335747312 -0.295826268902914 0.755074038579546 -0.585106724610209 0.946742412387353 0.31328371813498 -0.0743776752128092 0.0250430132537108 0.238629179069906 -0.218592600796491 -0.350474418160079 0.408043549379125 -0.099324634166128
-4.18413773919676 -4.40334728854475 6.83338707009173 -0.466743884138965 0.882944043380743 0.0505947085092412 0.863930932765484 0.467433193909292 -0.187428507261774 0.052988739608189 0.000280042271084024 0.12971132154085 0.375855363684741 -0.173207110691072 0.0667961644389764
-3.95776927428 -4.24684456424993 6.42778036367506 -0.174150330604756 0.78242766831499 0.597895035187568 0.879035897053591 0.39717501112027 -0.263719095576091 0.296543616618383 0.311058929279679 -0.153106339038601 0.177617671062008 -0.12518147227566 0.312044420049499
-3.56955698364331 -3.91151129974986 6.22716656605907 -0.151122693188533 0.514233140546251 0.844231073103088 0.786054444476725 0.580372784299038 -0.212804644190711 0.234693476393164 -0.416559794701256 -0.366848793174203 0.222708968377472 0.212270088658465 0.135754251484484
-2.22772646469116 -4.69236187744636 6.3050160058246 0.897317145172621 0.408361270609647 0.167519599681008 0.181437579499064 -0.6872387959045 0.703408281736216 -0.258209171031133 -0.164114171206234 -0.0781046624887964 -0.308356217913854 -0.503563032769203 0.399745209225293
-1.85054081296749 -3.91559724198993 6.15055928852756 0.71515367669943 0.0722337112227463 0.695224704322191 0.250235549535892 -0.95517831219754 -0.158165786569365 -0.319998426772205 0.0491934944295202 0.465533040769434 -0.0425317105723631 -0.181429941057359 0.16450577612768
-2.45256264083733 -3.43521867784452 7.06698569591969 0.659488452781394 0.718527247355017 -0.220892316472525 -0.751642616616171 0.634379549440395 -0.18054323911118 -0.0101533263751306 0.0854316320415229 0.280087251090873 -0.338568497432687 -0.348103795362612 -0.0271668833421226
-2.86827987175113 -3.82398151030131 7.23998837151357 0.813990687885775 -0.250309841492524 0.524179364516244 0.286095864879676 -0.612592383092564 -0.736803676600401 0.178393940508957 -0.558997858166802 -0.349469047590005 0.0751057653866684 -0.0398594453695179 -0.420201898013728
-3.72957255570657 -3.41789674200788 7.27752260552834 0.0471151931027182 -0.276793032243076 -0.959773746078363 -0.981845507108408 -0.189571521801887 0.00647259495622893 0.178727648643318 0.00357457493407808 0.194033180706186 0.445666827984899 -0.162728431993528 -0.161842818456341
-4.17022894133939 -3.25876555435886 7.11838028066371 0.16418076720009 -0.852138749816915 -0.496894497714846 -0.98377426992184 -0.178387420548171 -0.0191307738754992 -0.306508188085619 0.230031554309954 -0.218732874302597 0.313919063232568 0.275486002069788 -0.127548019510005
-4.59765764780454 -3.3535442728967 6.90277773552955 0.302237795719532 -0.952901331800869 -0.0251246715809126 -0.914021033078251 -0.282222602405002 -0.291403266227658 -0.0628658903184508 0.0157024796227465 -0.830179144236011 0.0531102414057073 0.0587416861939844 -0.234419209740315
-4.95960087130504 -3.51933620172059 6.52340169647283 0.176784782966961 -0.851191499906335 0.494186300135597 -0.846624978418142 -0.387577453606238 -0.364705040955912 0.013645779736456 -0.36923136870165 0.463034206821322 -0.0972177191625157 0.246656866570762 0.153964801762822
-5.04513097838358 -3.86880885407439 6.28044194032857 -0.543697022443734 -0.124467501654105 0.830000793594281 -0.743482200655041 -0.387402757263583 -0.545117653735478 0.21757011848476 0.283839264221087 0.168080374222392 0.040217020455185 -0.134063194779768 -0.133175529794027
-5.29595313751446 -4.28660491158072 6.16316949704859 -0.63302269632799 0.587724057218117 0.503847819762231 -0.740738498951437 -0.270759558042706 -0.614813478422713 0.315319670287234 -0.509492052365151 0.0261907805325866 -0.0251265293193327 0.36737775681285 0.366437685379701
115.184294178158 53.3466915704176 165.338376249359 -0.0592628730961189 -0.809987535103837 0.583444996422396 0.80321873055615 0.308351406092275 0.509665550503363 0 0 0 0 0 0
111.466239594951 136.169057567064 98.9161786830608 0.969801118828863 0.0237919298255121 0.242733629420497 0.0193828183254106 0.984564689354158 -0.17394446004123 0 0 0 0 0 0
14.4579164116559 181.823766267604 143.049961335743 -0.813184974848181 -0.574103823141203 -0.0955767598180955 0.282128093982019 -0.245206172549937 -0.927511487523345 0 0 0 0 0 0
104.888522012355 84.2573367412407 146.10184064643 0.469799374313449 0.882761323380878 0.00457903092114213 0.875013246572199 -0.464977171820793 -0.1347143443473 0 0 0 0 0 0
130.377594417417 64.3180308663543 50.230448620288 -0.391379404985674 -0.891481571758106 -0.228216441344164 -0.866384800826711 0.273380337599907 0.417900056963702 0 0 0 0 0 0
91.3626520171929 190.910297206109 123.542842494376 0.21476327054002 0.415859485211992 0.883706697718668 -0.605285929918888 0.766776801929954 -0.213734016814643 0 0 0 0 0 0
124.753264493464 53.3768941823623 28.8618005101591 -0.103686677150586 0.634680506595091 0.7657869523178 0.955173323684381 0.278198273193589 -0.101239974963787 0 0 0 0 0 0
140.652463345236 173.048314225459 161.693220297474 0.505262952645905 0.62971832376214 -0.590054327553249 -0.702967898062956 0.696935670916798 0.141833506583139 0 0 0 0 0 0
136.591443307969 96.4751158139176 102.515753120226 -0.431486563066141 0.879730401568534 -0.199734172086967 0.719565159954586 0.469166237192828 0.511965750308118 0 0 0 0 0 0
144.823359604923 146.331978565524 9.57741880275388 -0.743287159011324 -0.667658714289598 0.0419043483713765 0.0571404342235875 -0.125774326410028 -0.99041187001638 0 0 0 0 0 0
170.820732550578 119.711095733744 19.123061099415 0.368894797688851 -0.792458487470181 0.485722276128639 -0.845104622224137 -0.068423537320988 0.530203996952784 0 0 0 0 0 0
121.834406402444 128.911257538659 60.6517281570999 -0.659930005573406 0.657298973751578 0.363937328592602 0.196042154337091 0.618256688001804 -0.761134723831034 0 0 0 0 0 0
39.1054689892648 164.255351778778 80.4937160344092 0.426821224494925 0.432644618066665 0.794129825584635 -0.705886827562961 -0.389520951797152 0.591605538904154 0 0 0 0 0 0
27.2344226782545 83.124430542035 99.9978760673956 -0.266052471015572 -0.225394736203869 0.93723699372409 0.962077936601841 -0.122790187879369 0.243574416252143 0 0 0 0 0 0
20.115252456407 24.3291998308851 155.351793460916 0.756599580966643 0.0797999971081512 -0.648990690297237 0.206950910678696 -0.970726825493395 0.121904651099354 0 0 0 0 0 0
170.213377324405 51.8015956510395 155.022373903386 -0.9052504741454 -0.422789426142398 -0.0420782877644028 -0.402523120595769 0.821703229974529 0.403458672624153 0 0 0 0 0 0
10.601385769765 66.0947577426424 93.4286171920237 -0.337225349796987 -0.750386847295581 0.568505576731862 -0.72433714057305 0.592545461524438 0.352456388024882 0 0 0 0 0 0
106.28604280316 179.804023932928 169.420367456195 -0.182876325338331 -0.267090684522716 0.946159978632966 -0.868438336322413 0.494998949738029 -0.0281212688842269 0 0 0 0 0 0
83.8669808044376 44.661812551536 201.693700676587 0.2355776776561 0.362882240446717 0.901565046930688 -0.959129289773857 -0.062823821406043 0.275905879283211 0 0 0 0 0 0
131.981200040961 92.478523898467 92.3253553531721 -0.928400700639568 -0.308118628001243 0.207689533291124 -0.371036404651279 0.798947573684062 -0.47330193091922 0 0 0 0 0 0
30.9834779398825 27.5268834829168 57.0227288644114 0.522479940306203 -0.375973172598653 0.765283465851292 0.850503457417223 0.293474041684125 -0.436482241147104 0 0 0 0 0 0
