#t = 1000000000; extr. Ts: 0.0993833 0.103383 0.10505 0.105717 0.106383 0.10705 0.107717 0.108383 0.10905 0.109717 0.110383 0.11105 
0 2.01711e+10 2.52138e+09 3.83146e+13 3.26991e+11 5.68349e+10 2.9283e+10 1.5399e+10 8.2618e+09 4.52047e+09 2.52138e+09 1.43302e+09 8.29539e+08 4.88872e+08 2.93178e+08 
1 1.42803e+09 134803 6.14523e+09 3.1906e+07 4.52128e+06 2.1486e+06 1.04277e+06 516679 261281 134803 70931 38050.4 20801.7 11584.5 
2 1.73166e+09 919191 1.71835e+11 4.78956e+08 5.22646e+07 2.23614e+07 9.76797e+06 4.35496e+06 1.98106e+06 919191 434872 209708 103043 51572.1 
3 1.79301e+09 5.38438e+06 3.56256e+12 5.63242e+09 4.86841e+08 1.89809e+08 7.5563e+07 3.07051e+07 1.27312e+07 5.38438e+06 2.32195e+06 1.02062e+06 457107 208522 
4 1.75034e+09 3.06581e+07 7.07316e+13 6.41259e+10 4.39949e+09 1.56394e+09 5.67677e+08 2.10323e+08 7.95098e+07 3.06581e+07 1.20532e+07 4.82987e+06 1.9719e+06 819958 
5 1.72775e+09 1.60798e+08 1.19866e+15 6.4867e+11 3.58024e+10 1.16617e+10 3.87776e+09 1.31586e+09 4.55506e+08 1.60798e+08 5.78653e+07 2.12202e+07 7.92725e+06 3.01566e+06 
6 1.81383e+09 6.56887e+08 1.37883e+16 4.77245e+12 2.1731e+11 6.5472e+10 2.0125e+10 6.30912e+09 2.01652e+09 6.56887e+08 2.18013e+08 7.36939e+07 2.53625e+07 8.8842e+06 
7 1.84704e+09 1.64596e+09 8.31885e+16 1.97949e+13 7.65469e+11 2.15756e+11 6.19984e+10 1.81564e+10 5.41699e+09 1.64596e+09 5.09172e+08 1.60308e+08 5.13506e+07 1.67302e+07 
8 1.73723e+09 1.73723e+09 1.90753e+17 3.26218e+13 1.09203e+12 2.90201e+11 7.85682e+10 2.16632e+10 6.08102e+09 1.73723e+09 5.0492e+08 1.49256e+08 4.48584e+07 1.37034e+07 
