#t = 1000000000; extr. Ts: 0.0993833 0.103383 0.10505 0.105717 0.106383 0.10705 0.107717 0.108383 0.10905 0.109717 0.110383 0.11105 
0 2.03747e+10 2.54684e+09 3.8604e+13 3.29749e+11 5.73489e+10 2.9555e+10 1.55457e+10 8.34226e+09 4.56537e+09 2.54684e+09 1.44768e+09 8.38107e+08 4.93955e+08 2.96237e+08 
1 1.46961e+09 138727 6.10238e+09 3.20029e+07 4.56551e+06 2.17652e+06 1.05999e+06 527204 267699 138727 73345.3 39547.5 21738.9 12177.6 
2 1.71055e+09 907985 1.68868e+11 4.71553e+08 5.15051e+07 2.20457e+07 9.6343e+06 4.29739e+06 1.95586e+06 907985 429816 207397 101974 51072.9 
3 1.76498e+09 5.30021e+06 3.51926e+12 5.56469e+09 4.80611e+08 1.87298e+08 7.45252e+07 3.02659e+07 1.25411e+07 5.30021e+06 2.2839e+06 1.00307e+06 448849 204563 
4 1.73212e+09 3.03389e+07 7.0506e+13 6.36765e+10 4.36323e+09 1.55034e+09 5.62489e+08 2.08311e+08 7.87155e+07 3.03389e+07 1.19227e+07 4.77549e+06 1.94884e+06 809998 
5 1.69514e+09 1.57764e+08 1.17432e+15 6.36176e+11 3.51216e+10 1.14408e+10 3.80446e+09 1.29102e+09 4.46913e+08 1.57764e+08 5.67717e+07 2.08182e+07 7.77659e+06 2.95811e+06 
6 1.77323e+09 6.42185e+08 1.34304e+16 4.65399e+12 2.12068e+11 6.39132e+10 1.96525e+10 6.1632e+09 1.97062e+09 6.42185e+08 2.13219e+08 7.21034e+07 2.48256e+07 8.69992e+06 
7 1.78572e+09 1.59131e+09 8.03957e+16 1.91313e+13 7.39868e+11 2.08549e+11 5.99302e+10 1.75516e+10 5.23683e+09 1.59131e+09 4.92297e+08 1.55005e+08 4.96553e+07 1.6179e+07 
8 1.69389e+09 1.69389e+09 1.86119e+17 3.18189e+13 1.06503e+12 2.83012e+11 7.66183e+10 2.11246e+10 5.92957e+09 1.69389e+09 4.92301e+08 1.45519e+08 4.37333e+07 1.33591e+07 
