#t = 1000000000; extr. Ts: 0.0993833 0.103383 0.10505 0.105717 0.106383 0.10705 0.107717 0.108383 0.10905 0.109717 0.110383 0.11105 
0 2.05616e+10 2.5702e+09 3.84722e+13 3.31356e+11 5.77492e+10 2.97802e+10 1.56724e+10 8.41388e+09 4.60611e+09 2.5702e+09 1.46121e+09 8.46015e+08 4.98627e+08 2.99027e+08 
1 1.42593e+09 134604 6.10916e+09 3.1636e+07 4.48576e+06 2.13313e+06 1.03623e+06 514080 260381 134604 70995.8 38193.1 20948.7 11710.7 
2 1.68395e+09 893864 1.66781e+11 4.65293e+08 5.07967e+07 2.1737e+07 9.49655e+06 4.23444e+06 1.9264e+06 893864 422888 203918 100188 50135.3 
3 1.72938e+09 5.1933e+06 3.44762e+12 5.44764e+09 4.70541e+08 1.83392e+08 7.29806e+07 2.96435e+07 1.22855e+07 5.1933e+06 2.23834e+06 983290 440102 200623 
4 1.70765e+09 2.99103e+07 6.92206e+13 6.26591e+10 4.29635e+09 1.52694e+09 5.54129e+08 2.05263e+08 7.75829e+07 2.99103e+07 1.17577e+07 4.71095e+06 1.92322e+06 799690 
5 1.67643e+09 1.56022e+08 1.16513e+15 6.30468e+11 3.47866e+10 1.13287e+10 3.76615e+09 1.27764e+09 4.42135e+08 1.56022e+08 5.61238e+07 2.05723e+07 7.68136e+06 2.92053e+06 
6 1.74895e+09 6.33392e+08 1.32759e+16 4.5979e+12 2.09417e+11 6.31006e+10 1.93982e+10 6.08198e+09 1.94416e+09 6.33392e+08 2.10242e+08 7.10767e+07 2.44651e+07 8.57111e+06 
7 1.77769e+09 1.58415e+09 8.02451e+16 1.90751e+13 7.37321e+11 2.07787e+11 5.96988e+10 1.74801e+10 5.21439e+09 1.58415e+09 4.89979e+08 1.54243e+08 4.9401e+07 1.60929e+07 
8 1.68837e+09 1.68837e+09 1.85597e+17 3.17207e+13 1.06165e+12 2.82107e+11 7.63718e+10 2.10563e+10 5.9103e+09 1.68837e+09 4.90695e+08 1.45044e+08 4.35908e+07 1.33157e+07 
