#t = 1000000000; extr. Ts: 0.0993833 0.103383 0.10505 0.105717 0.106383 0.10705 0.107717 0.108383 0.10905 0.109717 0.110383 0.11105 
0 1.98564e+10 2.48205e+09 3.74416e+13 3.20729e+11 5.58306e+10 2.87811e+10 1.51425e+10 8.12768e+09 4.44869e+09 2.48205e+09 1.41095e+09 8.16854e+08 4.81411e+08 2.88687e+08 
1 1.5308e+09 144504 6.51167e+09 3.38833e+07 4.81298e+06 2.28991e+06 1.11278e+06 552140 279634 144504 76166.5 40933.3 22420.8 12511.5 
2 1.79958e+09 955242 1.77805e+11 4.96165e+08 5.41909e+07 2.31953e+07 1.01367e+07 4.52146e+06 2.05778e+06 955242 452139 218133 107227 53686.8 
3 1.83349e+09 5.50593e+06 3.69226e+12 5.80659e+09 5.0062e+08 1.94973e+08 7.75339e+07 3.14708e+07 1.30338e+07 5.50593e+06 2.37156e+06 1.04118e+06 465747 212203 
4 1.80269e+09 3.1575e+07 7.30026e+13 6.61624e+10 4.53714e+09 1.61251e+09 5.8516e+08 2.16742e+08 8.19129e+07 3.1575e+07 1.24097e+07 4.97104e+06 2.02882e+06 843318 
5 1.7659e+09 1.64349e+08 1.21994e+15 6.61766e+11 3.65547e+10 1.19101e+10 3.9613e+09 1.34449e+09 4.65499e+08 1.64349e+08 5.9149e+07 2.16923e+07 8.10381e+06 3.08279e+06 
6 1.83036e+09 6.62873e+08 1.38279e+16 4.79568e+12 2.18632e+11 6.59056e+10 2.02699e+10 6.35837e+09 2.03355e+09 6.62873e+08 2.20152e+08 7.44702e+07 2.56487e+07 8.99138e+06 
7 1.83393e+09 1.63427e+09 8.27588e+16 1.96766e+13 7.60615e+11 2.14355e+11 6.15866e+10 1.8033e+10 5.37936e+09 1.63427e+09 5.05479e+08 1.5912e+08 5.09624e+07 1.66012e+07 
8 1.74685e+09 1.74685e+09 1.91821e+17 3.28054e+13 1.09817e+12 2.91828e+11 7.90078e+10 2.17841e+10 6.11483e+09 1.74685e+09 5.07703e+08 1.50074e+08 4.51029e+07 1.37776e+07 
