#t = 1000000000; extr. Ts: 0.0993833 0.103383 0.10505 0.105717 0.106383 0.10705 0.107717 0.108383 0.10905 0.109717 0.110383 0.11105 
0 2.0237e+10 2.52963e+09 3.81731e+13 3.26941e+11 5.6902e+10 2.9332e+10 1.54319e+10 8.28291e+09 4.53375e+09 2.52963e+09 1.43812e+09 8.32688e+08 4.90821e+08 2.94388e+08 
1 1.469e+09 138670 6.14371e+09 3.22783e+07 4.59795e+06 2.18977e+06 1.06511e+06 528955 268120 138670 73151.9 39346.6 21570.9 12048.7 
2 1.74711e+09 927389 1.71137e+11 4.80154e+08 5.25274e+07 2.24946e+07 9.83455e+06 4.38807e+06 1.99752e+06 927389 438971 211769 104085 52102.2 
3 1.79302e+09 5.38441e+06 3.56016e+12 5.63672e+09 4.87208e+08 1.89938e+08 7.56056e+07 3.07178e+07 1.27341e+07 5.38441e+06 2.32136e+06 1.02006e+06 456701 208257 
4 1.75092e+09 3.06683e+07 7.07101e+13 6.41478e+10 4.4011e+09 1.56451e+09 5.67875e+08 2.10394e+08 7.95362e+07 3.06683e+07 1.20573e+07 4.83163e+06 1.97269e+06 820333 
5 1.72591e+09 1.60627e+08 1.19348e+15 6.46589e+11 3.57105e+10 1.16351e+10 3.87002e+09 1.31363e+09 4.54875e+08 1.60627e+08 5.78225e+07 2.12115e+07 7.92667e+06 3.01646e+06 
6 1.7838e+09 6.46013e+08 1.34369e+16 4.66684e+12 2.12869e+11 6.41814e+10 1.97434e+10 6.19441e+09 1.98148e+09 6.46013e+08 2.14588e+08 7.25999e+07 2.50083e+07 8.76804e+06 
7 1.79601e+09 1.60048e+09 8.08707e+16 1.92422e+13 7.44129e+11 2.09747e+11 6.02743e+10 1.76524e+10 5.26694e+09 1.60048e+09 4.95144e+08 1.55906e+08 4.9946e+07 1.62745e+07 
8 1.69715e+09 1.69715e+09 1.86132e+17 3.18478e+13 1.06636e+12 2.83404e+11 7.6735e+10 2.11597e+10 5.9402e+09 1.69715e+09 4.93315e+08 1.45838e+08 4.38349e+07 1.33919e+07 
