t = 40000
b = 200 200 200
E = 0.237672588027602 -0.0901611251725057 0.327833713200108
-1.61147799548209 -1.23483603305488 5.91232909764314 -0.582711113292104 0.288277209504141 0.759831483951056 -0.548782622770703 -0.82918287856666 -0.106269879429683 0.260407188892538 0.131980855377014 0.0709657713100276 0.305979164855868 -0.428972132018779 0.0535929802464171
-1.71290384602634 -1.73630670440147 6.00976899963124 -0.787384715235312 0.5225695914582 0.327026207759424 -0.569123396134377 -0.820070404922745 -0.0598581488170413 0.0915368394048831 0.0526387285847879 0.667753417649762 0.0188871335108537 -0.0649151502600027 -0.12729019429203
-2.01833582672657 -2.1056531269227 6.29510667048588 -0.706626014243342 0.578912208515101 -0.40686630317633 -0.653340395667693 -0.754602752848587 0.0609993078722006 -0.279730202915948 0.549194209881907 -0.43069878462458 0.614295739072873 -0.238846229599337 -0.651859999115185
-2.42185427323187 -2.20329557582173 6.60167335512006 -0.428229662244009 0.3068275776985 -0.849985879687869 -0.675596565821985 -0.733381544410922 0.0756351721057954 0.587231690723646 0.455890480663474 0.401517067853636 0.104992740605623 0.462767667681321 -0.0936733630093267
-2.89448640303704 -2.30109783782029 6.63610945718276 0.0866483247476693 -0.108449763361928 -0.990318405784991 -0.625324233256386 -0.779761683703838 0.0306787088518437 0.03212972816628 0.197363117479091 0.0939638434779521 0.0726211675469397 0.313287318565831 -0.15278734528499
-3.33776951681079 -2.49265035876982 6.51110343241908 0.558256535414901 -0.39351914526869 -0.730405472415627 -0.723283084434914 -0.662128742414961 -0.196079013629709 -0.0285755757243093 0.0125611236249106 0.0189448285821448 -0.242414325344499 0.637153824163441 -0.20986815384534
-3.87789922575234 -2.40309730616747 6.38270642723484 0.289137643922491 0.937979356481322 0.191295011704779 0.0699091272072025 0.17860734857596 -0.981433640363874 -0.234681674112381 -0.13924941238886 0.0363454046837799 -0.699371673379527 0.171228691269888 0.0685363031245414
-4.00811313537449 -2.12244319231826 5.97992917260348 0.842845362685877 0.433526294264552 0.318851704030072 0.112243196063025 0.437844779218946 -0.89201641051139 0.837296191531461 -0.0176833574572578 0.00673922203283303 0.512473235087376 -0.247124892224276 -0.175286493033505
-3.64468691409891 -2.62632955811597 4.93462628469444 0.519821481043778 0.561274935742607 -0.644015516135796 0.285819680422976 -0.824695795140149 -0.488040794253334 -0.226098002365827 0.465350356783291 0.271815494701105 0.161935524681274 -0.0374424215269687 -0.124695301753637
-3.12471130778493 -3.46606509599354 5.9307208091578 -0.636489615703954 0.311893502753196 0.705410045586722 -0.701982779702743 -0.613159649455355 -0.362291726936231 0.259583605230625 0.0495239192864444 0.34692707707387 -0.10351523147816 -0.3626590802404 -0.300077531435807
-2.68373402894804 -2.84410017721174 5.56404436397684 -0.631956219378378 0.261256648843657 0.729641188375753 0.385826612886448 0.922563330830418 0.00383701640816748 -0.0348493352120108 -0.0718119359022057 -0.0522238993236586 0.119239385904407 0.211323053409407 -0.147362718388095
-2.7801262435392 -2.36964684534385 5.41391655041463 -0.0440329226430387 -0.00561920821322314 0.999014191121467 0.405790958525883 0.913675773748867 0.0230250307571115 0.409599562256593 0.376261103429642 -0.0570605044434818 -0.219788010327052 -0.0439667629930423 -0.0277821437169394
-2.91258787838674 -1.8790505674653 5.5209351334992 0.435465437919529 -0.277507950793857 0.856363831467458 0.288979426704676 0.944043572540344 0.158973367988518 1.20929380851524 -0.118065435623829 0.314293688834145 -0.26703275016468 -0.365670621330925 -0.0497460078781269
-2.89264895178607 -1.40719685192749 5.85911521616945 0.711426724853362 -0.583855697036097 0.391132258378205 0.499161886796879 0.811592705471075 0.303569733276518 0.125736886172233 0.167910505132664 0.0575343950024582 0.410891269449127 -0.242775045895553 0.311785530308717
-2.69522649579662 -1.14155578149555 6.3203765269337 0.834002625558522 -0.473413959533556 -0.283405533291606 0.54730944422964 0.774916899458092 0.316158366902392 -0.469667250888561 -0.248584638807516 -0.134014986583403 -0.550134431391945 0.49643180633201 0.079954660712527
-2.3993773487386 -1.00596561053243 6.71183988085531 0.65180987293812 -0.0492803009142991 -0.756779543980419 0.535707256750083 0.736254153717292 0.413457902219199 -0.55923181555566 -0.407606601424105 0.00325927639188572 0.299846760375866 0.17588794550024 0.00639698201388937
165.602396281721 75.6397069887968 112.254596683165 -0.867209544517054 -0.126537846747757 -0.481596986593521 0.235327085573796 -0.956497121653778 -0.172436251300563 -0.133312125716944 -0.238417815068835 -0.249501342016764 0.560657509722825 0.563970683903824 0.0606069365644918
29.5143289424762 32.3363386618665 77.9833784666074 0.894400867154432 0.278393164719583 0.350062996909228 -0.366661577185213 0.00816236526184081 0.930318517691498 0.485070540688761 -0.133662822663646 0.343591892152597 -0.034942647230389 -0.211363564619425 -0.311334307184942
127.828012458464 171.298897954295 16.0286284107244 -0.214503245834823 -0.720759371812789 0.659161691378211 0.11808423480687 -0.689057199523562 -0.715021770451178 -0.208856035192001 0.453102643306917 0.121191937611064 -0.144461445925923 -0.200270962627512 0.103673416883437
73.7513277262894 79.7319897284682 120.764013955254 -0.237642876236457 0.79418652602706 0.55927942423006 -0.105975390174935 -0.593535073332399 0.797800225262512 0.640599501290651 0.218724321841463 0.131784095704084 0.139292861940201 -0.157661647523179 -0.106033503705589
168.108821401402 3.51203254964086 -2.07248491012865 -0.657072183960674 -0.0686424473568666 0.750695756054701 0.164420128794504 0.958818658291959 0.231587267396764 -0.154458536365224 0.0817175651500081 -0.0349610806427221 -0.0743873068750628 -0.267756603102519 -0.110372953167224
122.793490762742 17.4551387581623 91.7565840451975 -0.07477552371812 0.973027997536171 0.218231566736849 0.800863902049709 0.188990889417012 -0.568242302167057 0.0826126707315995 0.266848971901269 -0.112273569978214 -0.158705812860959 -0.640237326512996 -0.152410422694118
40.5074378966037 103.391703870524 128.369490288404 0.538647509813271 -0.409629329597592 -0.736248991732404 0.552049236782354 -0.48854323823011 0.675697443595158 0.565955413165609 -0.0550818889448107 -0.169830991076936 0.236314328890642 0.371932179086655 0.0616661352878908
169.521224771014 194.290153383006 53.2593040948991 -0.709368722999498 -0.33010215953216 -0.622758699779401 0.225328442307049 0.730974690516522 -0.644129610878606 -0.323007424205117 -0.0464778008336648 -0.0362990769215411 -0.202973571060042 0.218455203704664 0.452167409862395
136.45717445451 25.4847399256833 15.1278747188472 0.68027281121273 -0.730920085379321 0.0546323137615252 0.528927342996407 0.541141637539494 0.653759512514778 0.244872260571726 0.330621088454464 -0.102743607514782 0.297580486276119 0.179826491800948 -0.022551388929607
197.489312885811 169.480084184772 143.526441881077 0.896600256521331 0.0624414868051903 0.438416401851124 -0.382284433686548 0.608859848640036 0.695088581691807 0.652078528505853 -0.419359605598692 0.0737679075440141 -0.466148432393556 0.0715881643079353 -0.316753261892098
100.452069775252 195.509018748913 116.136867163997 0.594047598981992 0.747420754209293 -0.297438426227031 -0.742037125701036 0.651915096773343 0.156165071834491 0.727170599888442 0.178096248505148 7.42979449426765e-05 0.0206479381475128 0.350987937990599 -0.107281624206576
129.228771885466 115.13743129197 73.8075340496503 0.358227880714726 0.121956982796644 -0.925634463491289 -0.897173539866272 0.31932550906213 -0.305140537363387 0.0108467535586486 -0.456448085039319 -0.0615894132090456 0.421352709607303 0.125324455849036 0.155990760211089
48.0934668494094 102.725333826394 62.0297776691738 -0.522481546585133 -0.81004904928121 0.266145574195766 -0.0347060339019668 0.332084813732575 0.94261077905459 0.291457885959756 0.457366018035501 0.136055217982603 0.279069634021299 -0.484769933803976 -0.0354102359313852
164.182886205805 111.599155592815 124.336371424855 -0.565907101203876 -0.0636774996949907 0.822006222995884 0.606314589878764 0.643466390943536 0.467261727736398 -0.40417819951503 0.361603770630114 0.285907495059 0.0258934146925067 -0.566521601457026 0.182727257790429
15.1517307202459 149.526572447868 166.265013247235 -0.151979651306661 -0.449474979740073 0.880269453347241 -0.0850406015744844 0.893259051454795 0.441425239623121 0.249369331763415 0.332231923442721 0.0794969230194345 0.360658577037176 0.413806682749974 0.268572504114682
41.319981556633 134.128418983157 45.367522814498 -0.459204353091338 0.761933393551876 0.45671504063781 -0.878372295113757 -0.312684451029201 -0.361511307709572 -0.370039306053734 0.128456954770451 0.140151582545279 0.12961735242026 0.249260451780561 0.368146529297194
113.825423958371 12.9637272415521 196.749917462209 -0.322066469651135 0.93882318995918 -0.122000331304545 -0.937608764588076 -0.298475749111211 0.178331008232365 0.361791550960198 0.262780529764616 0.230616167484414 -0.418278784013773 -0.248850266243243 -0.480691430966591
194.352416447782 19.3971277971982 -3.938634281985 -0.755782617667233 -0.24322091328282 0.607977065953324 0.535244825659864 0.30541527002872 0.787549611156 -0.152990494983955 -0.218564375181097 -0.224023416974257 0.059745613142109 -0.570010947293139 0.188681159094465
15.1561739104247 131.57329436975 28.0879665258829 -0.967645970656243 -0.220362658095839 -0.122888031402539 -0.0503365807196506 0.64585999822108 -0.761794529954217 -0.221801409936842 -0.66905643383326 0.0713174623620901 -0.3864641021517 0.0675815489155523 -0.00558537868576872
122.337542148182 35.6426082287519 51.380245270204 0.653653858456217 -0.174736671921759 0.736344763245849 -0.681361885080697 -0.559333717116276 0.472114053926176 0.119399948454504 0.0668208101561003 -0.536764504001641 -0.150416054657387 -0.0414504324806353 0.132512408406473
180.049783635155 150.834522261629 60.7393618417582 0.0904832827135743 0.970861672606261 -0.221901473274673 -0.338758999635607 -0.179524362614842 -0.923587151552266 -0.0145737002241166 0.234882451791699 -0.323527549204269 -0.323639899057805 0.260530697101873 -0.0330461484955077
160.571055693651 144.116607613231 25.6428524999791 -0.328382988236699 -0.420159375222867 0.845949534444179 -0.595315588678415 0.787402486356213 0.15998948130251 -0.65194559298601 0.472557894984858 -0.0490971656709908 -0.338466708008088 0.107274751415847 0.199422882073139
59.1218732922682 42.2917988928398 42.1323314499861 0.442880204967249 -0.856182656255545 0.2660982201928 0.862354047793232 0.48800128030264 0.134907681142529 -0.380905218626593 -0.0688107844631985 0.330229901191322 0.015131226677791 0.00184061045037549 -0.405536789432747
161.100389612481 156.17787528817 -19.5418609769193 0.250606533565209 0.34892749654135 -0.9030204139111 -0.292488917030319 0.916484448471179 0.272958382145034 -0.151459640696906 0.508554708043502 -0.121774883598911 0.230114356681634 -0.291884341773521 0.332300769088949
106.542126217741 38.6599452358428 72.1792640831185 0.410710851269825 0.70857847504629 0.573788354712206 0.696353619848448 0.162462782761809 -0.699068925526843 -0.00191368953384765 -0.410361725796387 0.690564495180837 -0.375349965162958 -0.0979544140172749 -0.0175571007558883
71.9116594211781 174.479303062298 127.668382756707 0.687277268076963 0.439192856907357 0.578584074645431 0.389850977326239 -0.89509904722216 0.216365079863171 -0.197696139997688 -0.426965430752783 0.12592608405955 -0.213790554469129 -0.526579609773087 0.299026655788434
166.091107297985 127.73185364303 13.7821460219489 -0.748251935232759 0.593319597202025 -0.296800885776225 0.232200266624318 0.653308016097857 0.720604945731067 -0.270242635066388 -0.331049755622296 -1.57225191541785 0.497182184964306 -0.44590758709197 0.343174046683504
173.759083268684 201.761243632826 196.065996458468 0.316671352519699 -0.738050526653976 0.595819276268049 0.708141020958688 -0.23396211992705 -0.666181596663764 -0.377173274262065 0.084714851569049 0.369100322330462 -0.272004712632563 -0.570913408268326 -0.121562014976569
129.274685814442 141.177491621134 163.294367850116 -0.928941601686384 0.303445554128002 -0.212104161744028 -0.307757236331648 -0.314450953855526 0.898001109530129 0.564124168586571 0.606263540439527 0.272979369695412 0.091126388089001 0.386287933998075 0.541072826304679
144.114814130012 185.959280015464 89.0107511042759 0.402403466246997 -0.826532710708589 0.393592411330997 -0.877575422294668 -0.470684032954007 -0.0912019007104097 0.703744639658604 0.485879933864048 0.537681548000577 0.741834382473519 -0.120240821616039 0.0469508307245685
107.296579136641 123.08210608008 56.7051333972929 -0.989016725594361 -0.0894803175351678 -0.117639685617686 -0.118884258384876 0.00868996030848784 0.992870033490176 -0.103537457743539 0.599753921583041 0.0052914444120434 -0.233466688886089 0.0452015240689121 -0.0721344012301616
-1.45331409996686 137.312927397543 188.216664235892 -0.495728790484028 -0.257236305965953 -0.829507266312106 -0.332933526129578 -0.825870025012256 0.455075618467101 -0.345688214354914 0.23190393673846 -0.0865190941607754 -0.0518000353929681 -0.29194482205256 -0.165235935348014
148.533244826869 46.943584888371 100.805366851071 0.0870065705775917 -0.319658836598885 -0.943529470215895 0.461696097008513 -0.826325326421545 0.322526023458389 -0.226487793396942 -0.162743007869017 -0.0916114330382792 0.190188718352084 0.121065352099061 -0.542909595669164
175.098555266102 183.835594673178 148.492277198841 -0.422138615996756 -0.893881980533249 0.150910169310554 0.134151640166145 -0.226234931230363 -0.96479064258099 -0.00616046286954483 0.316046304907706 0.240441497124831 0.60695144725941 0.204169195857188 -0.370000049481371
21.1985199330009 164.798681075366 72.0950534122462 -0.40399976396213 -0.559927462041042 -0.723370752756102 -0.47200210183393 0.804975781853775 -0.359482803345562 -0.0807411205765918 0.610244002434867 -0.665116461122836 -0.129410899392238 0.0128207600003587 -0.238798266715226
101.057370665933 105.821240961846 164.991591675032 -0.217317576940211 -0.469624916788534 0.855701721790031 0.0260122529248678 0.873555207030476 0.486029387248564 0.410793816555399 -0.704764628824826 -0.350024527864259 -0.174050704354253 0.0253206447744663 0.222736520652364
96.1168077145326 169.355112775462 14.1025204770079 0.804109322808092 0.297585407757495 -0.514636793400379 -0.593450679602163 0.350868407287869 -0.724366994799917 -0.269975706442665 0.0272780717703427 -0.494585579966194 -0.115903489268551 0.00275873827476716 -0.313696676182731
59.1586181566213 119.969879680354 164.189981919306 0.696987995148238 -0.682901594916631 0.218753233607756 0.0752863598482428 0.373062481442524 0.924746567830573 0.222366387631105 0.123824780372448 0.052716898302702 -0.154443541794393 0.00954369472847581 -0.142877647492243
79.5805363869813 186.054494376771 89.1658448555708 -0.415841704556908 0.251053145269449 -0.874098327668515 0.24850237416 0.955931922061982 0.156334863199363 -0.0752642701607596 0.365172643055765 -0.0335186790470456 0.277354967118927 0.0758093925453786 0.191510820115374
179.093460960198 203.66483971955 88.7407153174282 0.177900166448888 -0.5405168214227 -0.822309532812305 0.930895332504466 -0.178483809443956 0.31871200375261 0.015647476279477 0.241817050093384 -0.385894710770472 0.25368388817834 0.117074608717269 -0.479101438535
163.755372107166 119.501620269209 68.1836911808268 -0.764185879309232 -0.565548118939693 0.310121162410518 0.194717200840084 0.256095045716384 0.946837062918777 0.56073484510796 0.251420472712127 -0.484390380286801 -0.0849321256916211 0.00145440228448214 -0.494531996213571
95.1123043834909 165.620085437941 155.921882181467 -0.12905756505904 -0.314810989997714 -0.940339332110422 -0.0542072181050197 0.949091367679373 -0.310301355885053 0.0741607657949203 0.487089840549213 0.618625406198506 -0.231740410769269 -0.405346424464557 0.281081185752753
80.4984948143541 189.620945815919 153.626406058531 0.696807764783707 -0.715066871775703 -0.0560192769483575 0.479226340355245 0.406029912513603 0.778127068794329 0.443574346520688 -0.128265167494213 0.0861884590008304 0.120740410900639 0.283786225968021 0.8608220829487
107.103302191827 92.7811290348624 119.281077820234 -0.85229680969061 0.455107010264282 -0.257813064397602 0.00572000499355891 0.500975685890912 0.865442353354908 -0.187580672932061 -0.00932230925973017 0.113453670173101 -0.634497796268268 -0.214342960740837 -0.267145285359941
50.1311641059755 164.430913590708 63.9912397122461 -0.0186768483090306 -0.610553759782834 0.791754470611417 -0.404153132273458 0.728922876171439 0.552568163553785 0.39528314780303 -0.666182134344067 -0.042227501651984 -0.0641601168055312 -0.639349474999148 0.0299188803693676
184.330134545598 188.430193879417 101.490692286145 0.0734576815841266 0.382876965302698 -0.920874099965297 0.104190488486536 0.915369524313135 0.388899484795491 0.378519902607195 -0.026151947931879 0.387361686609753 -0.193801206913089 -0.435015450666811 -0.510966024297819
28.1967261362598 158.575951132496 170.31015263561 -0.576376199444007 -0.1663229698508 -0.800079388810958 -0.79051058680683 -0.134624346237157 0.597468972556544 0.117412182352625 0.139287974234107 0.0359100393997119 0.303809676008528 0.157965845680055 -0.373545898764946
124.725685494484 43.9918410396399 152.534994289882 -0.342631555419724 0.919611379854228 0.192141416062164 0.939373734869784 0.338278545933652 0.0560750677482833 0.888510148632505 -0.443434144057219 -0.65177245323884 0.503222051727311 0.476924583694016 -0.162466991264039
10.6911510697747 9.05415360292182 151.127485150698 0.573794666648247 0.543056120725803 0.613065723030357 -0.81637434483533 0.439130027561128 0.375096727488898 -0.28062322329258 0.38634612557391 -0.157463783178217 0.0712350253713234 0.0398898722686558 -0.0733067189392711
71.2091059212716 62.2205216501397 114.531406546626 0.316481793458336 0.690260561510304 -0.650676204965954 0.410947548746182 -0.717992041084816 -0.561791237000215 -0.164099815352071 -0.463748795418705 -0.421009407757719 -0.0562034528807581 0.575198189532508 -0.10372422828803
126.978360127621 138.859852090779 176.353829875878 0.254564914286493 -0.964762644792205 -0.0665555839387812 -0.136591037646163 0.0322623655350622 -0.990101983063483 -0.194057413585932 -0.0513631131632263 -0.501863286547202 -0.499315230233831 -0.267565903333376 0.296567710761792
188.869012536026 177.723358851461 115.889184476794 -0.471957013368963 0.739456068715787 0.480063777098774 0.384162839158164 0.662600026722953 -0.642946380920574 0.241256402983477 0.666971056039375 0.230727807286478 0.233133295801708 -0.146479266013648 -0.0680123311500207
81.2047119115736 153.911359885182 100.966384576232 -0.201590513018801 -0.0189783634509706 0.979285941498682 0.798064614117103 0.576461227943375 0.17545699601238 -0.350642384486984 -0.831369606413615 0.40635770955909 0.161314688483274 -0.0235524127551147 0.0902889870957304
21.5509974518559 68.023677150343 121.25637694228 0.99900662475009 -0.0422988623090728 -0.0140146792234147 -0.0388306677186578 -0.672101051092621 -0.739440462443857 0.00884021507077714 0.127625300981495 -0.224715414674064 0.100934787579489 -0.483884049575491 -0.391027355081209
128.491057060577 172.585183393495 60.1100574272842 0.71911491496424 0.590676034786997 -0.366026578798788 -0.243430869877088 0.707497034814043 0.663467541958811 0.591823865333522 0.431664966401395 -0.0624697003453812 -0.216621410442231 -0.464374468142094 -0.269312604304623
139.568180289988 133.402033317554 173.175728179034 0.603923967285519 -0.164176173769895 0.779949940351924 -0.683632072935735 -0.609803063798714 0.400983007097021 -0.416070016689428 -0.0139220750279362 -0.444484333337708 0.136030469120596 -0.128667645535201 0.074447703992968
70.0771681784687 37.3065302609569 141.258584675751 0.637275921371508 0.556117234967043 -0.533491192325609 -0.724811419917702 0.197375187034271 -0.660069149720879 0.228073128712865 -0.482387333713833 0.118826627729238 0.603885240400228 0.0283358908545516 -0.123344408200905
203.218487446425 28.6764971615961 132.865993838637 -0.486022308130706 -0.240882232712447 0.84009400028423 0.750287874240188 -0.607946267421306 0.259748506081026 0.377835322812345 0.423383545205693 0.250652580098669 0.299374112828053 0.220920276185215 -0.105374660576981
60.3274774442114 6.8194193024635 106.049918184874 0.949402409881374 0.278634206052389 -0.144906353109379 0.297736843737854 -0.651700761609535 0.697594987223175 -0.105517715049149 0.363059269653999 -0.223240070202602 0.25134713877043 -0.0634908330249508 -0.215883388393166
45.1686012183291 37.8172169458187 37.1562525672951 0.726527552200639 0.472300844928855 0.499088587067576 0.189618508655309 0.560322593799421 -0.806277422465578 0.306540550060054 -0.216701591164292 0.322610241862058 0.0597016008749451 0.107379221637081 0.125502672802477
81.2315110057565 63.4039619510145 69.4539729922135 0.256216280665826 -0.922846301744322 0.287589590528635 0.90525442004042 0.124766221251737 -0.406137437795609 -0.851910562952462 0.34527409314725 0.0287704487175313 -0.425509618814968 -0.143265899278749 0.0723954317660768
86.8633139066407 43.8467392839847 18.4389155448597 0.53924587663616 -0.807891033709844 -0.237751788081116 -0.557996706164691 -0.131312878063151 -0.819387871947934 -0.189160523750899 -0.280594500876974 -0.129933362305079 0.0111410739123926 0.316434135453302 0.0164678517953374
114.995460554043 90.568106284415 163.574293096749 0.899621925263768 0.379187863130339 0.216556747260273 -0.0947521024552867 0.653623172658334 -0.750865238292726 -0.03879097036564 0.168818825268349 -0.522366726753729 -0.130137456330883 -0.0692085858116172 0.0956584662588024
48.8991153775498 64.6409285203454 147.532969702164 0.558961958762076 0.82700242140851 0.0602359538052511 0.634937658980885 -0.380160850582689 -0.672556166600134 -0.124774153412112 -0.0891501023423513 -0.0691656478942687 0.236881103157815 -0.220894851979239 -0.527235208147448
79.49246883425 28.3170519368389 48.8573786164162 -0.276248615080294 -0.703508263355027 0.654799748398565 0.928325817735615 -0.371687903652661 -0.00769209215922405 -0.135373521487999 -0.213541039655949 0.0231407097087835 0.0243273125387714 0.19669023728752 0.0401532947753659
2.38072199704057 138.518340548066 99.173157931118 0.63112203609859 0.047836856565878 0.774207019888034 0.656347892055581 0.498989872714463 -0.565876732755202 -0.200867788276091 -0.253359661826757 0.0648967577836826 -0.106060182980595 0.0536224420869761 0.197325061259924
76.1254342671745 35.6071966666585 100.629942575046 0.685118706145373 0.668433612730433 -0.289497426537797 -0.364526243177862 -0.0294707019566655 -0.930726603296645 0.165034912439506 -0.156955711518659 0.269480399030741 0.634969040674515 -0.328358194133611 0.595103597509752
59.721456371936 160.537333576137 159.678042654536 0.245944103732797 0.494521521128655 0.833642550604298 0.39913028973291 0.732089524329947 -0.552032464204108 -0.541409645563894 -0.370770464758747 -0.0828482397640763 -0.0576520402818702 0.765848588645242 -0.2001723197682
126.71470784627 125.513493644327 15.5110967364502 0.176419167406544 0.798903804561599 0.575003385184163 0.603691254198173 0.373579842349217 -0.704269013263649 0.289289180224054 -0.0840040675104664 -0.0590709876205205 0.257748775808069 0.25688752446374 -0.250689529789022
178.911639174533 66.5074881708138 39.1821107697921 -0.417117550487964 -0.723264917613046 0.550364177995906 -0.86717778399935 0.135451690668154 -0.479223816205387 0.169544559540206 0.443002727144807 -0.572126256351675 -0.308572741976906 -0.175833304136026 0.0699645790349406
53.1684342219162 131.651832415447 120.820708340922 0.776536976841269 -0.359040780544981 0.517764395482556 0.591881186960123 0.697426808096061 -0.40406982637142 -0.536280541627463 -0.235327087498008 0.602844274082533 0.584028878208532 0.510221730954622 -0.380171768631446
137.556372432768 14.8020633820465 136.470987689817 -0.883685264232907 0.465484434135928 0.0492381726225226 0.217390422954538 0.314973288368192 0.923868551079598 -0.202217473282781 0.158224517917881 -0.318811064762561 -0.176980651543874 0.0327075817219149 -0.292845358121613
1.69054009614071 29.8301148078322 126.841618367149 -0.421586207206522 -0.375958270563387 -0.825178968331821 0.396740557116141 0.741804954634945 -0.540668252566511 0.012654527842971 0.450095737272169 0.282726524330683 -0.147360480017196 -0.6834413326471 0.329361558177666
50.2934215873082 84.7680505312391 128.477135489411 -0.584591109830619 0.806947183256039 -0.0841979405586803 -0.287103058111684 -0.108688081750741 0.951713510058795 -0.0706208655367943 0.490305084241038 -0.329981637819687 0.122884092973409 -0.0590406437097127 0.469099291505289
177.824407632622 176.349151693059 145.087110182985 0.461604849131312 0.601828635197745 -0.651707905910205 0.770529655422143 0.0920044085816745 0.630729039238972 0.479085200739541 -0.453178380618833 0.352655046212356 -0.622554823103766 0.0826305751937535 -0.169948975709398
107.898470569051 135.489288812077 138.738732755433 0.497910570657425 -0.749424163598695 -0.436403827444176 -0.828773517643478 -0.559382117431117 0.0150304307424451 0.0382277062930862 -0.293794324611049 -0.10146021720423 -0.294758224539453 0.125032876712051 -0.473650741517802
168.178227281769 43.7604557626791 50.9239910228774 -0.975855960143688 0.0987632981672631 -0.194809768608167 -0.0804348464912375 0.666738248908726 0.740938760072313 0.345495880944968 0.194574660769707 0.412061621154426 0.0865715634855833 -0.515297519697796 0.281850421455228
119.333693589463 206.167879739711 78.1385914174881 -0.750224906104462 0.509936143710788 0.420865237131292 -0.252091163257122 0.367843318048442 -0.895064914705686 -0.207625958109535 0.310735202207962 0.159035193825086 -0.306220670255262 0.248668173995526 -0.329131803633286
139.642418557768 93.5077257563135 15.7527935473807 0.877986974061767 -0.22527264143452 0.422363458146373 0.331237872272112 -0.351065624211366 -0.875804935171311 0.0724727036489868 -0.569675566450909 -0.135842528760746 0.309928299492815 0.0635774743269154 -0.432620707421474
152.44044475993 68.4550570106133 132.671363176998 0.0329838123229291 -0.998986627286981 0.0306210640267412 0.917873059341742 0.0424010889964102 0.394602442664983 -0.422487628495376 -0.0398388293065055 0.173899291208804 -0.146479437998433 0.394457910437517 0.109537363349845
-1.8272087895821 27.1351508047716 191.397919513293 -0.819144252147611 -0.523861265261775 0.233606239717936 0.551731450914146 -0.830977870329968 0.0711903581071502 0.211852787716876 -0.213570357360489 -0.120322068694235 -0.210129990096453 -0.364982730138774 -0.399377923513069
91.11759012125 53.8036644572424 18.7786061858404 0.137407581850699 0.769993641607912 0.623080093677989 0.655061961398112 0.401200889444476 -0.640258898770626 0.528894089772244 -0.41548806039137 0.359297526811227 -0.42156019189595 0.264448861840375 -0.222965442001359
26.7861109565586 182.471445136599 70.2999898778092 0.609839743949231 -0.35473938363437 0.708699672291683 0.762043197556437 0.0168521647703863 -0.647306777084565 0.248888961001102 0.317333868184495 -0.402028253887418 0.380184807643684 0.292849551785222 -0.258259534193097
151.736082018606 206.169838148924 21.893622128159 -0.370347753662274 0.884888355452597 -0.282515413338406 -0.581056661973623 0.0165986813666329 0.813693751649913 -0.0476007694324805 -0.194768398897587 -0.0736728254609238 0.181039952793653 0.255088262334181 0.239511922509092
182.377000892022 101.746479633165 147.769836423202 0.819202879972716 -0.559101235683184 -0.127719639712875 0.362410315350818 0.677272813731112 -0.640281319912403 0.170944212256784 0.279844474820785 -0.0518552681413002 0.0897026305741238 0.0366428084215023 0.292629574707126
150.383094685423 103.56772001809 129.156334750431 0.763974990597175 -0.057624960182967 0.642667362944044 -0.0692005104884085 0.982942299042269 0.170398371688126 -0.133594119340354 0.341931795697275 0.299260958797853 -0.85524174734629 0.568357840835517 0.298240074650466
33.5962925239372 85.492737573114 50.6327891453836 0.233438851980825 0.469421670731112 -0.851557112844753 -0.699036153924807 0.689765311058296 0.188605739986388 0.213898229849639 0.550690074799286 -0.0218672914145789 0.473448292115599 0.0653627293936126 -0.0324045508213287
16.5836922773087 16.2926764868127 31.5811888775698 0.169132676949436 0.958105187545046 0.231145919326662 0.958300567013368 -0.105054003049677 -0.265750750962201 0.505781329041109 0.14130207071959 -0.556785949149129 -0.333949553650677 0.118321669858118 0.00514705958483683
155.334672474526 25.3279859990871 169.286960273199 0.789770615076733 -0.534313844203369 0.301282286532946 0.329884220035362 -0.0441187849869042 -0.942989825044237 0.524653944615059 0.0336882861720919 -0.141954459462318 -0.110352379794026 -0.215182654549972 -0.332672327582675
37.1314435704039 69.4526614981065 48.3094151838223 -0.286608073410339 -0.663432628187118 0.691167749411987 0.945970244569777 -0.310161315444467 0.0945523540011836 -0.168375073381198 0.262768391014244 0.143108833820255 -0.307829096369695 0.11645637007981 0.495622881297064
59.2127275366592 150.329807064738 82.7127582158662 -0.6832118533177 0.683660228062665 -0.25657395554551 0.715741412552065 0.557343980307329 -0.420810847440435 -0.0682189387840691 0.749090816751431 0.543203203794174 0.479249881661509 -0.300988576509664 -0.481548138976705
35.0539183168246 42.0249921435404 167.548305677453 0.763141306285097 -0.525712238388091 -0.375821571343885 -0.080557003953268 -0.654411576216141 0.751835030030287 -0.440048209431707 -0.397865975229107 0.0495440105855395 0.32244233073899 0.0677831645371887 -0.296852839636426
-7.43354471742967 50.1711273525273 22.5682879480455 -0.692888908957528 0.341431272283028 0.635082311078861 0.289153942771727 0.938430882121444 -0.189043354658522 -0.764073087609843 0.201402005546577 -0.204504720183699 0.0880539336859837 -0.247245101218996 -0.146509877283265
77.2376987627259 161.943499605019 159.750487932383 -0.0858985971536844 -0.972959835667746 0.214407228001292 0.902712770493692 0.0150561444932633 0.429980035808214 0.512366316373877 0.271171163575472 -0.298019666471239 -0.00535791861320278 0.12949846415162 0.169225563886727
190.98131071186 15.5810477444021 146.987893884499 -0.346998155861195 -0.0709763251646442 0.93517620017985 0.162658483118864 -0.986575488641298 -0.0145227271723095 -0.00744704265937604 -0.534147772863511 0.160658951374444 -0.0482391909549979 -0.0428693831310719 -0.859351499783283
114.00864160404 77.9214851094978 61.5764356717148 0.428249099969365 0.736057936478226 0.524234025590911 0.898544722771889 -0.285204152046467 -0.333580389202678 0.451791269955355 0.256048615913151 0.498393991848887 -0.0748111960976035 0.321793424326623 -0.342256189771866
72.9564788662165 39.8559590131526 150.21114788255 0.689990346016565 0.556774498012398 0.46250986509682 -0.256002767831356 -0.409966398876103 0.87543704316319 -0.263882945869033 -0.136777880191444 0.197451715391281 0.125176173087504 0.071676310522015 0.168490939842428
100.096144377218 61.4269527461867 104.394674421937 -0.671227075075534 0.0830636258663119 0.736583010530566 0.639953170353693 -0.436504512830508 0.632395169753072 -0.127743699349867 0.00257264166294857 0.927243314068229 0.0158556661022385 0.621419232213727 -0.579612698524194
129.333341314589 135.229977512251 130.369401148439 -0.044501852087759 0.460934998768079 -0.886317308879883 0.727367506533766 -0.593207990159716 -0.345022668448305 -0.0678339138760499 -0.14072355641256 0.476504510571183 -0.478175608629183 -0.478542215641405 -0.544155875491713
68.1290703343003 115.050759996526 35.1916838244569 0.105686721069881 0.284754639846568 0.952756527353518 -0.0186327162396763 0.958521374604872 -0.284410720407075 -0.0976801520922881 0.290813744023659 -0.0530806558563115 0.0850919177530704 0.0251274615473793 -0.492265531886248
207.283218784133 150.022977688109 86.0385661472207 0.0190444221182567 0.824866906603585 -0.565005965162325 0.695794011968717 -0.416749453690187 -0.584970455991875 -0.0799115591151481 0.343398022207548 0.280236698808803 -0.343690290497079 0.464236625591359 -0.0224878220551662
124.11359961647 159.337182255775 73.728635652295 -0.329084511844551 0.623965601133941 0.708780778386488 -0.861468821118121 -0.505787017737921 0.0452857648616017 -0.516389344590419 0.310241998425743 0.111402800812992 -0.440954760027983 -0.154028799188979 0.26413281788242
76.6547254641001 166.240796797523 42.5788906291091 0.385200452036823 -0.0223877640710053 -0.922561258815921 0.625266059913448 -0.728927940481916 0.278758522102667 0.237289805661838 0.249346768506321 0.0310834345766376 0.230699603996381 -0.028617798027364 0.0855059809348603
29.5010186022246 14.6109123720155 183.912200176172 0.651971813958039 -0.508305125293044 0.562635328897457 0.401313584431132 0.860898435352562 0.312731779065189 0.00158353619513205 0.150620350070272 -0.208946099525591 0.270780153206743 -0.753552933701549 0.642554307521537
165.262310410193 180.141799383966 153.480549488872 0.489458699320552 -0.394157456701602 0.777862452256976 -0.821619327858196 -0.507330346896417 0.259918298751885 0.0903767310478095 0.240052088670707 -0.136112017506614 0.408820546297696 -0.0724661502501709 -0.459498205154741
31.1873733641664 112.720089103787 152.423280918499 -0.248228290729931 0.569658728462971 0.783499512374971 -0.407716544359606 0.672245829120273 -0.617942292388643 -0.0883762891044632 0.0707569861516028 0.0853137715586532 -0.0125784785005337 -0.568474922732168 0.493462226850132
116.385097259332 97.1639010968844 181.136804517908 0.139848020146176 -0.168780157583094 -0.975682110521804 -0.97861551372962 -0.173671676337661 -0.110225496101494 0.162985711916667 0.0548875630721892 0.18597443442471 -0.172765943617591 0.529713125892927 -0.0247029024710636
150.534106674837 130.993947353036 200.349361923314 -0.656132494198577 0.632902631389138 -0.411003965857291 -0.706855161083987 -0.324698848974185 0.628431661853341 -0.331067656136036 0.529695959773646 0.558633482581673 0.183905742314702 -0.240213494398904 0.118936697791353
151.083851193105 133.978553367918 58.6960635854624 -0.996638336252198 0.0569704296868068 0.0588750954869034 -0.0408307727465976 0.277620036936738 -0.959822773179391 -0.673242811163104 0.226659914861577 -0.179980375106348 -0.550803773616131 0.156942892343438 0.499855921938738
63.603663491568 36.1939211578701 23.0684218705276 -0.760758789959416 0.54604356239941 -0.350830895891252 -0.208044996598076 0.306858442332276 0.928738436943231 -0.103830369464566 0.180138436182736 -0.14381474048333 0.308172552504096 -0.344049656949377 0.639561560982214
16.4255271537071 136.689821004351 108.228554821149 -0.244129218838819 0.372192539079107 0.895473899158631 -0.201294497352021 0.883851678837363 -0.422239982189134 0.182057826940988 -0.0692559602848719 -0.361236138765738 0.498924346711833 -0.343941905696374 -0.604073194236159
162.172922974456 155.8861423739 34.1093629394703 -0.137558560053823 0.86369441182108 0.484880825072821 0.567275473446535 0.469993566112207 -0.676242916583275 0.679202953344735 0.461710189509636 0.0671706621075263 0.0350408860536302 -0.078467192941398 0.370601386090518
27.857378893178 178.542812239723 83.9668469230274 0.617665993378608 0.612030933328945 0.49386922028861 -0.199371815602414 -0.485606329618587 0.851138809797485 0.763854021943006 0.136116644355601 -0.314149572192444 -0.101744160567538 0.440660325664689 0.0705326407342095
92.9926974166671 81.1313444285815 194.24252863683 -0.3796242522498 0.0841855467310217 -0.921302365776547 0.274734085596546 -0.94066808382658 -0.199159757922426 -0.225551599584687 0.211390360912388 -0.0144756020269781 0.909498345060056 -0.0835023362465352 -0.539378069998598
55.6668035805772 163.529998068844 99.0796923819493 -0.289959975271408 -0.0957906763458111 -0.952232768378161 0.628493441762705 -0.769418320030915 -0.113979311815773 0.277119052011157 -0.220661406744747 -0.0619496297303756 -0.0790460399139037 -0.369104869510981 -0.115017965503237
162.4475162671 83.4998226987373 78.1544435058751 -0.711429942803784 -0.129598125668 0.690703735513274 -0.525005264225875 0.751362429388869 -0.399779685523654 -0.544947453523576 0.195926969138789 0.0545823764364415 -0.312229095725221 -0.0798287732057576 -0.183224976204598
126.757777265065 83.8160684374141 196.128328715967 -0.982789480224203 0.0101499459140312 -0.184449714070032 0.0287001717381888 -0.977975387300549 -0.206737242764609 -0.64191139550189 0.224188626883046 0.305735969292849 -0.19729368703578 0.292396016383073 0.664988717129974
83.7501338386635 151.494223617257 14.2812322951939 -0.670275074556659 -0.585543438634836 0.455927657935405 0.742103756451237 -0.531866037389636 0.407922063558294 0.134208541654175 -0.71255780581774 -0.0936399895064036 -0.139733451460553 -0.114018342014914 -0.481312888725326
128.226935964514 65.693421134161 135.423374241805 0.774690417751424 0.614746149949854 -0.148127508841786 0.510465588348911 -0.746232556071321 -0.427272459309986 0.556599730484413 0.127811857835506 -0.277738928378228 -0.0244861947165927 0.295984534599249 -0.0410159186612446
147.467773355966 92.2951003049974 52.9699652146273 -0.754581741417877 -0.00698707827742036 0.656168772154096 0.650533132377206 -0.139163859518013 0.746619014786902 0.0743471281534487 -0.0947010733566762 -0.417665601530802 -0.102263467440243 0.172026064445507 0.012356586365485
106.895571797558 200.310348201498 188.040578969087 0.465666566951797 -0.643649028509557 -0.607347064880221 -0.840443292353738 -0.106721087033381 -0.531286741137447 -0.396933931657645 -0.0344824981517851 -0.083310568987138 -0.0436498129495149 -0.136188905114961 0.314021512734486
101.849657537779 188.585676341241 147.666081040718 -0.590977684091935 0.756074424474124 -0.281241346608914 0.501859147898218 0.0716381859989413 -0.861977471353422 0.252061780633149 0.327137363644739 -0.0499586454129103 -0.0883239739431666 -0.0933336064471183 -0.562367045394688
106.478005738271 110.503294078399 179.103627176437 0.948454355407485 0.120002399601928 -0.293314916616755 0.268626711859902 -0.795492679697802 0.54316748550215 -0.584067773541298 0.436640779052909 0.343694986122861 0.29837363603941 0.364224085612964 -0.459744873875636
153.767454627663 172.649522800952 75.5147371277447 -0.241891620504243 0.60540981183025 0.758265945961497 0.247511960293138 0.794119695256673 -0.555078065024489 -0.0915548453560987 0.662133006079784 -0.171515638345905 -0.00373832238407574 0.17116993540176 -0.187402584528556
10.7007667854281 89.0435515306963 76.1363613509859 -0.125571076837436 0.979552382118519 0.157190927506219 -0.724040259887403 -0.198806034630217 0.660486002689017 0.247878230164104 -0.36028268638922 -0.00574897629664472 -0.0780004375612083 0.0696501014186371 0.315531473083188
74.3356627182931 67.6710534415636 32.1583084225589 0.523567512341564 0.0785409028520644 -0.848356223348532 -0.851904788326812 0.0346707987866809 -0.522547666312801 0.164215411035883 -0.754272162808804 -0.324727272552214 0.253949277310579 0.0131271633001321 -0.243901618979472
37.1433570900202 154.077079934341 107.132327411611 0.0601362915663685 0.670424626722484 0.739536593462091 -0.991641892360897 -0.0445982972768161 0.121067001808321 -0.0694761396131377 -0.146591046286349 -0.11886816595066 0.149587185569183 0.0397543108742024 0.101419528674462
188.127599699515 15.7500071499971 33.1541234021877 0.293428400314888 0.924207921246149 -0.244416388485837 0.0342210569256242 0.245352247890465 0.968829757709095 0.0164315810637603 0.121149785107432 -0.292134493259879 -0.300373051253612 0.0685133910517947 -0.48774012366569
81.5819582054951 105.00850199865 162.988482847319 0.235764315891905 0.724723224797208 0.647449905410338 -0.908776937441097 0.400450386207545 -0.117319495773886 0.116390950247676 -0.22734493220868 -0.20226350292027 -0.0749159263279007 -0.338538382392014 0.0768735720063617
40.8799703520411 88.642532706348 111.16429635295 -0.777885550536759 -0.607996654031945 -0.158852359963548 0.599511761355616 -0.793786863148194 0.102410911920357 0.27898810166607 -0.559023333309242 0.476621001319194 -0.348891849963036 -0.0595154808510282 -0.193064839175983
105.078289680615 159.203487083454 81.0142646307264 0.947798832574702 0.216807592602682 0.233819858156239 -0.143519366305871 0.9448594095801 -0.294351416736032 -0.0905308845528545 -0.515324757824754 0.168931505637844 0.0758077415468151 -0.393091004961713 0.126257144941809
77.5913423102612 154.033528198838 116.363821161811 0.05007635845784 -0.34753414426469 -0.936329147587146 0.806342775834891 -0.539120871263415 0.24322816586723 0.428435677933611 0.122777204873228 0.323551325232675 0.405724914830738 -0.0743095115968453 0.0353508361291789
125.321706679211 191.312506664618 91.8967665466157 -0.944541232876949 -0.326554555184753 0.0346973305532328 -0.231733811812163 0.587930677874415 -0.775007609489782 0.116877426621804 0.1503841103028 -0.231382044573368 0.800969464881091 0.39476373583956 0.425261989081377
70.5581279939563 97.3884817885364 116.051275879087 0.516750718945816 -0.282547954744863 0.808167827168267 0.0881241149237544 -0.921403077918049 -0.378484232428543 0.426646400793042 -0.312323187572908 -0.461899836083522 -0.63801170527141 -0.23585821719999 -0.143293639938315
33.3201508695211 94.2647120596415 151.026770766575 -0.801777536135036 0.209668472034056 -0.559635386398168 -0.495947069575209 0.289059069135943 0.81882921069882 0.111225045126542 0.652479349802245 -0.90926610886712 -0.0897943492220837 0.00172532111171863 0.0920664680073318
44.6685715326723 24.766872705695 109.470814857864 -0.878786821418806 -0.264048708816268 0.397507117223949 0.439510442711869 -0.123314183556693 0.889732575506081 -0.60715059557482 -0.485527592550054 0.675358707640937 0.134817964051347 0.353898056387065 -0.0376629409818723
126.485724486539 32.1328437381573 18.9094812736547 -0.584025856817295 -0.568654052453408 0.579263495922403 -0.103995650323335 -0.65531453513096 -0.74816287162607 0.398825806276231 0.0605541197058242 0.205676416475908 0.536204244628731 -0.471609255275998 -0.0531466359829461
150.978168736341 87.327770856041 91.5401166552429 -0.0322126969775562 -0.647331889486452 0.761527176801667 -0.774069914038404 0.498156418000495 0.390711832691324 -0.152712351956389 0.473274054721663 0.0832826689900532 0.136294414311098 0.316872435284361 0.375678138030276
106.238806618907 8.35294758808156 5.9148174001214 0.318885893878052 -0.567255689458117 -0.759297440945537 0.94087205238188 0.286097604012539 0.1814048868575 0.34196107154113 0.0422604770765034 -0.584447061049939 0.615483986989942 -0.106673124022085 0.184885214569749
160.92418349785 182.577669829615 54.3034025479767 -0.0709874108964513 -0.570594727645672 -0.818157875122203 0.221006148344005 -0.808838066546568 0.544919384025311 0.180208434443282 -0.155796483717158 -0.388281126148406 -0.359139719714879 0.244356805791406 0.0203513156610212
72.7593282601107 164.017190845529 201.759867093558 -0.159627707741206 -0.627535657475557 0.762048476419244 0.168897969014647 -0.777925861351529 -0.605231113149657 -0.0438080256754723 -0.0573516986606491 -0.270675421313984 -0.156163081569906 0.26778591361478 0.338497876416338
41.6848986826771 85.8713743436735 188.144438664596 0.556718309293481 -0.767344353732355 0.318193755363954 -0.804708550544073 -0.593236174357061 -0.022691922728179 0.0271920846810846 0.227670895116025 0.328809991704089 -0.336485631214097 -0.198893498387365 0.341456945139144
80.1604195312392 160.195395793891 89.8932394645984 -0.0498383424320571 -0.972890373271003 0.225832524185675 0.525995780113099 0.166647435363009 0.834000539258958 0.274173144745747 -0.293692910946275 0.214782032708243 -0.488196347405184 0.020267229334332 -0.130149982361106
69.8080123859315 135.832667493254 131.067753303902 -0.439009006109331 0.432005954486157 0.787808239470569 0.71928049895716 0.694431122274614 0.0200203580014521 -0.411326139054665 -0.365880136258705 -0.229109368213764 0.553683751206273 0.129022601488003 -0.346489019958782
134.027229359983 90.2487786013755 190.56342436936 -0.367431482169803 -0.225561347464493 0.902283789568208 0.237002278917791 -0.960825117848748 -0.143683134060565 0.326245927646571 -0.115562716043735 0.144928980787216 0.685526967219178 -0.0732573934487162 -0.182010984205893
117.847996145751 95.943487358524 36.5570306101707 0.556380465793942 0.184643928375686 -0.810152643224907 -0.601815631688801 0.761822976097338 -0.239673948566946 0.29590128653193 -0.556498006561617 -0.592358524722337 -0.326965000254531 0.0709253989318093 0.877992370996861
80.0579818276683 86.5350140962931 158.589535905821 0.306371705444337 0.49526126262663 0.812928373032566 -0.154043727270711 0.868534023748985 -0.471082856456036 -0.032905934485145 0.184225178048265 -0.330093690126734 -0.05729179889211 -0.214206608537709 0.0366514289219135
77.5922666291008 40.9436431961964 36.5109006599987 -0.735313793048164 0.381412123657949 0.560212729223574 0.675560448894194 0.346460114531914 0.650832858197759 0.131476838467272 0.40143734648095 0.285215953548997 0.228120483523068 -0.0367838934524772 0.526005460496225
53.5580815746992 44.8125357465863 15.1332463108251 0.217080837694854 0.359262206404364 -0.90763785159056 -0.545648826994593 -0.726323119008397 -0.417997508627015 0.279613626805739 -0.0647006242156703 0.457478948102289 -0.0917020423128654 -0.532557790499548 0.238503424661091
194.256565909659 183.98524807049 88.1747037524532 -0.696430750675992 0.24313051522738 -0.675182655384479 0.0534011346200727 0.955807965428634 0.289100941449638 0.190103836677026 0.0303284920127516 -0.0621387754927526 0.244009908070599 0.430300003936294 -0.975009398169936
152.758906245382 28.2564792600868 143.051453065596 0.205026723107678 0.46817844412411 0.859519010508277 0.128123040378319 0.857779911711224 -0.497793160941526 -0.188243734120864 -0.177335576041995 -0.255679071045908 0.0461376632915754 0.425080052288239 -0.102168588205993
30.2378600713343 19.2673773540818 88.9282450031914 0.140047594141636 0.50144033997109 -0.85378223634381 -0.817702875152856 0.54481386789257 0.18584874128277 -0.0783644616415029 -0.174223021599004 -0.0518460382232827 -0.252257353660636 0.309941114076065 -0.303857394166763
82.0794866019252 51.4292747069734 36.6842145926478 0.82247795609984 -0.568553108950947 -0.016651549707008 0.308328473801163 0.470251352314496 -0.826920285845872 -0.328551205978237 0.234028509161201 -0.383842039728856 0.296586601017243 -0.646739427794321 -0.139557444847171
170.306706271006 122.634273805974 55.700338240019 0.112495133424292 0.638947414748397 -0.760980211036954 -0.110720870226161 0.769132755628797 0.629424780695342 0.0756103859266195 -0.599758490976928 0.014977206435628 -0.0731312052208929 0.475883854331681 -0.104980012227444
215.950613398252 123.89066286697 197.944054389718 0.895276819508007 -0.253774394315681 0.366166432887302 -0.226940407684404 0.447497728758074 0.865010848714704 -0.319010107020631 -0.887842324149254 -0.458467080410608 -0.497482677719787 -0.242135089293497 -0.126035651829806
165.061715379882 158.066547340823 184.392454532513 0.594729842367302 -0.459705524134197 -0.659520350486815 -0.629991450483547 0.24312199600507 -0.737565154460909 0.290379535361261 0.130218999430241 -0.27626783342594 -0.223621866907055 -0.167346815060675 -0.658511482431261
174.848078382032 143.840441521264 84.3895514702017 0.916610074394667 0.364078561408296 0.165144322219875 -0.0937010984934491 -0.205930267142856 0.974070182028494 0.602425995461393 -0.139710443903337 -0.276202830880721 0.215075846741483 0.429684111966509 0.0819372770621134
188.927397843531 93.7898151749134 150.212603912404 0.354340019548618 -0.831411640929808 -0.428015942019791 0.100444669626354 -0.42122575171298 0.901376496621387 0.169413201596924 -0.070051489466846 0.0319561937006774 -0.123719322080399 -0.29835993224729 -0.359361916698552
64.0077092742414 106.143138092138 9.79825267171291 -0.826218539761332 -0.555249030097362 -0.0951909025013917 -0.52804510806912 0.822181393337463 -0.21257016424959 0.188666449699134 0.046216663576641 -0.511474644752445 -0.341856429444325 0.0657390796390697 0.563191338269077
37.795503439069 27.8970377197633 157.110876445761 0.30863466518778 0.94299870351216 -0.124490818023706 -0.950969121175753 0.303152174879258 -0.0612891414071624 -0.495581872718448 0.0829704231368283 0.383920246308023 0.0264724703732585 0.314123232722626 -0.0550678751617124
99.8084148246305 118.992408300371 187.02491769634 -0.915879700827015 0.252610597600383 -0.312013073057602 0.397692964467838 0.677031317499002 -0.619248542527457 -0.489981279134413 0.0249172630319503 0.19770999828388 0.0437022503270608 0.204661723789983 0.252470363134717
-5.94357491930262 33.0127158233525 56.7213806062989 -0.921159760712967 -0.290005161296993 0.259541147707489 -0.381054503476764 0.807671455345506 -0.449960228159225 -0.407099521700073 0.434850617203712 0.430253144640515 0.510713474755564 -0.0789656629105218 -0.225366049438888
162.72279724562 117.950334549498 97.4016262098911 -0.252106691293191 0.912291836805327 0.322747018834895 0.708560558774049 0.401178861596782 -0.580514698094635 0.0235425035772748 0.165003292582699 0.191372871369848 0.203881550850993 -0.135444295676198 0.106031415137455
33.9777564369416 126.196281855779 184.386071137535 0.343663494026785 0.845313586690117 -0.409072456117664 0.495686269082895 -0.533261772355573 -0.685512135509238 -0.144877417282769 -0.135093812114879 0.817785694995003 -0.369116069184409 -0.643335399335528 -0.300000777934208
141.26327549787 44.4519906040728 180.096977012663 0.145941430145821 0.989049810935985 0.0219406020231713 0.513824122043649 -0.0947331554558825 0.852648973930848 -0.434689239489852 -0.0276306639050602 -0.0876931135575692 -0.731671946703394 -0.283956390383084 0.179741594451692
64.2472232547112 192.820827932495 155.285513575888 0.249389320689279 -0.665608084611711 -0.703399401736714 -0.571413580562712 -0.687569246766322 0.448034516020827 0.113555999690802 -0.69287364916629 -0.041582674459868 0.0815505876539794 -0.48804882123627 0.0180583582319823
13.5567134608052 174.917144244225 19.6729045080278 -0.822824517003992 -0.211415967471321 -0.527506396125612 0.184170486888858 -0.977331632344243 0.104422374326793 0.008056284504783 -0.0218872829615348 -0.194238205205072 -0.394182905760153 -0.615723408059872 -0.0299035230594238
88.8312099091284 73.6758801088825 130.147876246813 -0.426804179705007 0.233158627564701 0.873770645716344 0.537480378374124 -0.711631807495029 0.452432164879699 0.411926972935255 -0.570418388356228 -0.368496015542374 -0.0453045511236132 -0.0868590180845902 0.104944781678101
29.247149881018 62.8638432535472 38.5806565531249 0.367685667492806 0.701991418758817 -0.609930465571051 -0.776653956254327 0.592540745427123 0.21378502046722 0.0462970863333571 -0.223087794464145 0.628749511258066 0.193630872513299 0.130918073633961 -0.546808779658615
103.266993174872 80.499281155841 147.171881241333 0.860420363701723 0.0928354953427512 -0.501057055525089 -0.0670143168626033 -0.954111981852536 -0.291854900251766 0.282056188828722 0.423366926821414 0.422443091495107 -0.133533276786965 -0.163330975730277 -0.31979457274513
-0.167972444886992 171.584486985626 83.5307265984645 -0.148476980518761 0.650615844400794 -0.744750650736004 0.961890084027256 0.269873599773051 0.0439952640895471 -0.260956827511539 0.342935138788944 -0.104657704934724 -0.485834408661627 0.084966478501241 -0.547100444973952
175.784313484174 79.096603442741 18.6865269934299 -0.808586269203454 -0.56661184061969 0.158553432422929 0.124555166532835 -0.428207894636136 -0.895055259819194 0.292504011785967 -0.146979352413198 0.152782563186036 0.206358964334682 0.41110497492046 0.091064529338554
105.923606832889 116.103487230045 162.101428238755 -0.165952419465644 -0.229896861041351 -0.958961486745405 -0.979859885079253 -0.0710759683235079 0.186608396451785 -0.108518104752493 -0.257533625193334 0.161903981183279 0.224328635115749 -0.636679091584652 0.034591608668349
99.9542531091029 111.744126103079 101.83548965224 0.844000295661404 0.264051602248877 0.46684059311034 0.409904307152501 0.2437768816622 -0.878948912436008 -0.420288282518566 0.639325427636665 -0.149212430266158 -0.420688153339533 -0.0508166478650291 -0.0488216202903631
36.2356763195549 161.062234062387 43.9065771888837 -0.539838117249646 -0.234967510828505 -0.808309959195122 0.698459890697953 -0.660980183193599 -0.274333425151942 0.51491255623645 -0.099690910744634 0.0123258166849169 0.164006999138472 -0.306178408527068 -0.512836585476924
27.7610339481246 135.025670267497 -6.68894412322246 0.954425711567607 0.234978784809127 0.184001060492189 -0.10817100075009 -0.302245145176489 0.947072747918925 -0.425476815739722 -0.42755481113245 -0.17089787038112 0.106998905237469 -0.261971405631144 0.583381657081211
37.1067291729153 122.65134395794 129.350026151695 -0.616822586994591 0.33810600019854 -0.710784092430381 0.734005026564392 0.573142009527402 -0.36434150529269 -0.00394139819963564 0.0549669073917247 -0.100247766539017 -0.0970071342715077 0.0636503346295683 -0.211795492773613
164.876310646136 196.938797432988 9.40001713804061 0.610914758557468 -0.356369545291497 -0.706953877520511 0.714387184246289 0.633010131108909 0.298243126693378 -0.349595932709719 -0.00781811369390307 -0.550354407830591 0.277998000090714 -0.0644594617842807 -0.166587235329066
112.991209324057 197.819300796805 38.4416896564989 -0.0245135691057094 0.835697354727329 0.548642767948264 0.459682978132873 -0.47792480712382 0.748518043166922 -0.186690018865093 -0.282894107973919 0.247777338382641 -0.134532535598396 -0.264727483545327 -0.383853428648968
21.5947648954553 175.226679419735 180.128991562778 0.789361228782067 -0.572693497381355 0.221203279326135 -0.320861777792688 -0.69202193202042 -0.646647724736208 -0.0473550136832397 0.246568451703987 -0.460517203764242 -0.322513053369345 -0.300364262569572 0.251291236471128
127.72940303345 141.057816160536 161.367842755203 0.363910431008186 0.874512181131071 0.320620530739867 -0.614620118851116 0.484100167988681 -0.62280737020958 -0.122125776878878 -0.385348825511777 -0.498880742541813 0.333974172032186 0.00268717420837583 -0.209798386742479
85.0974677552801 214.846736517218 73.0776823972072 0.578833124533247 0.526245675514289 -0.622910545971277 -0.809553969523899 0.462511949974536 -0.361531355335064 -0.213716607150297 0.552928013429757 -0.0230984411722593 0.0703844395382561 0.375369320414527 0.592605928822702
128.3503665672 164.724915976809 171.87783529122 0.268790541070872 0.0203683098414283 0.962983218390123 0.500723726550565 -0.857018178248894 -0.121636382184013 -0.511146132282245 -0.788350625029134 0.270175238416985 -0.322531968253278 -0.0135408156009548 -0.244872499994042
149.354108521553 125.124069561852 114.83517497199 -0.498262231098498 -0.0587481268063833 0.865033693879071 0.761888201773422 -0.505876410766361 0.404493837279055 -0.523654533846197 0.0723090169213887 0.252990738284577 0.115583353048127 -0.0551650984223446 0.214473917511595
59.0544076282455 120.213534268782 129.033266962633 0.205147406078871 -0.645253383821064 0.735909288818093 -0.721758159284416 -0.607579560243869 -0.331529945212014 0.0151283862191993 -0.164061237753493 -0.0701473262848036 0.187504259145093 0.146706450897199 0.280884244103002
111.520428824101 164.200082625616 168.191402838896 0.791922217384893 -0.584703841507243 0.176012841214406 -0.529302304598098 -0.513595133231603 0.67532132061509 -0.631770594290836 0.09152410379996 -0.543296824010238 -0.221246681714026 -0.0791836271640747 0.309919606416506
184.769172653689 17.7716764233293 166.476715440444 0.195419116207291 -0.421155371920359 -0.885685783300719 0.830025093293353 0.552049621018164 -0.0793688309029724 -0.203046844457322 0.262396052898083 0.517510917759575 -0.182936481723163 0.014169524255104 0.31795229687758
3.76149561421178 198.936893713524 90.7347343337137 0.131155119883521 -0.520626272218236 0.843650719603887 0.746611167398855 -0.507989945962412 -0.42955547933985 0.533193631173811 -0.0523015829506803 -0.260096494430823 0.496011626076099 0.161409188880448 -0.050977138683213
62.5229151348191 64.2462592705583 54.8052226419091 0.529330294300842 -0.823475013774325 0.204201407572057 0.352018000546027 -0.00582121998674589 -0.93597500651725 0.220091531974775 0.45472819067814 -0.0071103510277414 -0.235072224141884 0.404618480553484 -0.226987756784622
85.6458788697361 99.6109058196119 166.459149790085 -0.692338184898918 0.51679209144905 0.503580854903364 -0.278359487412169 0.452588948412732 -0.847159449357243 0.154647447587162 0.289307987235082 -0.213492381839537 0.403131096475331 -0.420560087412334 0.103937240994291
59.308438848986 124.616758988316 66.0192158889868 -0.72792884244663 -0.580701440044344 0.364561851955379 -0.496467127437284 0.813122372404231 0.30389521939044 -0.250604224546582 -0.151284361993992 0.356858393761673 -0.151528094619329 0.0246426230224028 -0.110535763606513
