t = 10000
b = 20 20 20
E = -0.0407183321104138 -0.0407183321104138 0
-1.07803609300401 1.48524194973013 -0.334529619692869 0.626658710788895 -0.76639042367763 -0.141224758855451 0.578268001867503 0.578789712932655 -0.574985638492942 0 0 0 0 0 0
-0.573685233330591 1.77872994331784 -0.464826866177496 0.18202999228844 -0.866379109911318 -0.465029039726836 0.712834648261077 0.442028613826742 -0.544497309873786 0 0 0 0 0 0
-0.0359671255651346 1.79540254007581 -0.455842643485294 -0.1573711844239 -0.493651327534937 -0.85530258693231 0.692452718344219 0.562343048310296 -0.45197284346174 0 0 0 0 0 0
0.483935727649984 1.88984198538861 -0.707346387796957 -0.538867466388852 -0.305930999646304 -0.784874494000444 0.663612290626257 0.419742031753469 -0.619221528170729 0 0 0 0 0 0
0.861424165099353 1.72743484617543 -1.02278059400837 -0.687976559508171 0.499929521120926 -0.526078534819037 0.717386862869864 0.358851358613408 -0.597144615847552 0 0 0 0 0 0
0.934207763491343 1.8177084501942 -1.45961110367398 0.0485476583697772 0.95127311815211 0.30450366581254 0.706488506148372 0.182800819062236 -0.683708838811603 0 0 0 0 0 0
1.09655523792908 2.26347577938607 -1.86339413143806 0.523642712052959 0.570784114880323 0.632458456605237 0.588706263745445 0.294184011336204 -0.752914756709969 0 0 0 0 0 0
0.858975767175248 1.55098998952694 -3.18405860862232 -0.34979055885443 -0.623983474303199 -0.698778305259816 -0.827590416682961 0.55536258453817 -0.0816479046586657 0 0 0 0 0 0
0.711536532331835 1.85353404271556 -3.4901415210749 -0.684622742693083 -0.723431033533751 -0.0891014169196482 -0.677863688768583 0.676849594696017 -0.287011056791769 0 0 0 0 0 0
0.358102660681036 2.06059848553542 -3.82422011114931 -0.444869818353485 -0.708421427588932 0.547932318640158 -0.894668783525628 0.379351034749788 -0.235924696263129 0 0 0 0 0 0
-0.190275777211272 2.01910050720023 -4.03661553237832 -0.359670666913936 -0.266497943271308 0.894212361871972 -0.860490024582826 0.465328682329106 -0.207427154252112 0 0 0 0 0 0
0.170457715817773 1.6741861970226 -4.74536412025628 -0.0672607169086702 -0.973160401483873 0.220078942874546 -0.134110708938401 -0.209758540073071 -0.968512047312888 0 0 0 0 0 0
-0.838206161769067 1.62049971780891 -5.25654962740248 -0.801864720770575 0.46583819525002 0.374175910046867 0.487957991309662 0.871956502805912 -0.0398591151251576 0 0 0 0 0 0
-0.903304556376205 0.931447285098045 -4.02587513348514 0.320634255092947 -0.794252857999011 0.516096885878979 0.847579131457194 0.483820511580119 0.218007353941714 0 0 0 0 0 0
-0.713285324533479 1.17240958785844 -3.70557369585207 0.666479350751966 -0.68098499843623 -0.303421466583125 0.745133719095828 0.595308260061948 0.300638823228543 0 0 0 0 0 0
-0.342837932471519 1.22814839328805 -3.29888625054224 0.413053080587415 -0.349182248771255 -0.841105730052473 0.903213108360223 0.275306319208578 0.329260443334178 0 0 0 0 0 0
-0.0649387672525632 2.59396559588733 -2.53802986904054 -0.175319993541884 0.871953411768089 0.457121390907571 -0.680940105110583 -0.442737801927058 0.583355568997695 0 0 0 0 0 0
-0.202926187588976 2.4950790610482 -1.99204122862617 -0.788593086059645 0.573228929798543 -0.222552106133691 -0.542544321337662 -0.478265366483667 0.690585130419005 0 0 0 0 0 0
-0.179559825636014 1.68769722265632 -1.65394935741865 0.657710888418068 -0.0153581824302871 0.753113778816852 -0.449711718075225 -0.810071066361981 0.376223506827052 0 0 0 0 0 0
-0.150240351799326 1.13937612782997 -1.46020417488589 0.120914550346231 0.577012791849354 0.807735002860441 -0.677320583843723 -0.546899598354927 0.492074736416177 0 0 0 0 0 0
-0.274724234011637 0.769353887854013 -1.01927971957997 -0.202546636929301 0.813623552642115 0.544969241809653 -0.584389541632735 -0.546975825690381 0.59942154448426 0 0 0 0 0 0
-0.250945836893928 0.600989453138516 -0.501132847577047 -0.750133790602564 0.654315885122038 0.0957593061813984 -0.389423421471172 -0.554124445605497 0.735727774137643 0 0 0 0 0 0
-2.33796988815784 2.85673073637652 3.77751610672949 0.347287530611928 -0.682236455713026 0.643385363412848 0.934754514557331 0.196975446806743 -0.295693348396499 0 0 0 0 0 0
4.38912558295109 -2.77163577067721 17.1568108937985 0.0340209827534651 -0.887248898779998 -0.460034714972373 0.380657790696518 0.437109583284608 -0.814883281304878 0 0 0 0 0 0
7.40523138801421 20.0479736764958 11.8519084449432 0.616859170241341 -0.546318440279493 0.566587012090922 0.215459902528357 -0.57515677855378 -0.789158812097975 0 0 0 0 0 0
0.277856135099847 14.5927731273874 3.15065263066042 0.982587154584981 0.0397953531816894 0.181490204940209 0.0369742002279409 0.915378385653212 -0.400893128245775 0 0 0 0 0 0
15.403383873253 16.2617347493727 5.14954820097735 0.825169469561509 -0.489032418362642 -0.282741135305598 -0.562696008118996 -0.667574414275551 -0.487562855197766 0 0 0 0 0 0
11.2576631517794 9.83136689292482 14.4056138238565 -0.839756006031077 -0.407497446874984 0.358825280200574 0.2237042824837 -0.861830146163714 -0.455197937709999 0 0 0 0 0 0
5.8305735261801 15.2258177802292 15.2782566737901 0.867207708225171 -0.0813031403186656 -0.491264156791321 0.460414161428377 0.506687788675655 0.728893816792808 0 0 0 0 0 0
20.6189653046445 2.62104685150634 3.5587808835016 -0.327010049965168 -0.0978346428275266 0.939942919445826 0.351995236670461 0.910446375405042 0.217225068714283 0 0 0 0 0 0
8.4147201283496 10.9765251751475 8.80356574559254 -0.104416530494934 0.382104940648436 -0.918200904316278 -0.286814580172131 -0.895590954890944 -0.340079717896689 0 0 0 0 0 0
2.86422278953385 12.8283908010108 24.1034567801657 0.381086267676657 0.599002100907761 -0.704251136498752 -0.58362048651121 -0.434921427802109 -0.685733463309852 0 0 0 0 0 0
3.4130702051295 8.32409665728583 4.59795293829927 0.936497330589481 -0.241141028710609 -0.254604873861018 -0.166371986513421 -0.944656164106811 0.282745611617086 0 0 0 0 0 0
6.2307998751886 13.3923814366639 6.41780571325462 -0.464845049511652 -0.417033208905925 -0.781026429858386 -0.257723749312079 0.907659389377798 -0.331259537093815 0 0 0 0 0 0
15.0497736216424 15.7357571998188 1.34024743858162 -0.658386706924869 -0.625203403176186 0.419103300140544 -0.5055603940124 0.779839996649596 0.369131712156348 0 0 0 0 0 0
12.4720270862858 5.29329831047192 17.3422608248394 0.4516370268448 -0.589527332373206 0.669687570878189 0.402819038949314 0.804477999631834 0.436522539978725 0 0 0 0 0 0
2.86399706819578 11.3482995396562 11.662359029297 0.776714619881243 0.36544192273088 0.512997560505261 0.0532024452620488 0.773495965661945 -0.631564282584124 0 0 0 0 0 0
9.7426420262857 22.3861491328142 16.0996398385675 0.876427737109344 -0.05069681338447 -0.478857114215876 -0.476722373743939 -0.23156947389945 -0.848004271400277 0 0 0 0 0 0
11.9763343918892 12.5097070958909 17.3167542569507 0.427269898588228 -0.808904933501967 0.4038727536108 0.768457571173976 0.0895581028719411 -0.633602548339425 0 0 0 0 0 0
13.5349388272636 21.5284697269942 0.642674683777812 0.986162017464936 -0.157493025140466 0.0517716726519825 0.164083526612557 0.882619438270682 -0.440521846379856 0 0 0 0 0 0
13.6395741599104 17.6852345470029 4.34884046431869 0.48216322092369 -0.875594132088211 0.0292150034312593 -0.252879497777345 -0.107170316957147 0.961543740516812 0 0 0 0 0 0
3.04370410303494 5.27048824554932 9.25738447035395 -0.580028259042734 0.272647989239633 -0.767613302599561 -0.808873006204589 -0.304280283238637 0.50312807603397 0 0 0 0 0 0
11.9337984501352 3.17591516575469 16.9709194984364 -0.866852546811037 0.140983226524397 0.478215720241537 -0.320660552167773 0.576814697975961 -0.751306551905285 0 0 0 0 0 0
9.99675891611395 15.9727977231769 0.905978317956626 0.714440326704793 0.265799545117824 -0.647244552395682 -0.699525077066626 0.250871386938913 -0.669124877779622 0 0 0 0 0 0
9.68639410884137 2.56011943362793 2.08857382833492 -0.482437954673091 -0.651535327627717 -0.585453045204073 -0.871212844719499 0.287642490638554 0.39780631899062 0 0 0 0 0 0
10.9460439192652 7.7193635645123 -4.43729843315595 0.0642435987610172 -0.608394088639127 0.791030541662228 -0.469605261039011 0.680986776146586 0.561896650275788 0 0 0 0 0 0
20.3273267034054 -2.15479233603286 13.8360101128798 -0.360319935184156 0.142505628833638 -0.921879370238438 0.914675664671536 0.247990038861083 -0.319169637035431 0 0 0 0 0 0
1.10992677693539 9.30429293462991 12.8982044374055 -0.0850217551321785 0.995483051550515 -0.0422468242053393 -0.184713029379752 0.0259178658741811 0.982450630757936 0 0 0 0 0 0
27.9573077139461 22.2412109086479 3.93181270875211 0.592072975255756 -0.804492084509221 -0.0473501412633134 0.80179602562459 0.593962525807466 -0.0658146949835274 0 0 0 0 0 0
14.1948436551981 16.6884543355663 14.6009603441799 -0.627995674662804 0.0938488186060155 -0.772537192432655 0.719466712846558 -0.308368002057606 -0.622315608465027 0 0 0 0 0 0
7.69307265800037 4.45046003389965 20.3917477563579 -0.0240251111753827 0.335098575697358 0.941876654756584 -0.49291313517493 0.815696695707476 -0.302779625952376 0 0 0 0 0 0
5.67149493648842 22.449830620051 4.85726495470765 -0.787292190692865 0.560005766709394 0.258000902908841 0.306212224985183 0.718306489103888 -0.624715777997724 0 0 0 0 0 0
17.2789106590004 14.6217867596167 5.3040317309255 0.96781568815245 -0.0270585734069108 0.250200935748007 -0.150025701410424 -0.860257370235826 0.487287917849326 0 0 0 0 0 0
9.42771547290264 19.6201594463698 8.62646394197535 -0.740082367344688 0.00394171251237704 -0.672504597189128 -0.166850616492509 0.967641844982532 0.189288467754637 0 0 0 0 0 0
6.30341366013533 9.13258594326235 26.2747366998424 -0.951736510441335 0.0629374008182661 0.300393707547471 -0.294755106984269 -0.460215623777951 -0.837449050734689 0 0 0 0 0 0
14.4556499786001 13.3980256664923 1.62946310620494 0.19562546032988 -0.274514026460078 -0.941473641862307 -0.378400080483953 0.864548350234152 -0.330710597184461 0 0 0 0 0 0
5.65058896453593 13.3544380825263 2.14749775877569 0.0183854197386068 -0.982834145867231 0.18357291194769 -0.930724983511174 0.0502502983134692 0.362251009217709 0 0 0 0 0 0
4.40707891530848 4.09665001513631 15.2129087612754 0.876257425323931 0.10404585651169 0.470475574699302 -0.16648225820716 -0.850900456697005 0.498248971496248 0 0 0 0 0 0
12.2895142354065 -1.05971850446295 12.4776661393651 0.490810412036065 -0.375377725271359 0.786254793559566 -0.594013499818045 0.516005383755258 0.617159880825918 0 0 0 0 0 0
10.8839151771983 15.7184461715076 3.62119789266813 -0.634115607142651 -0.756525382297035 0.159895877796353 0.753082088715643 -0.651144409998542 -0.0942244995607686 0 0 0 0 0 0
11.3912835632149 6.10098072001361 12.2762006922244 0.896338833983704 -0.227664403972265 -0.380454334744848 0.392551570114686 0.806402718701115 0.442287099498412 0 0 0 0 0 0
-2.17230330012958 11.3398536057216 -1.27028037031717 -0.162304641274797 0.86940970680536 -0.46667326474858 -0.785106600261852 0.172701874444405 0.594795404433245 0 0 0 0 0 0
18.2018633074182 15.7610837070666 20.4271639550934 0.859551478649878 0.491986389069335 0.138277106444733 -0.510246680368537 0.811033937502602 0.286133249720559 0 0 0 0 0 0
9.18114870267348 16.585138800173 15.9382163038671 -0.691647988877969 0.516146347713179 0.505188994112417 0.521029264330932 0.840979225605952 -0.145884930376637 0 0 0 0 0 0
13.9832458612217 8.63041343417394 10.5445100429327 -0.0969652051623212 -0.821898874986901 -0.561319828263536 -0.968769853281785 0.207257638888538 -0.136121741122299 0 0 0 0 0 0
12.0630654850225 7.81890062861679 0.794518984213572 -0.479782126630997 0.701479910133706 0.527005679376197 -0.102732532357308 0.551607302017342 -0.827753180736383 0 0 0 0 0 0
4.77329544616697 7.74487439344859 16.4899575961809 0.270760017275411 0.197745359606438 -0.942117652552652 -0.962380838516371 0.0325992228421822 -0.269741159714299 0 0 0 0 0 0
12.1798430676669 18.2872049557139 17.1012778539366 0.5957004956522 -0.490693616069721 -0.635893547790895 -0.795249452438346 -0.471481548475084 -0.381160550338522 0 0 0 0 0 0
19.7261443493174 -3.59283882561686 1.9184738186017 0.930080132125608 0.0417213475380494 0.364979667903633 0.361822200550634 -0.275847399899975 -0.890501430104795 0 0 0 0 0 0
17.3767095761095 2.82429445782093 15.7879488271309 0.204977337369381 -0.977268282016303 -0.0541386255069764 -0.871010794630428 -0.156900724321676 -0.465534361857426 0 0 0 0 0 0
6.61552346830542 17.0255766670478 0.457688174638057 -0.777481556297359 -0.598760117096599 0.1923763897176 0.248594516324339 -0.0116136948228768 0.968537954523639 0 0 0 0 0 0
8.86481060002631 18.0771052936702 -1.2589346328954 0.175400669985005 0.588016700605237 0.78960172668701 -0.656880259617392 0.667301989450295 -0.351021813103284 0 0 0 0 0 0
20.7513475964495 11.89026072616 0.161957333827655 -0.170904505577576 -0.161614578628222 0.971942519829483 -0.365875854403828 -0.905511672245234 -0.214903348341632 0 0 0 0 0 0
18.1822127649365 7.90246395039595 5.65541926147055 -0.702367933194529 -0.080245352864657 -0.707276361348241 0.597647278099082 0.473243731653085 -0.647192404869383 0 0 0 0 0 0
8.872337306721 7.9554046303173 15.8783348569092 -0.635116089744377 0.609352758829061 -0.474675355279422 0.549887315113408 0.788262645777041 0.276162808524803 0 0 0 0 0 0
11.2081553363226 1.74035416983245 11.8223601902387 -0.766842816247772 0.145595494724151 -0.625103135812761 -0.636276512231499 -0.0445487187238466 0.770173676952082 0 0 0 0 0 0
5.14299455332739 2.72796732136177 19.4392164040287 -0.900904843406398 0.422533029879652 0.0991776379092299 -0.245124193352405 -0.306774407712306 -0.919675749715986 0 0 0 0 0 0
6.33449780192433 -1.71231605731104 13.7366263601848 -0.319340819307232 0.935258998995469 0.152682778945028 -0.0367431392275778 -0.173217967289293 0.984197826605705 0 0 0 0 0 0
6.34138798931322 15.7055522111353 6.26446728369966 0.748789829596452 0.425611057005153 0.508103258829076 0.166053131324782 0.621684423562787 -0.765463756124828 0 0 0 0 0 0
17.7120996503379 13.3933946520528 7.31408886664442 -0.786220166181306 -0.594965534678419 -0.166954442359427 0.534039087539087 -0.518263950373977 -0.667985511469528 0 0 0 0 0 0
10.0714572183601 7.86804132384913 11.8830921192969 -0.586121233505546 0.800690065085196 -0.123924479115887 0.708418939518906 0.432218949955369 -0.557968895630372 0 0 0 0 0 0
10.1872706944063 16.0867139806804 -1.47482840095235 0.545376016098313 -0.343585382226195 0.764535140493022 0.734643630544206 -0.243221232027492 -0.633357763222802 0 0 0 0 0 0
8.67695297757744 4.2406506366945 7.81694902411225 0.369313962390111 -0.375698344536829 -0.849975204763653 -0.913567131732518 0.0208346582735546 -0.406153780820881 0 0 0 0 0 0
7.65356559216318 9.75245071308349 3.87762865583398 0.081963828133307 0.964904750667221 0.24948095076988 -0.68232740166296 -0.128129640372813 0.719730501608489 0 0 0 0 0 0
17.6773208571541 11.2636642202059 5.11303830893725 -0.782748032664361 -0.456464233858867 0.423019888653968 0.596417480584948 -0.3560761564385 0.719371847915927 0 0 0 0 0 0
11.3765292120518 11.4022854292013 10.1503521908804 -0.280400842358687 -0.0742295950677126 0.957008472411918 -0.683495095205086 0.715455442903598 -0.144768456030087 0 0 0 0 0 0
18.0588625958504 7.82360197580022 12.0698564253133 0.58347742319977 -0.568779123248097 0.579693302470669 0.662407783274863 0.746275138015447 0.0654927035512073 0 0 0 0 0 0
20.9564694439653 7.6672043522071 4.28474793748843 -0.204628263200283 0.672812914323644 0.710950062221675 0.527027529641977 0.687782271763887 -0.49919682173346 0 0 0 0 0 0
11.0658534242821 -1.23224615995545 3.70897024714771 0.68563101708327 -0.695108303964597 -0.216181619391076 -0.350305816758488 -0.575382767718512 0.73906726731369 0 0 0 0 0 0
10.8188860971934 6.16600138805307 1.25018350579254 -0.875134110610559 -0.260069022155676 -0.408049361002311 -0.198891872014073 -0.575423382306187 0.793303141683175 0 0 0 0 0 0
15.9947229205463 10.2827585995015 3.22513900645335 -0.559068043107408 0.82519999512792 0.0805472109003041 0.677646287829669 0.510745321711977 -0.529088496215651 0 0 0 0 0 0
8.78810304150308 14.8427576131818 17.2209293581184 0.322228598922064 -0.776733610156544 -0.541159478898205 -0.779582550211569 -0.542025894939861 0.313781599896686 0 0 0 0 0 0
1.90463453205977 10.4759710687197 14.517099453276 0.0941616301167666 -0.994418124759194 0.0476044035468465 0.994118664849764 0.096487358420954 0.0491747065349684 0 0 0 0 0 0
23.5489618751827 5.6283720148601 5.12378318258619 0.661299316631614 0.575021564907008 -0.481698384802869 0.739888781071554 -0.605726336775947 0.292677503593233 0 0 0 0 0 0
3.84778142726982 21.2121034005225 -3.52191786552995 0.387162135022862 -0.0881236542748429 -0.917790599471501 -0.449767879613997 -0.887003590941945 -0.104563180447396 0 0 0 0 0 0
6.35008083062204 22.3736720704722 -2.69701835051943 -0.703626716586671 0.317726606146331 -0.635577800333769 -0.50654533125363 0.402995764989294 0.762237588247144 0 0 0 0 0 0
18.5422606508596 12.0135585312645 9.64952832299545 -0.658815670583391 0.635961160896709 -0.401889590595701 -0.545441467524683 -0.0358680300650514 0.837381018932157 0 0 0 0 0 0
6.06821720099197 0.557521987955072 15.7821842605272 -0.120313738505171 -0.881455865302699 -0.456683846071293 0.615048920372319 -0.427285332804961 0.66267787987353 0 0 0 0 0 0
2.02500063754887 9.31588126579159 20.0423725049766 -0.14508626933518 -0.848813674019675 0.508394815007788 0.172569173852233 -0.527664914899519 -0.831738860341534 0 0 0 0 0 0
3.33148267715899 17.0404389751774 4.93194934692825 -0.615591873720191 0.564289684618277 -0.550112457223744 0.78537827446343 0.496881272182606 -0.369174589560906 0 0 0 0 0 0
3.73633080695316 2.92040145905789 23.8135765717675 -0.386039553191376 -0.922280740193284 -0.019279051601963 -0.761338528154816 0.330335880282198 -0.557890442241394 0 0 0 0 0 0
8.22964709297443 9.36990002584799 17.4496746409094 -0.570818315762126 0.806686053029886 0.15304907906554 0.519730494315183 0.210683601865287 0.827944756168004 0 0 0 0 0 0
8.19542675917726 11.0243182562126 15.8166548359253 0.650973396360927 0.40962822489807 -0.639091742546128 0.00824037947954878 0.838043751376246 0.54554076973103 0 0 0 0 0 0
-2.4068614663206 21.1633725036629 17.1202840505183 0.930789864731969 0.35249748493532 0.0968279217453114 0.24005602128097 -0.789169619370335 0.565317940227045 0 0 0 0 0 0
3.42114953923591 9.26750725513915 11.8500443180596 -0.658849617077281 0.143220698266323 0.738515332881577 -0.0593861290247007 0.968744042345956 -0.240849041441206 0 0 0 0 0 0
14.1189781954355 10.8457662852772 5.1558672887541 0.513698217034959 0.42828814709088 -0.743426733131072 0.747896842895768 0.20107765828913 0.632627831615168 0 0 0 0 0 0
4.73503514709429 8.23072134165183 19.9872016725763 -0.761885520353322 -0.158792834163803 0.627945199432854 -0.418574126972337 -0.6191430551131 -0.664422684759288 0 0 0 0 0 0
7.49695222641594 11.6837404826425 6.83649675819879 0.497204887087873 0.342283242968962 0.797263680720244 -0.804879839534736 0.525071054475655 0.276529827177867 0 0 0 0 0 0
5.78078074774634 -0.0221873570961604 9.51053064999313 -0.221176532569104 0.426687583350662 0.876937027470785 0.928965728061644 0.365861691863479 0.0562831703187957 0 0 0 0 0 0
12.4725338858897 10.2407965290719 8.53412248869223 0.932925712612378 0.280214958575769 0.226117407309017 0.221749242949962 0.0476386250082479 -0.973939277224044 0 0 0 0 0 0
25.5280501335793 16.7190912862266 11.1679015941836 0.567642465503761 -0.537170945534702 0.623882458335728 0.652110873046935 -0.169192202684983 -0.739002903923773 0 0 0 0 0 0
2.17688838558618 16.6130474468851 19.0512680517379 0.585033894633949 0.315231150080603 -0.747237951916872 -0.690700461486135 0.67655433829915 -0.255356682284453 0 0 0 0 0 0
2.55819036283879 16.3512271222851 14.150968610134 -0.0804763605782789 0.813668828950294 0.575731319190465 -0.9165244768559 -0.287447563519612 0.27813067466779 0 0 0 0 0 0
10.7358056081726 2.0692978725105 19.0746684875284 0.0174421560278937 -0.710412308652076 0.703569516012926 -0.601494992467369 0.554646773870023 0.574952735218887 0 0 0 0 0 0
5.37959243348318 6.63184204899199 11.9909035125814 0.0992207973504723 -0.994069592780952 -0.0445070406981763 -0.451060635547104 -0.00506302854010914 -0.892478879075363 0 0 0 0 0 0
17.168235583408 10.927529065903 7.87446829391646 -0.221851330986715 0.0740016491049349 -0.972268288237713 -0.973685422871796 0.0365053072763528 0.224953196859271 0 0 0 0 0 0
15.3218312136174 17.0230146883384 7.12394593602194 0.17858239893028 0.839395618041826 0.513345193790967 0.117558080007968 0.499792177602116 -0.858130402445248 0 0 0 0 0 0
9.50844811057599 13.0964884151279 -1.64359610596788 -0.474284265129091 0.717739171138269 -0.509808650638674 0.857614354295171 0.245858255303238 -0.451720295761207 0 0 0 0 0 0
9.08606025862346 4.4680949851111 17.7760018540453 0.917921802031461 -0.376842992477137 0.124132276608049 -0.0985248907786986 -0.519562126336862 -0.848733147546391 0 0 0 0 0 0
26.544992174433 9.75375378442908 9.83289290577137 -0.690580100394955 -0.658670662534856 0.298750758599381 -0.720509859266371 0.590564821030012 -0.36345378967443 0 0 0 0 0 0
4.42786534416269 0.0404982427073511 14.5563089697088 0.414163674088858 0.908247124731648 -0.0596287733388328 -0.866591233135218 0.373437170308219 -0.331004851777815 0 0 0 0 0 0
18.7072322894264 9.07971186351876 19.1340460100252 -0.0689870272575467 0.103136000244384 0.992271957470585 0.319502336598621 0.944535942081559 -0.0759611622290139 0 0 0 0 0 0
19.2277741948853 9.22857513904371 10.1327138199439 0.2940958031515 -0.364452836126333 0.883561930728651 -0.749132395418773 0.486200744633961 0.449899320984431 0 0 0 0 0 0
8.38320433939399 10.6002922111945 13.2120372509662 -0.46440592816897 -0.704857377032583 0.53619320393027 0.60571053087794 0.188900479404953 0.772936767600457 0 0 0 0 0 0
15.107593447581 17.6182784031109 18.832105139567 -0.717774994560268 -0.243259011949284 0.652398649703072 -0.288711495531874 -0.748654705783006 -0.596792888247102 0 0 0 0 0 0
17.4216901513516 10.9906393737181 15.9661662413351 0.430964633605141 0.207655757185919 0.878150589033708 -0.651864576962232 -0.601281552171805 0.462096301877977 0 0 0 0 0 0
9.92758074276468 11.4914824564357 14.3900110915301 0.408755381833126 0.792711768951325 -0.452246663768131 -0.584300094970585 0.607968869652397 0.537556673667567 0 0 0 0 0 0
5.2241208989197 13.5756008691524 14.0929345245638 0.5134447105329 0.858084562333531 0.00808589365866262 0.490575367658103 -0.301246488379015 0.817671238026222 0 0 0 0 0 0
8.57555505498272 10.6903353037112 11.0655016936785 -0.236956585470194 -0.687303369575775 -0.686633520792273 -0.17712321559883 0.725479214172929 -0.665061816549344 0 0 0 0 0 0
15.038543499334 19.1067830766063 8.49771394812991 0.119274466730252 0.834037165830932 0.538660905685345 -0.969505023946143 0.214822502766391 -0.117945695726624 0 0 0 0 0 0
10.3394613820893 18.5595080811885 0.500067458993877 -0.934119894362017 0.307069822802234 -0.182011095575166 -0.138428069503929 0.158370257666675 0.97762795318088 0 0 0 0 0 0
13.9824409874288 -0.925598539550022 2.28929007809217 0.88787005388444 -0.0347065705113613 -0.458783284692114 -0.409236806747105 0.396132809734458 -0.821951295730168 0 0 0 0 0 0
8.49185305356969 2.87284249805301 9.59290970500095 -0.81494301923184 -0.564977860535077 -0.129103878147898 -0.012709702517073 -0.205292503192541 0.978618075354047 0 0 0 0 0 0
4.41685489924203 12.256564183665 10.1095478105487 -0.619925799948024 0.729656926026241 -0.288604776672862 0.236769509691921 -0.176715634707579 -0.955359444525256 0 0 0 0 0 0
0.149226199650037 12.6499902473907 15.9050332623335 -0.140156583276857 -0.909184814249502 -0.39209576002987 0.914719530406803 0.0326869498302133 -0.402764974794534 0 0 0 0 0 0
11.2264005051803 8.85012992101489 5.65990423756247 -0.472793856614503 -0.246805561290197 0.845903583226793 0.0935566819833819 -0.968608197120767 -0.2303156537446 0 0 0 0 0 0
1.37203905451126 9.73633611466084 8.77341762593413 0.272833788708143 0.731932985430873 -0.624368299348739 0.542381041176612 0.418999482695007 0.728191006119046 0 0 0 0 0 0
12.2380624284798 19.2981667029723 9.61090207409735 -0.947835165506246 0.277958066176524 0.156037503434456 0.318745748435151 0.821729611160194 0.472399783321892 0 0 0 0 0 0
-1.45349387957785 5.73459744404659 12.215194671442 -0.468862862932141 -0.328721819233731 0.819822831467251 0.534766741880755 0.633074807833744 0.559679147398187 0 0 0 0 0 0
12.6103727159885 -4.05472342031586 11.7230027668834 -0.480230257539992 0.807960544359912 0.341436109852606 0.170013151355561 0.467617356612515 -0.867426909323557 0 0 0 0 0 0
21.0823224098163 25.2665607799044 8.20231340410405 -0.506086981954066 -0.829256158918079 -0.237086803428462 0.861928008269406 -0.476423457143256 -0.173495550067277 0 0 0 0 0 0
20.5122225663359 -5.84978586013769 14.4528505430107 -0.305772352326861 -0.686997327477304 -0.659194870766528 -0.17119394794757 0.720742524791996 -0.671731187201335 0 0 0 0 0 0
-1.45981764833709 -1.44773587082237 9.97725072367989 0.521361025729689 -0.783783739097312 -0.337439898648221 -0.773506101331548 -0.601066805347081 0.201014752124128 0 0 0 0 0 0
7.80073604578193 13.2027668825186 13.3669591650822 -0.333316344635608 -0.658151488460609 0.675082783859619 -0.67069963926869 -0.337707895661917 -0.660390237267773 0 0 0 0 0 0
25.9682620453028 8.24262250381811 13.1957980629285 0.314411595442433 0.411509123802066 0.85545630552156 -0.461538878859468 0.853742200493093 -0.241052040185962 0 0 0 0 0 0
18.9243032083796 19.8057174972426 14.6379482964686 -0.892392830851722 -0.333385395172001 0.304120219273201 0.425909448727069 -0.844954849898266 0.323500245778024 0 0 0 0 0 0
2.74589275355488 9.3288947473695 16.1370765015608 -0.109514982426603 -0.209850796226783 -0.971580669830078 -0.959759725748814 -0.231963929948455 0.158284210325807 0 0 0 0 0 0
11.555765293115 4.16422497285943 21.1953569064176 0.157722112321308 -0.670765752600584 0.724704750121888 0.767227259927119 -0.378788806847546 -0.517572477365929 0 0 0 0 0 0
12.0836871740498 18.0334926847236 21.5652780731633 -0.94743853352841 -0.123177769024018 -0.295275032813895 0.306363624793797 -0.615268777365559 -0.726350870392785 0 0 0 0 0 0
16.2715601831796 9.38472920719985 0.651467186209034 -0.0722009067716068 -0.89678246518337 0.436541196065228 -0.357567310289634 -0.385316807664766 -0.850691762527931 0 0 0 0 0 0
14.5367944054756 3.49087106294095 14.7220614026846 0.944888132726434 0.0023811237085253 -0.32738452570947 -0.3146903592216 0.282450321337935 -0.906196272388096 0 0 0 0 0 0
7.44912209460369 18.8762511886385 10.1479371428274 0.468348581146623 -0.766275118291154 -0.439854521874649 -0.730816951831832 -0.615750857859589 0.294546074408114 0 0 0 0 0 0
5.58409599187106 10.913646628166 5.04206936897415 -0.735477541299318 0.386199630249984 0.556706862190383 -0.645612653976262 -0.648742627333671 -0.402886132136478 0 0 0 0 0 0
6.9401967729856 9.25540280286594 15.13585674798 -0.793298170665218 -0.24550144583958 0.557141759775262 -0.59312215781061 0.518174704640026 -0.616198826828098 0 0 0 0 0 0
-1.22840007142956 13.1561627272251 5.56506509818171 -0.994686239486333 0.0850308426065261 -0.0580424192706505 -0.0843092253487112 -0.996330098874205 -0.0147745634472152 0 0 0 0 0 0
12.7638844250157 14.4405477248792 15.2951944550077 0.420074285726557 0.204432691513432 -0.884163307814065 0.396977220460566 -0.917526552561664 -0.0235391785615011 0 0 0 0 0 0
15.9365011035649 2.4224086517223 -2.67394417309309 0.929980210932629 -0.21661230573744 -0.297011452070336 0.0584018442952153 0.884750831085028 -0.462390706635744 0 0 0 0 0 0
-0.195602053111761 16.5014961501224 10.0383458683509 0.34990170610368 0.658882627620103 0.665914717984785 -0.928061880759603 0.147019468239413 0.342178761478458 0 0 0 0 0 0
13.1272938970915 19.0145594283409 -1.14878749829289 0.572848269613076 0.422159334546673 0.702585409962678 0.809685506853972 -0.424774696793002 -0.404939179698757 0 0 0 0 0 0
11.2053415670461 13.3821483734967 7.48460582561196 0.0544152474530257 0.76004073736668 -0.647593242738922 0.157309055465555 0.633929896648222 0.757223002754869 0 0 0 0 0 0
2.86854128879296 13.8158914020895 10.7721794566093 0.62978559532129 0.733167647023191 -0.256583807271868 -0.431572482974398 0.0556215029575612 -0.900361772571209 0 0 0 0 0 0
16.9668349466536 14.2090659846627 12.502024861792 -0.222099340699841 0.785528124452003 0.577596228264134 0.435282687919873 -0.450200203356724 0.779646499028181 0 0 0 0 0 0
7.88017269438206 5.34437114381215 15.8796125821385 -0.326217459216521 -0.707119298379057 -0.627347118874146 0.944312422354124 -0.213524080263955 -0.250362541848603 0 0 0 0 0 0
2.84089519505132 3.49579705175359 10.7393647059201 0.970165723193981 -0.199729776959767 -0.137427694739101 -0.10282638980268 0.174356398774558 -0.979298965679635 0 0 0 0 0 0
19.8746960893878 4.47633580557195 13.6689792952558 0.179715475523128 0.442109501732029 -0.878772689850574 0.983707684338579 -0.084970956983745 0.15842667039963 0 0 0 0 0 0
20.3086822762165 0.243668870111851 3.19352406158747 0.457801558104026 0.526400594146904 -0.716463580164843 0.60925152324092 0.401147498866597 0.684027167264196 0 0 0 0 0 0
2.33512410081928 2.37412613217856 13.5322106401889 -0.196800699515129 0.956986796065687 -0.213180080663473 -0.589706586917843 0.0581681575481696 0.805520010916685 0 0 0 0 0 0
1.81699625082803 -0.402484138196209 13.3776457815258 0.243714489222089 -0.323349939781616 0.914356581121997 0.833779547596155 0.551425369493482 -0.0272331586122635 0 0 0 0 0 0
5.06181126541414 0.415752401510601 4.96123230646435 0.356953945257986 0.880494501249571 0.311950777277743 -0.934098902710968 0.334108780974663 0.125819142135355 0 0 0 0 0 0
6.49958026915221 21.0806934789956 3.03109980672656 -0.143145094577705 -0.317578768893033 -0.937364977082262 -0.818236383214321 0.570794377379339 -0.0684318607543932 0 0 0 0 0 0
5.16841853052268 12.9885706795194 -8.0779973160282 0.412844159957531 -0.575476860558756 -0.70596459034437 0.341869956174109 0.81633930440093 -0.465526619420072 0 0 0 0 0 0
11.6354416018563 3.21580049828499 14.7231564935842 -0.107268729647005 -0.659290727636551 0.744196942145773 -0.977296730830442 -0.0676378022510273 -0.200788717190139 0 0 0 0 0 0
0.321468626505741 -3.35730350214954 15.4964597326951 0.709248406284066 -0.109930765517161 0.696334551209148 -0.544689500666743 0.541605155729877 0.640294556363972 0 0 0 0 0 0
3.10467808041371 9.6659209046779 1.93140640282841 -0.653261626603987 0.167025965069329 0.738479152255327 0.349830745100726 0.931592864424601 0.0987581337599324 0 0 0 0 0 0
15.1579081463794 7.57506568441458 -0.116910077356483 0.88806730686577 0.0965290289920907 0.449464667064617 0.421242681537645 -0.56239683781608 -0.711522535525684 0 0 0 0 0 0
9.99302599104816 12.6978616233798 5.42999273064587 -0.496635296121157 -0.0768607229299466 0.864549416408509 -0.768814475907186 -0.423341116031771 -0.479277063156232 0 0 0 0 0 0
-1.91902704892684 -0.824714255096272 6.5658725264229 -0.399257666515315 0.686862241653007 0.607300184218152 0.849423071102069 0.0278139027658517 0.526978855339957 0 0 0 0 0 0
8.72052488039856 6.72207464150453 -2.3935080793711 -0.338236920226922 -0.399963103431904 -0.851836370172826 -0.0965038084082451 -0.885673405188568 0.454169140965061 0 0 0 0 0 0
0.448761662058656 6.90451428852158 14.5865819852909 -0.608481503750274 -0.374955397202938 0.699398746962498 0.192181682135585 0.785473633662653 0.588300370738821 0 0 0 0 0 0
16.8394974972931 16.5884361274631 11.8463768225273 -0.377339987362732 -0.847463286597643 -0.373390517035906 -0.262379375281202 -0.28884129252184 0.920721272643148 0 0 0 0 0 0
1.6229467507673 4.66107406155382 3.24758291393013 -0.0936324766829037 -0.73832106448842 0.667918341428614 -0.774436163045293 -0.367591674516193 -0.514902793828869 0 0 0 0 0 0
4.58336753545041 0.836118767264217 -1.64798394899923 -0.323036017935176 -0.238644659699929 -0.915803660777306 -0.923041080356146 -0.134161253788647 0.360549309933064 0 0 0 0 0 0
13.9957522596023 19.9462086739103 16.2417604456739 -0.709863890768692 -0.613427645896514 -0.346120940541 0.505152745681783 -0.785850994401776 0.356733615654169 0 0 0 0 0 0
12.6016167143086 28.1879183663484 8.10217336903273 -0.835924154072831 -0.545043553349346 0.0644844926664286 0.536248458412313 -0.836109540238495 -0.115578508815538 0 0 0 0 0 0
8.53121554550213 15.2771722331154 3.38108436806926 -0.637977806344456 0.6496983845197 -0.413371816739266 0.549088262148918 0.00744720230617819 -0.835731117253285 0 0 0 0 0 0
4.87521707951619 16.8500740474421 -0.83757369883951 0.0357191230710748 0.164153245430137 -0.985787877925438 0.772548908318353 0.621202787721952 0.131435183932333 0 0 0 0 0 0
12.2044897205478 0.912372701708521 16.9040215113832 0.543997752573148 -0.0349027511120864 -0.83836037841498 0.507112461783962 -0.782344295652491 0.36162730527115 0 0 0 0 0 0
12.0220437732325 9.51995408554266 12.1548087804861 0.615902684390142 0.444893354751994 -0.650179737183756 0.145968518458627 -0.87544032779244 -0.460757415833815 0 0 0 0 0 0
20.3493464202329 15.2433218480647 -0.755365429310208 -0.502710022479092 -0.0852504436800677 0.860241173630104 0.118250831050965 0.978989353934932 0.166122186601057 0 0 0 0 0 0
15.432352890248 1.72384331842907 9.32499770815157 -0.316671938067498 -0.556895654591809 0.767845056830315 -0.679943249721596 0.697697518541298 0.225599841753 0 0 0 0 0 0
12.1889930359251 9.8036598361351 3.88465099780053 -0.785143516345332 0.17872779482961 0.592963674009569 0.616942085447197 0.309429110259022 0.723626962690689 0 0 0 0 0 0
14.5113873405193 5.46388344523098 7.79926459879168 -0.414902809358157 -0.72654474501456 0.547711909671346 -0.779360896492022 0.594425334383 0.198128841351057 0 0 0 0 0 0
17.1978867082534 3.81138700120323 7.58835538972017 -0.999444162932208 -0.0227884161831858 -0.0243296962828239 -0.0333283266816048 0.698074588339418 0.715248929141256 0 0 0 0 0 0
20.6496728807906 0.00305754500176327 10.386242971674 0.317943602722141 -0.569530635678664 0.757988548706091 -0.936818895585249 -0.0657011916312578 0.343589277478145 0 0 0 0 0 0
6.52932990494565 12.4532799585448 10.0373459734701 0.119498892959975 0.988453972766133 0.0931598388110707 -0.409983917844374 0.134586850777278 -0.902108335875939 0 0 0 0 0 0
0.0454278731694425 0.242318886195493 6.41369308451277 0.644150863326411 -0.634893956827127 0.426590269114367 0.464282233948527 0.767754433121116 0.44158248235284 0 0 0 0 0 0
3.34425197780653 -0.128862882496018 3.3875551389218 0.807961513490421 0.5221093689208 0.273129846209344 -0.587851297421923 0.68248707534863 0.434329575804447 0 0 0 0 0 0
9.17769564280768 16.2167221259765 12.530927222612 0.623735793646685 0.249026827260215 0.740904303680339 -0.683762606625339 -0.285426064235026 0.671565745209419 0 0 0 0 0 0
3.3010570225812 6.84369874309415 11.6452024925935 0.337797827796644 0.525832850330939 -0.780635865689512 0.940140345079863 -0.228191096541055 0.253110335645514 0 0 0 0 0 0
6.4902669011595 -1.97524565522621 6.63694403949195 0.911508152902755 -0.38615062038088 -0.141564416918829 -0.40913646154249 -0.816235254771509 -0.407881508427738 0 0 0 0 0 0
15.6310247035704 9.44197491967893 6.35125272273758 0.364567775716676 -0.883295278730449 0.294753729884025 0.928166731954946 0.319272723673829 -0.19123634213269 0 0 0 0 0 0
13.7769570030639 17.4008680150216 20.6080846537888 -0.662291482766409 -0.651102063170364 0.370723652493248 0.66928580103385 -0.736527580292399 -0.0978957887838983 0 0 0 0 0 0
4.80950217315191 10.6231342155484 14.4690897118411 0.265339055968756 -0.233093498828521 0.935554644822605 -0.742137188298142 -0.668812138944277 0.0438480405479915 0 0 0 0 0 0
19.4810597637746 7.69182359515243 16.6654401661476 0.966917990556768 0.1177446987425 -0.226286694039021 0.00230444453790002 0.883027249257031 0.469316034615849 0 0 0 0 0 0
6.55797647364618 14.7781231594803 9.96745891458031 -0.874312147851178 -0.478445465306579 -0.0816585141081714 0.145286986617118 -0.418510301083001 0.896515878876358 0 0 0 0 0 0
12.2771561912142 11.7379994324409 0.682608643317879 0.500441201005554 0.441326817177685 -0.744841693774563 -0.123100195151312 -0.815309905092753 -0.565787999734956 0 0 0 0 0 0
19.1886757245617 24.4352626115257 10.5662786451324 -0.415514733205314 0.633479558852452 0.652725887057026 0.902022971295997 0.194628684877765 0.385323396101884 0 0 0 0 0 0
10.0391368990418 21.6360307034652 4.69022930601698 -0.370317236091677 0.244044032621634 0.89627425640019 0.496049854650092 0.867729094937742 -0.0313166098092727 0 0 0 0 0 0
10.4347566034444 8.91259447239055 7.59484293034356 -0.739565650121857 -0.633043139945503 0.228689660218517 -0.392744491670155 0.129937908219105 -0.910421763290961 0 0 0 0 0 0
7.01444340778118 -3.15864228325413 17.2518332337089 0.842890849842327 -0.36656564175475 -0.393909307259836 0.489351773233813 0.82663466534745 0.277866756428745 0 0 0 0 0 0
12.285054983998 15.9301882778954 18.650369246239 -0.684025333447794 0.713209674075939 -0.153105340974078 -0.225364987683289 -0.406242387923451 -0.885538053979006 0 0 0 0 0 0
5.27225443050184 0.207641426653378 11.7149413491145 0.909397722725428 -0.179794203750529 0.375059609720638 -0.388284059741897 -0.690236871747821 0.610580451222742 0 0 0 0 0 0
-4.40993423269273 20.7103699017905 6.3879599192242 -0.084104193434701 -0.766346058190303 -0.636898857389125 -0.0159521558731846 0.640117052346082 -0.768111722118243 0 0 0 0 0 0
16.0605061395817 26.99639214552 14.8800340597234 -0.0710853737222453 -0.980567982907229 0.182847739805745 -0.619031886571383 -0.100371092123898 -0.77892557363679 0 0 0 0 0 0
9.19040291677404 18.8944695736288 25.0198377242571 0.489996932646811 0.0859780758413995 -0.867473721874767 0.8645794045986 0.0792137043424905 0.496213183749678 0 0 0 0 0 0
9.08797432075982 13.5183233873126 8.14819548261941 0.275357137019082 0.939281358839049 0.204765626981582 0.762475232940344 -0.343110340353261 0.548549640707042 0 0 0 0 0 0
19.1026142824628 13.274881750136 0.816757688007806 -0.506306597112755 -0.86228933475476 0.0105215168221225 0.0240563164465954 -0.00192675482114013 0.999708688591858 0 0 0 0 0 0
4.91410954610303 15.4257413026105 4.25636996194134 0.504111055987868 -0.460262120336388 -0.730774062113854 0.125503827324269 -0.798133609711278 0.58926351245032 0 0 0 0 0 0
-1.00144963838054 7.19516486452664 2.67083839911656 -0.340214247734801 0.293681813294649 -0.893311339483946 -0.564856537951977 -0.823317402435718 -0.0555473489585421 0 0 0 0 0 0
1.18427525467247 3.20487376535947 0.927683727421294 0.459904277993567 -0.0052080847573416 -0.887953158522639 -0.838757667752176 0.325726297857316 -0.436334558692793 0 0 0 0 0 0
1.94296931478745 18.7140971802142 -1.22952632510728 0.0493031296334367 0.94359270358547 0.327417162163753 -0.89819820745136 0.185257760907881 -0.398646995519311 0 0 0 0 0 0
13.441733790924 1.863817860341 10.2435503205416 -0.612253446813308 -0.233849981883922 -0.755287885609114 0.790466546088112 -0.202250101317358 -0.578149999307825 0 0 0 0 0 0
4.26790712125645 5.45665058367221 -0.0603625169714297 0.579865040310335 0.766100199496304 -0.277212860656556 0.749428311522113 -0.36811409636685 0.550317285654063 0 0 0 0 0 0
16.764404619921 19.428002114555 0.352023516742167 -0.466093582429933 0.699668525635128 0.541498537210542 0.854243464023112 0.515191579245434 0.0696107267590261 0 0 0 0 0 0
8.73209190570061 3.78650544062829 12.2800164557109 0.254020927381807 -0.835921031042089 0.486527863953852 -0.378219296892633 -0.548823621878778 -0.745481530437434 0 0 0 0 0 0
14.9032296734443 0.411124938682841 13.9249271096738 -0.372421473526793 -0.360339410901075 -0.85525297501791 -0.764862830297749 0.641110517021502 0.0629450997438978 0 0 0 0 0 0
-0.770345400935259 6.79707269137186 18.8820643939398 0.887801265961553 -0.334017421730799 0.316608856837567 0.188809828647838 0.891723917354442 0.411314088509699 0 0 0 0 0 0
14.4113263855153 4.62096775171938 10.1917223698307 -0.351664008736853 0.907242155105705 0.23074677867473 0.830074327708017 0.416161693986656 -0.371195307587346 0 0 0 0 0 0
14.8338256492746 11.9336459101689 -0.682558932716027 -0.77325906358286 -0.43202216698891 -0.464141326383964 -0.286612146803626 -0.414802109249782 0.863592837376794 0 0 0 0 0 0
14.1631415539957 22.8276760489401 7.69584683949402 -0.662388855586231 -0.748308085695066 -0.0357205882130986 -0.670379259696902 0.570774634455025 0.474139098217093 0 0 0 0 0 0
1.13961634309276 1.13700083455259 8.56866681341397 -0.275989510951854 0.81010743284261 -0.517257862310839 -0.160102777090092 -0.569388529744661 -0.806327304760299 0 0 0 0 0 0
1.58790240701873 7.73234853042601 1.30383949057067 -0.22969240601759 -0.22939684322283 0.945842679308289 0.0873295116652402 -0.972763835502015 -0.214718584026952 0 0 0 0 0 0
9.69940198092584 8.24934429874191 13.8998988609289 -0.13417742035098 0.0785133384680959 -0.987842070918283 0.500482856609958 -0.855007814133901 -0.135935705194743 0 0 0 0 0 0
0.588735429812263 11.1158448670181 11.7799542220282 -0.55580554096159 0.812471933791643 -0.175981581193302 0.374387640668797 0.0556300147033653 -0.925602007959244 0 0 0 0 0 0
8.18429633149205 8.63044984184921 28.1484201647565 0.539716573351389 -0.339491155083409 -0.770358144371864 0.755132620189796 -0.209270256343558 0.621273347043452 0 0 0 0 0 0
6.3702503902975 13.3220956969436 16.3058637399407 0.906107940595003 0.0995911483336528 0.411156764674207 0.418616490065543 -0.0707958624958667 -0.905399393354596 0 0 0 0 0 0
17.3289894321182 13.0898527433952 14.5502222721023 0.493938964597171 0.596398016992555 0.632719232971754 0.270790366133299 -0.797008610342657 0.539860916500008 0 0 0 0 0 0
16.1483306632236 5.77224692139019 19.2868795400168 0.276034040854246 -0.685181994043318 -0.674040636820156 0.961077446259283 0.188279587155895 0.20219006990634 0 0 0 0 0 0
11.24509750312 13.1496460519518 2.91101968368001 -0.813724328007422 -0.318591142748218 0.486160770385433 0.109646779511758 0.737252340092491 0.666660720574345 0 0 0 0 0 0
4.10698591364746 15.3469923473063 8.53936587997524 0.171649044536365 0.580152749891056 -0.79621561980248 0.667571775607702 -0.662858221830422 -0.339067596996246 0 0 0 0 0 0
-1.12011349363066 2.85166734727698 11.9509388175373 0.880225133479112 0.410906422968177 -0.23740161514545 -0.472872460622043 0.717357171173047 -0.511654441090687 0 0 0 0 0 0
19.2492571366624 4.02966245903783 20.9800045172448 0.311291704642471 -0.145572849816775 0.939098452418029 -0.928301211505323 0.164883704181568 0.333271824258707 0 0 0 0 0 0
13.3554348545179 8.23503919951527 19.0847312625121 -0.438914740777039 0.331364670307689 0.835195306189328 0.434153609597394 -0.735597296823683 0.520006928294714 0 0 0 0 0 0
11.0254540551927 22.080715867844 9.5532872040954 -0.320815166272095 0.920681641853968 0.222312674586788 0.790598106141264 0.131055482626334 0.598146284680959 0 0 0 0 0 0
15.147127044617 4.3105081195814 12.6333653700506 -0.401097278288684 0.170675038479613 -0.899994938237253 0.166828899628783 -0.95244804359006 -0.254972217000979 0 0 0 0 0 0
3.48976857770364 11.9146153741857 -0.72000492661585 0.95081432098175 -0.232029507943056 -0.205217742089655 -0.164977732768562 0.181398333641164 -0.969472473542227 0 0 0 0 0 0
15.8669204136418 7.11987566968958 5.96535056723599 0.122712846665146 0.416438134435926 0.900844458780166 0.16085627107886 0.887356741462854 -0.432114855207926 0 0 0 0 0 0
15.1200521615618 13.0744515119301 -2.57248023598808 0.973693477780486 -0.176275544869412 -0.144387769924066 -0.0389209317629925 -0.753015661144756 0.656850457507404 0 0 0 0 0 0
13.5462403765111 15.2174428251053 6.09527312408161 0.56840417560354 0.646189642406112 -0.509269643481131 -0.0763051247925466 0.657720673282654 0.749387067026947 0 0 0 0 0 0
9.11566084956978 17.1619496629879 9.5469442050249 -0.12511054798011 -0.885082763914885 -0.448303274559499 -0.561228288510241 0.435746734397999 -0.703667176343292 0 0 0 0 0 0
13.9795281346055 8.90773641878297 2.97399298703444 -0.444692454209885 0.534321178555995 -0.718852845956789 0.825206075251827 -0.0676473580548104 -0.560766127411345 0 0 0 0 0 0
20.6788565807293 14.0051011875769 10.8569435037704 0.768452787803848 -0.505632330688061 0.392194046802983 0.205923271459323 0.775691183885235 0.596572498555525 0 0 0 0 0 0
10.3324251738514 15.0376770097799 14.9283250126337 -0.952135155347564 -0.275018829001573 -0.133428555613164 0.298589571787728 -0.930228430329266 -0.213352569640585 0 0 0 0 0 0
8.48728028637304 7.06514796400978 5.05047962349089 0.759497129684206 -0.231233351009421 -0.608025603529242 -0.0592649578782407 0.906206619043628 -0.418661207966342 0 0 0 0 0 0
19.8708932621572 15.898167268166 12.6982597948203 0.22317539228982 -0.964904499325602 -0.138390907349053 0.68045326162537 0.255869047518765 -0.686668972548241 0 0 0 0 0 0
2.56383670336284 4.29423695600936 14.1539085103334 0.457159604606578 -0.785717503120803 0.41671699700201 0.855634713681638 0.516396194530645 0.0349874205517613 0 0 0 0 0 0
8.08818111405426 21.9736399437482 7.36043495121795 0.740947248665432 -0.642263466449304 -0.196200775545025 -0.671333716287448 -0.716014403844096 -0.191401036491456 0 0 0 0 0 0
7.69880032324624 0.297421828782554 4.95034899350911 -0.628545401516247 0.287599302039724 0.722645978574539 0.649180628483881 0.705712161278857 0.283786534537625 0 0 0 0 0 0
6.39244304771869 3.45849322423788 2.98458706910204 -0.403347520585611 0.834749933893925 -0.374837684015586 -0.634389410396732 -0.550307294719824 -0.542873718507777 0 0 0 0 0 0
19.2338197418236 5.16935846607589 -4.50194109573883 0.470691817086377 0.766848255146715 0.436340369206008 0.686552632485188 -0.00771757979612568 -0.727039065379277 0 0 0 0 0 0
10.5164921722037 18.5467024582807 14.6891093233908 0.356404520726411 0.291880043930849 0.887570700568305 0.572630819936717 0.682394487434606 -0.454347492432206 0 0 0 0 0 0
8.35999674020151 19.1126623096572 14.7065797376079 0.0719908219501112 0.979608473814773 0.187575464208688 0.733411941811 -0.179446127388409 0.655672094574482 0 0 0 0 0 0
18.4006628694522 0.702416410032323 0.903246627148856 -0.905439417849205 0.379729079881455 -0.189697613261959 -0.404953432052058 -0.906710020402491 0.117854298039589 0 0 0 0 0 0
13.4024403545313 16.6462339699726 8.3110149704148 -0.915126180721342 0.401362548890151 -0.0381061373160706 -0.364854592650788 -0.864669271811779 -0.345294289735613 0 0 0 0 0 0
14.8343343476901 6.62558789289656 23.411277332435 0.277513689756966 -0.0166017702459209 0.960578166546455 -0.00597860822017394 0.999801477171599 0.0190069051114002 0 0 0 0 0 0
15.4481463891733 9.48560022841373 13.435942286039 -0.225181040283318 0.887815328679629 0.401344510379521 0.963237491941785 0.264800127385267 -0.0453245607148539 0 0 0 0 0 0
11.7505738096968 1.95559563922083 1.68526823560568 -0.542966033385753 -0.0304099789980719 -0.839203789712384 -0.739670503220918 -0.45582649698892 0.495085504602473 0 0 0 0 0 0
-3.93599126629432 7.73160572955811 10.3268685156556 0.262309751141883 0.328793092326624 -0.90724229981411 -0.157807496846486 -0.912890759772403 -0.376466777813543 0 0 0 0 0 0
20.5739836921676 14.4754206529975 5.82622158916225 0.765651541330282 -0.619166680384621 0.174385394032049 -0.434888479117586 -0.298498485593525 0.849570807079429 0 0 0 0 0 0
24.6190394264974 10.2086613830877 -0.882794339167868 -0.393606101506265 0.694900541072257 -0.601820083770751 -0.543078211853214 -0.703985309830965 -0.457679668788992 0 0 0 0 0 0
2.47517040903995 18.2662803862747 22.0163754712684 -0.439941111830595 0.895957356763427 -0.0609279038494201 -0.487784779613473 -0.181448777084534 0.853898257866519 0 0 0 0 0 0
13.3515134853897 7.21705236411166 5.71572188624733 0.563483159421908 0.157556104607656 -0.810964047722662 0.264723555838654 -0.964318302932086 -0.00341192891383182 0 0 0 0 0 0
4.95473969949722 3.52868630297405 9.33584186381174 -0.0124191774066069 0.590193171927959 0.807166467438289 -0.513524524097942 -0.696408178936966 0.501306443271015 0 0 0 0 0 0
20.2257864619629 -8.45352033331386 13.9169828884931 -0.318911889596673 0.656997032788665 0.683117879891595 0.806397096821319 0.566809890270862 -0.168671840029011 0 0 0 0 0 0
16.8618674160767 19.4311645861647 11.1605276456468 0.362395459085787 -0.931270734495215 -0.0374744510770073 -0.426328553286515 -0.201388242844536 0.881865423929365 0 0 0 0 0 0
-0.720800913546096 12.7083732880461 12.1853537526705 0.236652082087572 -0.939443840239295 0.247873050329164 0.464033119216437 0.333427507781196 0.820670003941146 0 0 0 0 0 0
-5.8729549437115 4.59476457757525 1.56617102558866 0.689018001403151 -0.56989987358526 -0.447736805878319 -0.652019883239091 -0.7571652771909 -0.0396328652840395 0 0 0 0 0 0
13.2321936807663 14.9530536530062 9.99231657520193 0.470297664158429 -0.699458993497729 0.538123742846635 -0.880601604816494 -0.411999820210487 0.234087297320678 0 0 0 0 0 0
15.1441822899254 9.21630460786107 -1.43817894610672 -0.169475732168532 0.961626460053483 -0.215760326653274 -0.898101823575892 -0.0605445855922841 0.435599987227753 0 0 0 0 0 0
4.10462237945251 3.5309953159855 17.6406780438953 -0.139694596685715 0.442957659069347 -0.885592364527594 0.654137476073049 0.712702553477087 0.253296612702352 0 0 0 0 0 0
17.4669006445305 2.99322412359853 21.6128369358641 -0.351320054173458 0.309446888218205 -0.883638350861664 0.315062205419296 0.927831774830756 0.199659679818852 0 0 0 0 0 0
19.9854128875908 0.8768414676229 12.6001416792348 -0.227849885641973 -0.624167983559046 -0.74732769595788 -0.905911560783946 0.417251199822727 -0.0722881859598261 0 0 0 0 0 0
13.1935344743571 12.5191003029085 9.34827769684422 -0.770605915940054 -0.0255334523806182 -0.63680016174319 0.12066275038671 0.975279632504509 -0.185121941622392 0 0 0 0 0 0
20.0691428243837 14.4751962564605 -3.02085694601142 -0.0676548814379846 0.91605700640878 -0.395300340062349 0.0944704380840142 0.400309818020679 0.911497276912123 0 0 0 0 0 0
20.5944147621926 7.08543766093294 6.91132852134843 -0.27321468088492 -0.0105078558728582 -0.961895630470263 0.0920501592734282 0.995066122247413 -0.0370159338638145 0 0 0 0 0 0
1.1778380457705 6.64820194199254 18.2687954938809 0.551742451652839 -0.0729976261581332 0.830813754728055 -0.769923438173912 0.338375489183013 0.541035878764565 0 0 0 0 0 0
4.68860315239287 -7.61164111382539 17.5190827683991 0.841093955780729 0.103838662069405 0.530828005934904 -0.251602854372124 -0.793647043554428 0.553913648330533 0 0 0 0 0 0
-2.54082153180197 16.1884874616617 13.8203097277071 -0.713828734460004 0.416772681921883 0.562804558403865 -0.0224394054933848 0.789614568719377 -0.613192678579791 0 0 0 0 0 0
4.44283924858193 4.75874043771791 2.76097141330202 -0.75738420495502 0.0846352179131939 -0.6474611398517 0.0621638031341514 -0.977714737008844 -0.200523189086995 0 0 0 0 0 0
17.8145933510052 10.3163103537286 11.1385485882119 0.280134272020428 0.612987962789906 0.738762798669758 0.754693311841586 -0.616236153731966 0.225146472224863 0 0 0 0 0 0
9.71508523225569 -1.53405882073201 11.6642676484091 0.105793207299884 0.974177891420748 -0.199462345015891 -0.967041634883745 0.0540745839135726 -0.248809760490292 0 0 0 0 0 0
17.6619959783508 0.0906098344724202 3.08054874843329 -0.00265003723185905 0.986607899567247 -0.163088401312352 -0.600762587633899 -0.131948287750109 -0.788462963952918 0 0 0 0 0 0
2.49099005256148 14.3876639271749 18.9564390152832 0.281809517221001 -0.95619061919865 0.0792646550738904 -0.203624747968838 -0.140333986240066 -0.968939222789015 0 0 0 0 0 0
11.5182257862648 -3.27117791546342 14.7463169865256 0.00367515800118801 0.279467186578577 -0.960148152599746 0.998891812293707 -0.046077084494026 -0.00958804781640724 0 0 0 0 0 0
11.2105870964833 0.312177512342769 6.39053315463812 -0.576000395521548 0.71691129370847 0.392761611377688 0.715761210075859 0.210235032755972 0.665948201598641 0 0 0 0 0 0
16.4677519404106 15.8001490449113 15.6891989846756 0.78621946882688 0.494628157379025 0.370407670980927 -0.615218473817305 0.570270980168478 0.544331845669746 0 0 0 0 0 0
23.1515267975253 15.234588979403 -4.0137715751248 0.466390875333258 -0.417816438197905 0.77968511399067 -0.850985894610292 -0.452523074273132 0.266544141985458 0 0 0 0 0 0
14.3124292204255 12.4339614451261 14.759781563871 -0.379419450540985 0.568320033970376 -0.730104882077185 -0.781738300503609 0.225177773731249 0.581532532691332 0 0 0 0 0 0
12.7078177542185 14.8313517096565 0.373210759794392 -0.668201517496039 -0.701297885016485 0.248370585833895 0.690833154589315 -0.708783763369637 -0.142741269372835 0 0 0 0 0 0
3.33678974344435 3.34191343003724 1.13192676791183 -0.176645994988717 -0.517549782704933 0.837220596735636 -0.00582410347900365 -0.850032251705782 -0.526698412570828 0 0 0 0 0 0
9.39404214903093 12.7624829273952 10.2617658687726 0.508749999739354 -0.704198095233824 -0.495255913988168 -0.788175651447111 -0.612407527247275 0.0611235514031314 0 0 0 0 0 0
-4.18519130157081 2.40476736130635 13.2720703137303 0.734525095483169 0.137249454014005 0.664556509647295 0.405064589304867 0.697030189105159 -0.591668431366735 0 0 0 0 0 0
25.5506308599523 10.9603751452928 11.7437563801044 -0.288778546513095 0.721326096338081 -0.62952010026059 0.362106743228303 0.690979791475445 0.625640129778042 0 0 0 0 0 0
9.42773920586201 19.386455288189 16.584062517572 -0.63446175779245 0.75231785594756 -0.177414964933698 0.640832611114627 0.640309172099829 0.423482772167744 0 0 0 0 0 0
13.4960256957705 2.4009545362296 4.41655248078642 0.232748497744207 -0.399554010489724 -0.886670530310491 0.689960107753082 -0.574699764021769 0.440085390697998 0 0 0 0 0 0
0.973740637981062 11.6406284007675 17.5224103229017 0.353243581641299 0.723418221484072 0.593198948103447 -0.0464668973563605 0.646861654395639 -0.761190356083213 0 0 0 0 0 0
16.3413077025096 18.5644260411791 4.88789894252513 -0.689318434285377 -0.509027537043779 0.515491003184745 0.714459816187222 -0.359842683814196 0.600050256383455 0 0 0 0 0 0
8.00950091792742 2.13193783398823 14.7215142852732 -0.912995773400691 0.266722886290149 0.308702946135803 0.26804136415454 0.962618693253748 -0.0389752454104192 0 0 0 0 0 0
13.0330589652534 12.1132661050917 12.9120302185216 0.356879844924721 0.37199119590367 -0.856889271576703 0.934067481965742 -0.129892471165497 0.332634586101213 0 0 0 0 0 0
5.53451201310456 19.7775854892826 7.05941309376423 -0.636445163328064 0.701807728705989 0.320005321065446 0.490381033548954 0.688401441740209 -0.534443480855593 0 0 0 0 0 0
3.87781219899086 3.58015925942883 6.09764641313836 -0.506637707377697 0.321235098970992 0.800078832206127 -0.460604520076155 0.683611514997443 -0.566143717750602 0 0 0 0 0 0
15.1086798530413 1.33453203053403 22.0417274029874 -0.524728466573578 -0.587110838120598 0.616409621932297 0.231789858028404 0.598206082492739 0.767087262333093 0 0 0 0 0 0
11.0707699548771 8.05685277192833 -1.72618806436377 -0.0491891746783241 -0.99331913331902 0.104391201206273 0.992885671602401 -0.0372833967185027 0.113083475416181 0 0 0 0 0 0
7.67463100843055 10.858624672695 0.954496650306334 0.586701996270929 0.157729422655516 0.794293447383856 -0.760405904716274 -0.230022692040905 0.607348588799713 0 0 0 0 0 0
10.075830012324 10.4675733985523 2.79860288886395 0.179146220464232 -0.903578098530721 0.389169923900247 -0.897740000256454 0.011678371277025 0.440370739707843 0 0 0 0 0 0
-6.93011702435561 6.69863985751388 9.77840690584764 0.140736786546712 0.955700873544693 -0.258513030407805 -0.772852386772555 0.269246793270086 0.574634877123202 0 0 0 0 0 0
15.2633852904553 3.51703723256906 20.1940112537012 -0.421096813405692 -0.164204107365998 -0.892028233223965 -0.6769158482196 0.711493636912461 0.188578048031688 0 0 0 0 0 0
14.9917413561996 -4.84106238890781 18.952038655786 0.545307265642601 -0.838011203475142 -0.0194209524611355 0.716430436746149 0.477970437493069 -0.508204287871694 0 0 0 0 0 0
-3.27395735373176 16.9589249920488 -2.61868727962386 -0.81491605125168 0.137436496359813 -0.563047885994733 0.423956650370172 -0.521048180285775 -0.740789758016923 0 0 0 0 0 0
22.1611987752658 0.56014508763505 5.57668876087032 0.547341572352645 0.0343592357058506 -0.83620363968814 -0.517833354492528 -0.77102575379385 -0.37063169807772 0 0 0 0 0 0
8.36274618913582 14.1419023948996 5.94194089431084 -0.859138279821088 -0.339657617148076 0.38277149032147 -0.057153839531652 0.806982096451583 0.587803787888093 0 0 0 0 0 0
14.5972679039705 9.44706379502241 16.1062239692831 0.355182449361346 -0.796249176661979 0.489727100232075 -0.254002916658834 -0.586381802061221 -0.769180617488719 0 0 0 0 0 0
3.19818501486133 7.54472397956172 -1.33324869975333 0.369548308267211 0.184265176731413 -0.910758078382665 0.844598819450973 -0.475253440791066 0.246550013008108 0 0 0 0 0 0
7.34934722844167 11.1082374652754 -1.33115675309742 -0.240050646659974 -0.874203979580025 0.422069971709572 -0.548039795256063 0.480910638961423 0.684380923543498 0 0 0 0 0 0
17.1308005810319 3.87865132905332 12.3951161163818 -0.728649434246222 0.634888199842851 -0.256879163255655 -0.596072138087996 -0.40314981839271 0.694383273337496 0 0 0 0 0 0
-0.377141828384611 9.5232139739924 4.06715944244047 -0.687116543460821 0.668381080542792 0.284846486585974 0.668399798265213 0.427834728383054 0.608439855268794 0 0 0 0 0 0
18.3218162486259 16.6101713135091 15.984311958726 0.0492513358569012 -0.704855922141735 -0.707638590634034 -0.894677994287195 -0.346081506819422 0.282451362617584 0 0 0 0 0 0
22.9268445261583 1.35247876374717 7.47233577446048 -0.506551800363832 0.744801881685886 0.434367790593396 0.508540505238774 0.664912975322628 -0.54706235775581 0 0 0 0 0 0
12.7627867181138 9.25993933998973 -2.88464353668889 0.412681971118498 0.885217302110705 0.214671593281119 0.769116848954031 -0.464906893363476 0.438543908536609 0 0 0 0 0 0
6.44414517682036 2.17444516432986 10.4681714333329 -0.730579867707487 0.613041696779428 -0.300720568804775 0.134160447727018 -0.30294822677387 -0.943516421633306 0 0 0 0 0 0
2.86841626907864 18.582647026151 6.52637488852693 -0.161734707176277 -0.964631021104793 0.208155877489503 -0.891130096389544 0.233380405525557 0.389128031512889 0 0 0 0 0 0
7.54310303772451 5.61081256132398 13.7119211525337 0.39904194152777 -0.239922800337387 0.884987269079484 0.914432359154997 0.175354288851894 -0.364779684697174 0 0 0 0 0 0
26.8761073144409 7.06630016798665 8.93021698462602 -0.486073965837466 0.873556558191065 -0.0251199350289398 0.0505555002388964 0.0568033271155305 0.997104510369686 0 0 0 0 0 0
3.00901426583778 -0.187355440894355 8.9008989782238 0.218104904008906 0.156002387583999 -0.963376037488603 -0.692632250042317 -0.670682716098273 -0.265415136985897 0 0 0 0 0 0
20.5822633726196 6.51884102664934 10.5259779639781 0.767657556793961 -0.284955577905866 0.574022721316784 0.466634484273534 -0.365405713703493 -0.80543827770184 0 0 0 0 0 0
2.10545944441624 15.5262551685382 7.32165943997674 0.422631145202559 -0.544879148575318 0.724216504048177 0.86063056727936 0.491755255720234 -0.132256208754859 0 0 0 0 0 0
-2.91417587779844 15.8875982042654 2.17207038377048 0.768977482294446 -0.631583487413687 -0.0988729411593188 -0.101185961270987 0.0324634309465825 -0.994337672930678 0 0 0 0 0 0
6.56605733206829 -5.25283683513324 -2.02337402307461 -0.699064214320335 0.698766877294511 0.151769609772203 0.611905119629209 0.474770134604493 0.632586240381874 0 0 0 0 0 0
12.6125055182412 5.18051790930249 5.80681411636804 -0.490267106287957 0.539698346133012 0.684371080033803 0.864834475700198 0.398684765157716 0.305142077417177 0 0 0 0 0 0
14.136069487386 14.0354062665734 7.80426484729853 0.600505312881437 -0.35339440285898 -0.717290499663553 -0.338400323014796 0.700433556577 -0.628393183826825 0 0 0 0 0 0
10.2334976955357 3.43034488942603 26.0288490581481 0.33196933848007 -0.15494634859474 0.930477227566047 0.914363405424867 -0.189550438531878 -0.357784962157496 0 0 0 0 0 0
18.5200249368173 7.05768684628813 9.24548579982069 -0.172563303585528 -0.739509054213318 -0.650652142834642 0.338480599831803 -0.664855398288313 0.66588145821123 0 0 0 0 0 0
7.73942455188248 6.799642350656 -0.0834049797996093 0.641012194373538 -0.335472271498366 0.690334423252149 -0.652579891570483 0.235249051370261 0.720275819624165 0 0 0 0 0 0
17.3200514795412 13.8609048621571 -0.172036504712308 0.172470037577281 -0.753418856541026 0.634518763477622 0.972541757227119 0.232436766965943 0.011643326123959 0 0 0 0 0 0
20.5293070184531 9.56764785982967 -2.36209978025079 -0.227050258910242 -0.483416784664227 -0.845432611674422 0.682416594825064 -0.698313199020423 0.216023623947288 0 0 0 0 0 0
15.7907517748038 -1.0675403383993 15.5825070891043 0.216774702705433 0.895722941670263 0.388186960712479 0.955174846740564 -0.112487002479721 -0.273838581515404 0 0 0 0 0 0
5.94386386343573 6.1955160249742 18.7259473976283 0.617992481305619 0.406374014945546 0.673012149595885 0.504299830269231 0.451825305815749 -0.735890942559935 0 0 0 0 0 0
-0.296207425208869 18.093275213556 19.526918304877 -0.842208029921463 -0.46725056569681 0.269002695169915 -0.139898322856602 -0.292456474866527 -0.945990253944159 0 0 0 0 0 0
13.0148218264444 12.4046739368562 7.08586479372059 0.156349344647231 -0.95775753918925 0.241361489670272 -0.395525209198751 -0.28462976306166 -0.87323856838558 0 0 0 0 0 0
1.53011200981446 17.0659669464682 11.7094154266011 0.77691553743776 -0.593017143303129 -0.211501390419447 0.625980601816083 0.691563475362163 0.360400032600915 0 0 0 0 0 0
22.5380896652353 1.9424358265296 17.9568087614445 -0.871508596590707 -0.356181477475313 -0.337056993824814 -0.0605934487891311 0.760288197520639 -0.646753616435866 0 0 0 0 0 0
15.51266390056 17.5408881873139 10.5684951149387 0.584404645040199 -0.562617074793725 0.584750507935614 -0.38982037340608 -0.826666477395694 -0.405786364831786 0 0 0 0 0 0
4.95047187138066 6.2432734905343 -5.91513252774051 0.473199828037259 0.790216592055436 0.389409316293074 -0.809903306429778 0.216310056370064 0.545221496380884 0 0 0 0 0 0
11.1410220615907 13.8947556137569 10.3182254917763 0.342644192551533 0.580009798355462 0.739042293794093 0.8324179303358 -0.552119544569692 0.0473742006752403 0 0 0 0 0 0
0.967602738332394 10.5114027043663 6.88948234102877 0.866871218986304 -0.303767116844552 -0.395297002528271 0.212876325734137 0.942545400741227 -0.257471987172912 0 0 0 0 0 0
6.11105273530136 17.269438868041 3.82420378868848 0.115195008882647 0.86250442545428 0.492763833364894 -0.98344158939526 0.168890962637323 -0.0657142844305919 0 0 0 0 0 0
9.63402875931358 0.31473494951301 18.7047640506924 -0.810103934997737 -0.0826836997178838 0.58042648277612 0.585571521448532 -0.0652421718600199 0.807990924192582 0 0 0 0 0 0
3.42290252078724 14.9388794954525 20.8317846709881 -0.958546945534315 0.265802317314931 0.102648772665854 0.179801109881485 0.843725163388689 -0.505766126982215 0 0 0 0 0 0
12.2779433667055 4.43950895852292 11.3483624361211 0.287837099449252 -0.0799724365370957 0.95433437281074 -0.46089301575426 -0.88508376541545 0.0648408081614886 0 0 0 0 0 0
10.8425613566793 5.23601778237959 9.55260539469465 -0.45942671889799 -0.291562094305024 0.838998525655204 -0.875573864497225 0.307463430638358 -0.37260775446776 0 0 0 0 0 0
18.7830093139057 11.9852710036679 2.97235322239147 0.293097062270227 0.840557604539039 0.455584229925324 0.50339189473989 0.26944038613878 -0.820974036174502 0 0 0 0 0 0
21.156802258658 4.29961552802972 16.7780032513117 0.608335029625182 0.215382773101378 0.763897008177732 -0.56450794990375 -0.559140021149407 0.607201061679342 0 0 0 0 0 0
11.3355044222343 15.1969030579644 6.05584968268766 0.111618802485947 0.862245658031171 0.49403809322456 -0.596147005939946 0.455853376045337 -0.660913271480906 0 0 0 0 0 0
6.58049216475863 12.908301882025 23.9952292458732 -0.208419848783867 -0.732498631780534 0.648079366918526 -0.961968287838716 0.0339002643337323 -0.271049195162911 0 0 0 0 0 0
14.762351741869 13.5232803149263 13.072783511572 0.324916918249433 -0.882885865257241 0.339030262479801 0.170676158052998 0.407334474794337 0.897189040997709 0 0 0 0 0 0
3.93225605863084 7.35358418206793 7.41415699431051 -0.644751195537666 0.0357268381464274 -0.76355705080346 -0.0516585447410565 -0.998659973965664 -0.00310657928690037 0 0 0 0 0 0
5.84055256142839 3.14659220735065 7.50684084959978 -0.944949556396369 -0.0772674804089668 0.317962189324428 -0.323750915121597 0.0797365328614998 -0.942776384851572 0 0 0 0 0 0
2.83660150739056 21.2645085579951 21.015676430988 -0.607399794512164 -0.757959629921673 -0.237829010661792 -0.300416606971869 0.496314582792676 -0.814506971927291 0 0 0 0 0 0
14.5251817319685 12.9654928118102 5.72316567881249 0.700301319317298 0.699849740405175 0.140671042490818 -0.153104595780612 0.339728670669785 -0.927978074970049 0 0 0 0 0 0
0.160595340338613 16.5855111899957 6.98755517563077 -0.109080561174077 -0.688941656552092 -0.716561764548942 0.956924910470095 0.122344457503143 -0.263299130296937 0 0 0 0 0 0
11.5430330024137 4.05526640189733 4.25129199688312 -0.554238602723123 0.438430530013369 0.707529607372726 0.613879572223608 0.789356475426308 -0.00825715309234104 0 0 0 0 0 0
-1.40064699746358 4.98160599613269 22.884262434147 0.650247728329198 0.522658433572129 0.551367361179447 -0.36663528833175 0.85152835468483 -0.374803940410293 0 0 0 0 0 0
7.45249945185976 -1.69277337679811 22.3873073832553 -0.147153410799785 -0.684049555895987 -0.714438251593571 -0.779463243061235 0.524861725101978 -0.341989964574852 0 0 0 0 0 0
3.56586080507315 10.3925620188667 4.17787486972092 0.239417683588936 -0.930250161497004 0.278053580753811 -0.597083954407071 0.0847595762275059 0.79768818925347 0 0 0 0 0 0
4.33486242098454 -1.23918606959362 20.3880790660238 -0.625100184200142 -0.777395188449319 -0.0700459386605819 0.306943278425021 -0.327334122082985 0.893665535820633 0 0 0 0 0 0
27.8328655257249 21.201889612823 -0.544053085254782 0.83461184559391 -0.545212401964807 -0.0785265570654379 -0.297218011509503 -0.325709998185253 -0.897537934660016 0 0 0 0 0 0
13.0386412993862 -0.16454271708913 24.9796896853189 0.611065441100593 0.781968522492222 -0.122980527759717 -0.203893772765844 0.00536745093485805 -0.978978243216838 0 0 0 0 0 0
24.6507150358622 22.6879232257551 13.6528253657513 0.508702580557289 -0.0315677538776979 0.860363319975338 -0.373546437597924 -0.908457263343465 0.187532500676241 0 0 0 0 0 0
15.9385926491255 4.81164603010773 2.59961288697934 0.964637878121914 0.0485163433348589 -0.259074911161205 0.237972310627419 0.262296588728 0.935184242761047 0 0 0 0 0 0
2.97075059133509 30.7456746531022 6.51943571807458 -0.670048373138962 0.229308097780596 -0.706011941120737 -0.709083094498346 -0.479113745173851 0.517350067591896 0 0 0 0 0 0
15.2792137090639 16.9836937644659 3.11498540288666 -0.335883478266582 0.783878469970631 -0.522222928819437 -0.941797083240182 -0.287833380662114 0.17369539327191 0 0 0 0 0 0
12.6824537149369 15.6524620196126 2.44957830442014 -0.762134654243896 0.609021974865759 0.219642727941322 0.466716965154209 0.751954248045833 -0.465553467905566 0 0 0 0 0 0
8.42273936660423 4.4568515219869 5.29771614029802 0.993660805327134 -0.111077337289646 0.0173179490359333 0.106880668362294 0.981186064861169 0.160780671752838 0 0 0 0 0 0
2.46774590022745 2.91416475784307 8.773673737615 0.690498656073415 0.416242042243846 0.591569158825993 0.694500263002263 -0.610114612377713 -0.38135215958237 0 0 0 0 0 0
5.49004881936692 4.61336129682049 12.8392268178671 0.712505774946523 0.0453854757198386 0.700196801119374 0.675538327431759 0.225409649480751 -0.702024461781308 0 0 0 0 0 0
6.74821847292622 19.2441219997181 -1.21364630189646 0.39613554758387 -0.866439044725244 -0.303907847873566 0.865164543219385 0.241367426972805 0.439581580697094 0 0 0 0 0 0
13.238018231532 17.616868711006 10.5792179161636 0.359033233483625 0.92198102771141 0.145072753882212 0.888729337820269 -0.290250076362508 -0.35484496347366 0 0 0 0 0 0
17.9909925332982 16.9808978758348 8.75062588121193 0.370043589374378 0.593894232358029 0.714392962991558 0.0730562416273327 0.747995478215778 -0.65967074940157 0 0 0 0 0 0
-0.660632942546275 -1.76686399330617 3.80495597920418 -0.645128965902854 -0.381523767281873 0.662003119701885 -0.491541954442894 0.870557855065073 0.0227046062054998 0 0 0 0 0 0
4.11115603644473 17.9427323527412 9.35058963728417 -0.740669774116663 0.586012012219867 0.328630687812921 -0.669327104280846 -0.686085093926687 -0.285111220878244 0 0 0 0 0 0
15.5217777893636 12.2213411666094 7.93451147208543 0.656080596798333 0.103092754925642 0.74761622270004 0.528998648784337 -0.769347658398112 -0.358140421415792 0 0 0 0 0 0
9.68931515508075 7.38977547031943 9.40486489946163 0.801403474074201 0.532889606832651 0.271626680048698 0.578578479488177 -0.805811831901098 -0.126151467841432 0 0 0 0 0 0
1.3857398260369 12.5467723802145 5.71356474963837 0.983589976309141 0.117213913371212 -0.137155165578777 -0.180387632809922 0.62497367034864 -0.759518360971672 0 0 0 0 0 0
4.23817833648052 14.3127016517751 6.12916581930502 -0.866493128993641 -0.282786771516106 0.411365032040881 -0.358748438006741 -0.22025805374843 -0.907075429366637 0 0 0 0 0 0
16.8019055032261 6.83306545974663 1.3363248623823 0.462919212544938 0.866196389706906 0.188174353588614 0.458694068416722 -0.415747059603529 0.785336892948403 0 0 0 0 0 0
8.24203138228934 16.8735304571199 5.96876542802626 -0.775009480446594 0.239852790469272 -0.58466300701408 -0.228462792451237 0.756257226931264 0.613090293634713 0 0 0 0 0 0
19.4414816857387 5.54733150328924 5.93513080561097 -0.607972363957426 0.485381256857666 -0.628310869738148 0.646497477907254 0.762023500399443 -0.0368937110043308 0 0 0 0 0 0
2.18484204453352 -4.48513599880962 3.07712779069256 -0.83035594134893 -0.453795748409194 0.323385736747655 -0.079677888209183 0.671069947674576 0.737100056934864 0 0 0 0 0 0
4.34665722624544 17.6482487886602 13.1431950324996 -0.791337447751411 -0.273982815893299 -0.546551324324462 -0.233388225416492 0.961639980738126 -0.144147406194397 0 0 0 0 0 0
1.66061652955697 4.81687249914123 19.5352405746334 -0.33747267435944 0.728448680808543 -0.596216955089841 0.810417872341802 -0.0973868347208464 -0.577701097915998 0 0 0 0 0 0
-4.51551034306706 12.5920199953139 10.8329970785625 0.0485651262533965 0.959243577554668 -0.278375965041985 0.228861571704205 0.260603105805734 0.93792765772643 0 0 0 0 0 0
11.0946308762209 6.72269505882539 5.68703276106363 0.741458684899138 0.605149255880852 -0.289885013652511 -0.599245586182348 0.79156575924513 0.119701009670262 0 0 0 0 0 0
3.80891436975574 5.81454030663805 17.6517699879238 -0.402067319374268 0.486035121499875 -0.775958530020347 -0.106380970782809 -0.866535112618281 -0.487647370502366 0 0 0 0 0 0
3.431645238037 21.533138897204 11.2333386561737 0.296984892694629 0.503212504931675 0.81152760850681 0.0513482936429742 0.840226234953683 -0.539799214324738 0 0 0 0 0 0
