t = 30000
b = 200 200 200
E = -0.186942731969638 -0.245329029495047 0.0583862975254088
-5.82119824661029 -3.85673287742122 7.27138469230392 0.121358369682416 -0.394877007447507 -0.910683379862735 0.992360628824897 0.0277555942973313 0.120207770695579 0.0737290173757855 0.188825359684015 -0.141996316202234 0.439174054638759 0.0249645115358967 -0.128956897821368
-5.42430159825557 -4.18031072489057 7.36449923634977 -0.00221297572139409 0.128373364302532 -0.991723386145761 0.986189926693339 -0.163953266958995 -0.023423519038044 0.0927263517280003 0.0092026747056887 0.420513689472762 0.0627108492073244 -0.860559069490227 -0.182670962817268
-5.04373762183172 -4.54891093704785 7.21517760910225 -0.0186330072578544 0.710682200429307 -0.703266304181429 0.983676019040429 -0.112884531029697 -0.140137369258081 0.0250430132537108 0.238629179069906 -0.218592600796491 -0.350474418160079 0.408043549379125 -0.099324634166128
-4.53348855948184 -4.71716257844943 6.90079527339769 -0.0708920524002854 0.993912159167051 -0.0843373914555438 0.995660238904033 0.0653986637710943 -0.0662087095765941 0.052988739608189 0.000280042271084024 0.12971132154085 0.375855363684741 -0.173207110691072 0.0667961644389764
-4.03707625028932 -4.66483496845782 6.69946522266632 -0.215056000092625 0.96863671352697 0.124473769592496 0.817207351849244 0.248274186784374 -0.520126851413201 0.296543616618383 0.311058929279679 -0.153106339038601 0.177617671062008 -0.12518147227566 0.312044420049499
-3.76941083135489 -4.39732857021608 6.30459613413587 0.0606958069363399 0.577140159676609 0.814386357377025 0.790448162332484 0.470423804828205 -0.392292153905163 0.234693476393164 -0.416559794701256 -0.366848793174203 0.222708968377472 0.212270088658465 0.135754251484484
-2.7884353010538 -4.19334210199199 6.76137088247844 -0.303514765626002 0.952261856334238 -0.0328007415026866 -0.188855019491461 -0.02638086984124 0.981650595901178 -0.258209171031133 -0.164114171206234 -0.0781046624887964 -0.308356217913854 -0.503563032769203 0.399745209225293
-2.67572643988112 -4.03315664945239 7.13968158055581 -0.884929629392489 0.46350949283359 -0.0453696725725793 -0.0687552604009513 -0.0336714761726607 0.997065118242061 -0.319998426772205 0.0491934944295202 0.465533040769434 -0.0425317105723631 -0.181429941057359 0.16450577612768
-3.02153717116005 -4.7626981875438 7.81138076265525 0.918913123155663 -0.391193129147721 0.0506607430717983 0.389616157175111 0.92017767797558 0.0383686541004511 -0.0101533263751306 0.0854316320415229 0.280087251090873 -0.338568497432687 -0.348103795362612 -0.0271668833421226
-3.70297524471223 -4.71181155157441 7.62200468785967 -0.0329852698049687 -0.95519597518341 0.294130134051202 -0.285070480492687 -0.273073953085595 -0.918784714537226 0.178393940508957 -0.558997858166802 -0.349469047590005 0.0751057653866684 -0.0398594453695179 -0.420201898013728
-3.71673922510274 -3.71279949320953 7.27445419553721 -0.0564563135115629 -0.49671045498348 -0.866078106525214 -0.919771738647585 -0.31156053250862 0.238641629775496 0.178727648643318 0.00357457493407808 0.194033180706186 0.445666827984899 -0.162728431993528 -0.161842818456341
-4.14985693148094 -3.58271874593555 7.00102241634676 -0.0266934610971042 -0.96605828386182 -0.256941189020454 -0.999633268976129 0.0246276407981851 0.0112552896350788 -0.306508188085619 0.230031554309954 -0.218732874302597 0.313919063232568 0.275486002069788 -0.127548019510005
-4.62702406196104 -3.50456332982006 6.74946058034346 0.0165688780576712 -0.997833034810622 0.0636757445048599 -0.998918763321715 -0.0192862358705887 -0.0422996549134573 -0.0628658903184508 0.0157024796227465 -0.830179144236011 0.0531102414057073 0.0587416861939844 -0.234419209740315
-4.98018249721019 -3.67167162335988 6.43211826937795 -0.104132372071967 -0.786833376347511 0.608317035104385 -0.986122528022242 0.00216537226034521 -0.166004733035927 0.013645779736456 -0.36923136870165 0.463034206821322 -0.0972177191625157 0.246656866570762 0.153964801762822
-5.40927232892449 -3.86459904194857 6.24550959691575 -0.0668797445741241 -0.36476016624387 0.928696419625835 -0.918845418727186 -0.34028511057648 -0.199822648799193 0.21757011848476 0.283839264221087 0.168080374222392 0.040217020455185 -0.134063194779768 -0.133175529794027
-5.71987379589376 -4.26038202261628 6.11884498436565 -0.180317255706625 0.159173189450103 0.970643877072328 -0.861991945022781 -0.500885894049929 -0.077994028557546 0.315319670287234 -0.509492052365151 0.0261907805325866 -0.0251265293193327 0.36737775681285 0.366437685379701
195.281839883707 58.2870248948173 40.3475894073822 0.161818052379722 -0.415533699642261 0.895067910138677 -0.881859073980893 0.346171943881368 0.32013974133668 0 0 0 0 0 0
72.5422071760721 175.306044738889 88.6153816842603 0.149899460723874 0.634115433539366 0.758569507261479 0.85218284678562 0.306156851406483 -0.424325664962258 0 0 0 0 0 0
55.137573690815 59.6592768454691 1.10541020320359 0.567430330747797 0.803702951953166 0.179121027692991 0.255830434836817 -0.378841428823427 0.88939859361141 0 0 0 0 0 0
52.2978555257176 18.6493321033431 135.206288315436 0.151443297224572 0.651057334454798 -0.743766903202203 0.713980962132428 -0.592416474034219 -0.373194091101928 0 0 0 0 0 0
62.417443652384 33.765851058735 190.25101109611 0.854947389534046 -0.420516464827933 0.303695185685463 -0.0282441994914103 0.546868507148818 0.836741906161019 0 0 0 0 0 0
111.142930436497 147.124262558836 130.06958500746 -0.00175377191908136 -0.855011279379907 0.518606406010552 0.987013148635137 0.0818237494089452 0.138238200374781 0 0 0 0 0 0
47.8027497579512 98.3505207271117 131.4818629588 -0.983697444346332 -0.0247475395194332 0.178120122776612 -0.127692312253232 0.793557046847175 -0.594946924230504 0 0 0 0 0 0
46.1052020325974 71.3170757796297 81.9326302965796 0.0677647756049456 0.271588990031584 0.960024606593235 0.62266943471648 0.740322480083418 -0.253387739797378 0 0 0 0 0 0
187.934629003698 32.9599292530114 196.894882081593 -0.301227665854746 0.953329579879381 -0.0206056929817468 -0.437444358602592 -0.157357995757314 -0.885370418548377 0 0 0 0 0 0
17.7869471788786 115.376569700762 20.1317428011635 -0.818622494001522 -0.533140432062241 0.21358465930359 0.498063688268473 -0.473818661181683 0.726242622198739 0 0 0 0 0 0
82.8214151605254 197.266978912805 158.797794452695 -0.855101071621402 0.367281611165382 -0.365932059654833 0.50923698662078 0.72752803251877 -0.459761456893234 0 0 0 0 0 0
45.4688902548411 8.87381533887731 91.8958317372533 0.302564843292668 -0.00782056436092032 0.953096655735592 0.940816467205358 -0.157758382791334 -0.29996091654054 0 0 0 0 0 0
178.580983507324 166.971718214596 137.589089080569 -0.808549505246564 -0.576315176584839 0.118778934110031 0.342135249081485 -0.296215358983811 0.89173977352622 0 0 0 0 0 0
88.2466923217979 26.9025903663621 119.203750609955 -0.515852986493127 -0.403269565899978 0.755823559914785 0.795955200283691 0.100628150101043 0.596933142442621 0 0 0 0 0 0
131.328709006992 114.386627214529 116.009268939041 -0.400590844494384 0.429481127906293 0.809365701558305 0.335534453907174 0.890740494017184 -0.30659089668941 0 0 0 0 0 0
167.650938600852 93.3773639610617 161.746377875811 0.228376444305544 -0.355727206348287 0.906257275957384 0.291447350493081 0.913148671016939 0.284987590436517 0 0 0 0 0 0
140.508120302189 164.902826142263 157.819153050272 0.160704571918074 -0.962891837545043 -0.216825600588675 0.909432359960317 0.229824402715859 -0.346573821372267 0 0 0 0 0 0
5.25507817232351 165.417738668591 99.6560683307723 0.662241821676457 -0.419115981876954 0.621109865554201 0.392510469886235 -0.512050908032979 -0.764028344146478 0 0 0 0 0 0
142.025788244049 -6.92003738942058 -3.2745283607967 -0.526091822166613 -0.519481144706432 0.673325068525238 0.490548751703617 0.461383809289091 0.739247461203153 0 0 0 0 0 0
34.5440610548759 89.0045585156296 67.7079446473113 -0.187964087359745 0.417946299930433 0.888813981579708 -0.851151622482287 0.382258782760078 -0.359748574365948 0 0 0 0 0 0
125.589210253432 22.4092819035091 137.907430368737 -0.258103426510601 -0.128625071044465 0.957516629142936 0.152036108320783 0.973341067158442 0.171732881179657 0 0 0 0 0 0
27.6518211751677 159.968901410679 117.044074278619 0.0826529868976952 0.570629414415552 0.817037621390868 -0.620311797665672 0.671121108046177 -0.40596756827935 0 0 0 0 0 0
181.625087189733 193.941605939185 189.126780785324 0.935802843776496 -0.229439077971333 0.267638999672417 -0.160690332739479 0.398117921979664 0.903150395475639 0 0 0 0 0 0
62.544860932525 139.354415902576 19.5844470301214 -0.122831692796919 -0.453543972562104 0.882728806321373 0.610826578037952 0.666478225183653 0.42743139877784 0 0 0 0 0 0
52.0225060966351 23.5835505229104 51.800092243457 -0.921565927084803 0.383669209839117 -0.0592796575252391 0.31430411098047 0.826979572287232 0.466173438923521 0 0 0 0 0 0
61.7402445471321 34.0209354352092 204.292974315502 0.320729701569497 -0.745345211225479 0.58445951241344 0.455617784066844 -0.419571258865932 -0.785093813089866 0 0 0 0 0 0
194.467706555937 110.384119786595 97.5504285959924 -0.793282169004613 -0.576301468551143 0.196417764135646 -0.0650927421953262 0.401029026156215 0.91374972232891 0 0 0 0 0 0
186.062714631084 94.9854299028787 133.364819496546 0.405586297429895 -0.17854785848649 0.89644871697048 0.890850552133163 0.296801817355546 -0.343938753661901 0 0 0 0 0 0
76.9782396620351 144.236449008371 201.020496662422 -0.503682264660506 -0.662791154357599 -0.554086631430687 -0.311814730518292 0.737629915931891 -0.598893668864809 0 0 0 0 0 0
29.3854949832925 142.705670336287 46.3121810002044 0.743740848861552 0.511833576646823 0.429971919515692 -0.104122432129108 0.724071116915229 -0.681820709619676 0 0 0 0 0 0
194.499703387808 94.8178243081915 195.654888223831 0.305405637561714 0.0781090798686194 0.949013303228998 0.319795934846967 0.930330728182654 -0.179486156075228 0 0 0 0 0 0
19.7258107838225 51.2176096600519 110.748369790607 -0.967166751275492 0.190377069642284 -0.168359531042607 -0.0522635621976317 0.499310906948368 0.864845101032399 0 0 0 0 0 0
159.754906765991 116.319104397708 23.3273484735159 0.0596362245502794 0.273394223044683 0.960051565921392 0.993786088842357 0.0742888690162807 -0.0828870014676645 0 0 0 0 0 0
95.1153487911667 76.1057566645472 145.073113130062 -0.542009914387407 0.235105139768043 0.806815166776343 -0.472900250854607 0.708305176822798 -0.524088799560942 0 0 0 0 0 0
35.7112100054283 127.873747409109 41.9120448203355 -0.774526895608731 0.315966525462011 0.54797183819802 0.627479393163629 0.493168185246423 0.602540174594127 0 0 0 0 0 0
84.3989015299059 151.640633959967 60.8988489840264 -0.259707930380068 -0.789264410271712 0.556429183838254 0.150807502088706 0.535982720349194 0.830650068222294 0 0 0 0 0 0
12.8360289370134 14.0821269362507 200.813469992228 0.770269370061034 -0.60717973387328 0.194981519787415 0.501587071257593 0.388016096625217 -0.773210073295359 0 0 0 0 0 0
149.524064169267 133.605882558861 132.331379948396 0.47649422674733 -0.617774872047212 0.625545670299095 0.741523656009658 0.664650351156558 0.0915560578997799 0 0 0 0 0 0
100.982579595618 7.69552598603075 153.009037375948 -0.256598921959783 -0.597269646658888 0.759885442514466 0.361920208638316 0.669630873220396 0.648543129216636 0 0 0 0 0 0
32.3635020603013 216.420413106995 43.3155836711512 -0.30847167177666 -0.420279741334591 0.853352253516857 0.801363606748553 0.368521728204534 0.471177251785785 0 0 0 0 0 0
33.5027140012658 43.3948120154732 32.8953302115408 -0.519456067934593 0.247083187285797 0.817994608854526 0.706965100455136 0.661968324120814 0.248994412844154 0 0 0 0 0 0
116.653610304888 162.512365894497 65.7312078458355 0.590542078395927 -0.731469215137355 -0.340899964100135 0.41402271613812 0.637206336574771 -0.650040925130164 0 0 0 0 0 0
62.501345225719 111.851697176106 62.5275161000698 0.750627939721977 -0.274407171960143 -0.601047660217277 -0.216473011484269 0.757333550041102 -0.616104924866505 0 0 0 0 0 0
136.556867599669 15.8949329241758 70.8195096303779 -0.752160613205571 0.371873579083607 0.544026056726998 0.498317993248382 0.86117263281604 0.100303755124651 0 0 0 0 0 0
66.000283405781 150.56421719117 160.527153049391 0.347342051688662 0.911133015381794 0.221788428832254 -0.110016929057762 0.27447533218471 -0.955279779496213 0 0 0 0 0 0
61.7655003779264 74.7037728232209 64.6538980567728 0.160567296607328 -0.915451592987336 0.369007459072858 -0.958571831922377 -0.0555120414240427 0.279389222161445 0 0 0 0 0 0
91.7021876626377 92.4086577196661 180.82099533107 0.43106474307431 0.674993039510586 0.598805075959491 -0.896315475879074 0.243879671885812 0.370325750146408 0 0 0 0 0 0
