t = 30000
b = 200 200 200
E = -0.30818921161417 -0.391787773980096 0.0835985623659262
-5.73075912358743 -3.99785947774348 7.70885788199015 0.146857762404879 -0.552536518355059 -0.820448728898466 0.921290915876195 0.378342359614478 -0.0898889178629452 0.0737290173757855 0.188825359684015 -0.141996316202234 0.439174054638759 0.0249645115358967 -0.128956897821368
-5.24040138567304 -3.99130375277008 7.72965533492608 -0.134340882025313 -0.23452097192527 -0.962783633961038 0.972243308216847 0.156626732748573 -0.173812956332486 0.0927263517280003 0.0092026747056887 0.420513689472762 0.0627108492073244 -0.860559069490227 -0.182670962817268
-4.7646606282924 -4.20943103841776 7.62627681896556 -0.295774156965686 0.467113318884351 -0.833260257625937 0.95396642368963 0.189777892552242 -0.232233368701488 0.0250430132537108 0.238629179069906 -0.218592600796491 -0.350474418160079 0.408043549379125 -0.099324634166128
-4.31739901104447 -4.19792304710236 7.32556476035999 -0.400982072315972 0.759139582149715 -0.512757581132367 0.895263778670707 0.206072578135519 -0.395014896481395 0.052988739608189 0.000280042271084024 0.12971132154085 0.375855363684741 -0.173207110691072 0.0667961644389764
-3.95712663078388 -4.23890247032406 6.96543444301386 -0.386363465298602 0.922014715789043 -0.024738911360009 0.852270054608832 0.346625675335665 -0.39177322633133 0.296543616618383 0.311058929279679 -0.153106339038601 0.177617671062008 -0.12518147227566 0.312044420049499
-3.76561637624229 -4.12384065562725 6.42529861438898 0.0600459905081591 0.774521856982574 0.629690600684574 0.902442244429299 0.227479997891261 -0.365856291792678 0.234693476393164 -0.416559794701256 -0.366848793174203 0.222708968377472 0.212270088658465 0.135754251484484
-3.67745945206545 -3.83797455391689 5.50550220733364 -0.435630212453775 0.13756351669824 -0.889551917033073 -0.569033549051557 0.723639146086456 0.390572611736136 -0.258209171031133 -0.164114171206234 -0.0781046624887964 -0.308356217913854 -0.503563032769203 0.399745209225293
-3.70815101154295 -3.34176095179802 5.62473692948663 -0.772331668455274 -0.251162596526999 -0.583456087142963 -0.515959708692914 0.78381377377807 0.345574057390824 -0.319998426772205 0.0491934944295202 0.465533040769434 -0.0425317105723631 -0.181429941057359 0.16450577612768
-3.53820740347007 -2.70348128805367 6.04148373491358 -0.158776260257626 0.67364510357447 -0.721797893998189 0.568053754441397 0.660277515557533 0.491272257784429 -0.0101533263751306 0.0854316320415229 0.280087251090873 -0.338568497432687 -0.348103795362612 -0.0271668833421226
-3.3474757659406 -2.43219191024974 7.12529079287297 -0.512504767085678 0.434369139845374 0.740717385144743 0.70608672325674 -0.277709846773581 0.651397460937148 0.178393940508957 -0.558997858166802 -0.349469047590005 0.0751057653866684 -0.0398594453695179 -0.420201898013728
-3.79768630811827 -3.1047872006375 7.13311871433351 0.0294699386972089 -0.744183187652818 -0.667325086355107 -0.969106731800534 -0.184824933235456 0.163314846156775 0.178727648643318 0.00357457493407808 0.194033180706186 0.445666827984899 -0.162728431993528 -0.161842818456341
-4.27866533157126 -3.06427260006097 6.86602088183726 0.148891639575028 -0.987787511030224 0.0459024082734418 -0.982651575593196 -0.14260754601534 0.118569994908031 -0.306508188085619 0.230031554309954 -0.218732874302597 0.313919063232568 0.275486002069788 -0.127548019510005
-4.79881202879182 -3.33364608606524 6.68404232961616 0.413155831106193 -0.780729938589149 0.46878876021674 -0.90744617444214 -0.396169905279436 0.139967041666804 -0.0628658903184508 0.0157024796227465 -0.830179144236011 0.0531102414057073 0.0587416861939844 -0.234419209740315
-5.14545340567437 -3.67686894576568 6.54919196056088 0.314804617296621 -0.233284889912568 0.920041378977547 -0.864058755929869 -0.471593949857675 0.176072451996082 0.013645779736456 -0.36923136870165 0.463034206821322 -0.0972177191625157 0.246656866570762 0.153964801762822
-5.45188278378944 -4.24446583404094 6.57659191116091 0.230852212767087 0.148083544432839 0.961654005687014 -0.76785420263753 -0.579292133780997 0.273533379752306 0.21757011848476 0.283839264221087 0.168080374222392 0.040217020455185 -0.134063194779768 -0.133175529794027
-5.591578572212 -4.71252301900046 6.76036604150823 -0.0797929547802901 0.60232439471222 0.794253341584889 -0.690194808578088 -0.608280016838765 0.391952054911265 0.315319670287234 -0.509492052365151 0.0261907805325866 -0.0251265293193327 0.36737775681285 0.366437685379701
118.503748380897 142.45361585389 8.82873596651711 0.309293010122968 -0.949836033305587 -0.0463608893717916 0.91842355122199 0.310997967713047 -0.244496087820938 0 0 0 0 0 0
188.221462963398 132.524719017638 26.6432621902225 0.673050667389811 0.690483778956824 0.265018655474481 -0.581010706718651 0.271903209159846 0.76713433838598 0 0 0 0 0 0
108.443419023728 105.14301289601 151.979790258027 0.276976633245297 0.439388159260143 -0.854530218274098 -0.869246357446563 -0.264433481867469 -0.417714726649363 0 0 0 0 0 0
52.4061173017075 19.2490397085598 75.0785673794394 0.323014738184683 -0.889883200879315 0.322132492772548 -0.647493849941482 -0.456046926552957 -0.610551243265685 0 0 0 0 0 0
185.97476823557 90.5080263189731 38.3129313202789 0.740349202567219 0.639598200946844 -0.206874670177841 -0.667105291775835 0.736956286226044 -0.108930745937097 0 0 0 0 0 0
45.8025915554753 132.893666702094 65.2039048022893 -0.313299619738434 0.870234185885646 0.380178617305733 -0.0278327074670126 0.391747389040042 -0.9196516855096 0 0 0 0 0 0
80.338567774519 31.7889492992827 147.165626877831 0.540433925242213 -0.818324540202386 0.19564273554025 0.496246609757072 0.122233905989832 -0.859533627674291 0 0 0 0 0 0
88.1434328450707 32.0126782506237 139.282051712534 0.101333697528778 0.637462101067941 -0.763788897981338 -0.728522735549237 0.570372443849195 0.379380835912659 0 0 0 0 0 0
169.483841128658 19.5011540783013 95.8409713928378 0.531680748053383 -0.551851633462906 0.642475893624394 0.472437467866214 0.822840841650778 0.315809673333473 0 0 0 0 0 0
147.437783980923 157.446865553111 194.922537475407 -0.983343097409311 -0.173236208266838 -0.0550041206734832 -0.177381536581191 0.848650354960779 0.498325528295691 0 0 0 0 0 0
78.9590775175667 4.75970566157485 44.3757228955281 -0.266698428773303 0.896895695348776 -0.35277476729489 -0.861045420947132 -0.386175391500719 -0.33086137374103 0 0 0 0 0 0
116.982017055554 70.6226076043734 184.111389577273 0.966996106404188 0.248521526887291 0.0561735616299159 0.254623431952265 -0.934589606016166 -0.248413286968288 0 0 0 0 0 0
28.6470879645314 128.781075745062 149.870344878997 -0.746639612060343 -0.629842572385327 -0.214073706453262 -0.370113940325069 0.125912979404573 0.92041375232836 0 0 0 0 0 0
181.139730106879 30.4095301097617 64.5324425797243 -0.431715241926166 -0.430487175029826 -0.792655438955646 0.868376036874601 -0.436084914440784 -0.236120540063529 0 0 0 0 0 0
150.907376092773 146.416057485951 116.448173916124 -0.700456100019068 -0.551361997305205 0.453167868349069 -0.70171769499845 0.647893237840634 -0.29635546176362 0 0 0 0 0 0
107.769882482859 19.7649828028005 72.7207700592427 -0.236366370928572 -0.702897978740788 0.670869070582398 0.529802862486699 0.485539485683749 0.695384960749803 0 0 0 0 0 0
187.275844509904 200.532182799295 103.781324988975 0.662589974091904 0.645892429596368 -0.379206310792781 0.485869110284061 0.0146459843448154 0.873908795945337 0 0 0 0 0 0
169.158924637751 167.400581192689 60.5259183004446 -0.16731343854442 0.481322861930991 0.860426884908378 0.549359319200792 0.770202204720396 -0.324026007842122 0 0 0 0 0 0
70.6894703329056 131.912633281685 178.985784190395 -0.841108619621193 0.275904358031024 0.465202069087978 0.144722979663213 0.943550478167717 -0.297939156923249 0 0 0 0 0 0
176.922244550423 41.1114098439207 29.1483988514093 0.559813523398479 -0.417264003620202 0.715890684287185 -0.781495763037545 -0.55306929522785 0.288753604801148 0 0 0 0 0 0
191.064392630548 120.622012240049 36.2195214435671 -0.610269313732349 -0.398436323600199 0.684704140828702 -0.419121913199005 -0.571051188896984 -0.705859250276243 0 0 0 0 0 0
141.458872763896 181.753158952309 104.719660046292 -0.237772175423284 -0.966312011813892 0.098516397224616 0.622570855433316 -0.0737628791009689 0.779079231574749 0 0 0 0 0 0
87.9079160592086 155.719373685491 154.448207683795 0.399670629878553 -0.881361242322468 -0.251924039219129 0.846047426338099 0.248904433967285 0.471434219498592 0 0 0 0 0 0
45.7345841806295 154.160514738781 7.11992403863501 -0.0036536680006733 0.316234731374603 0.948673883953139 0.974540248171196 -0.211553022942066 0.0742732071772849 0 0 0 0 0 0
165.672699666344 157.294944009838 83.9046099701593 0.612109490794873 -0.655265345170163 -0.44266153060075 -0.178095960496337 -0.659636042776785 0.730179466012085 0 0 0 0 0 0
112.983701100635 60.1135252074498 158.455460035659 -0.584241716497077 0.742451013999547 0.327762192783835 -0.0829080649299023 0.347143976162586 -0.934139822371421 0 0 0 0 0 0
62.3496288910677 55.8679585174808 84.6142479656871 0.172907307982443 0.350330497267358 0.920527838227671 -0.398301018804937 -0.829905754469089 0.390656754726439 0 0 0 0 0 0
55.2291251397104 184.971818875727 164.890191358683 0.515149447060053 0.622413920351095 0.589255365626122 -0.610558432816449 0.748988179396878 -0.257361719969384 0 0 0 0 0 0
