#t = 87000000; extr. Ts: 0.0993833 0.103383 0.108383 0.10905 0.109717 0.110383 0.11105 0.111717 0.112383 0.11305 0.113717 0.114383 
0 3.25195e+10 4.06494e+09 2.37952e+09 1.45026e+09 1.97792e+09 2.21505e+09 2.52011e+09 2.91177e+09 3.41527e+09 4.06494e+09 4.90766e+09 6.00772e+09 7.45395e+09 9.36977e+09 
1 5.72887e+09 540791 2.29525e+06 718731 436564 440639 452395 472318 501318 540791 592727 659866 745919 855887 
2 6.65454e+09 3.53232e+06 9.65503e+07 1.66613e+07 4.76359e+06 4.34169e+06 4.02382e+06 3.79114e+06 3.63033e+06 3.53232e+06 3.49145e+06 3.50489e+06 3.5724e+06 3.69615e+06 
3 6.08117e+09 1.82617e+07 2.54473e+09 2.58241e+08 3.8289e+07 3.19638e+07 2.71279e+07 2.34007e+07 2.05104e+07 1.82617e+07 1.65122e+07 1.51585e+07 1.41244e+07 1.33548e+07 
4 5.14547e+09 9.01254e+07 5.36514e+10 3.41328e+09 2.8091e+08 2.16694e+08 1.69918e+08 1.35401e+08 1.09614e+08 9.01254e+07 7.52393e+07 6.37578e+07 5.48263e+07 4.78288e+07 
5 3.99889e+09 3.7217e+08 9.21629e+11 3.69937e+10 1.70836e+09 1.21981e+09 8.85302e+08 6.52901e+08 4.89146e+08 3.7217e+08 2.87497e+08 2.25418e+08 1.79345e+08 1.44746e+08 
6 3.17701e+09 1.15057e+09 9.77359e+12 2.68786e+11 7.52588e+09 5.01277e+09 3.39151e+09 2.33015e+09 1.62528e+09 1.15057e+09 8.26456e+08 6.02188e+08 4.44975e+08 3.33362e+08 
7 2.56525e+09 2.28597e+09 5.97638e+13 1.15713e+12 2.05476e+10 1.28567e+10 8.1672e+09 5.26578e+09 3.44485e+09 2.28597e+09 1.5383e+09 1.04944e+09 7.25617e+08 5.08357e+08 
8 1.98848e+09 1.98848e+09 1.37801e+14 1.98857e+12 2.37324e+10 1.40471e+10 8.43632e+09 5.1394e+09 3.17499e+09 1.98848e+09 1.26221e+09 8.11816e+08 5.28919e+08 3.48991e+08 
