#t = 87000000; extr. Ts: 0.0993833 0.103383 0.108383 0.10905 0.109717 0.110383 0.11105 0.111717 0.112383 0.11305 0.113717 0.114383 
0 2.8183e+10 3.52287e+09 2.19412e+09 1.31004e+09 1.74421e+09 1.94661e+09 2.20703e+09 2.54113e+09 2.97014e+09 3.52287e+09 4.23859e+09 5.17112e+09 6.39467e+09 8.0122e+09 
1 6.96347e+09 657334 2.54187e+06 824645 521431 528409 544527 570480 607478 657334 722606 806809 914712 1.05276e+06 
2 8.09251e+09 4.29561e+06 1.09768e+08 1.92919e+07 5.68532e+06 5.20259e+06 4.8406e+06 4.57799e+06 4.39972e+06 4.29561e+06 4.2594e+06 4.28809e+06 4.38164e+06 4.54286e+06 
3 7.31738e+09 2.1974e+07 2.69688e+09 2.85268e+08 4.45741e+07 3.74635e+07 3.20094e+07 2.77949e+07 2.45217e+07 2.1974e+07 1.99948e+07 1.84693e+07 1.73135e+07 1.64661e+07 
4 5.64229e+09 9.88276e+07 5.65085e+10 3.60832e+09 3.02591e+08 2.34182e+08 1.8426e+08 1.47354e+08 1.19734e+08 9.88276e+07 8.28349e+07 7.04851e+07 6.08702e+07 5.33343e+07 
5 4.18091e+09 3.8911e+08 9.25781e+11 3.7617e+10 1.76837e+09 1.26541e+09 9.20314e+08 6.80084e+08 5.10486e+08 3.8911e+08 3.01094e+08 2.36454e+08 1.88399e+08 1.52255e+08 
6 3.24643e+09 1.17571e+09 9.67632e+12 2.67164e+11 7.58686e+09 5.06624e+09 3.43675e+09 2.36768e+09 1.65608e+09 1.17571e+09 8.46941e+08 6.18895e+08 4.58637e+08 3.44579e+08 
7 2.44764e+09 2.18117e+09 5.56812e+13 1.08407e+12 1.94268e+10 1.21745e+10 7.74697e+09 5.00395e+09 3.27999e+09 2.18117e+09 1.4711e+09 1.00604e+09 6.97413e+08 4.89948e+08 
8 1.78562e+09 1.78562e+09 1.26327e+14 1.80611e+12 2.14065e+10 1.26597e+10 7.59648e+09 4.62367e+09 2.85378e+09 1.78562e+09 1.13232e+09 7.27532e+08 4.73497e+08 3.12073e+08 
