#t = 87000000; extr. Ts: 0.0993833 0.103383 0.108383 0.10905 0.109717 0.110383 0.11105 0.111717 0.112383 0.11305 0.113717 0.114383 
0 2.62831e+10 3.28539e+09 1.98987e+09 1.19652e+09 1.6149e+09 1.80544e+09 2.0503e+09 2.36416e+09 2.76688e+09 3.28539e+09 3.95635e+09 4.82994e+09 5.9752e+09 7.48781e+09 
1 6.2666e+09 591551 2.62019e+06 811307 484722 487913 499502 519948 550157 591551 646170 716837 807382 922976 
2 7.58582e+09 4.02666e+06 1.07525e+08 1.89048e+07 5.44619e+06 4.96336e+06 4.59841e+06 4.32996e+06 4.14285e+06 4.02666e+06 3.97474e+06 3.98359e+06 4.05251e+06 4.1834e+06 
3 7.32377e+09 2.19932e+07 2.87544e+09 2.99323e+08 4.55613e+07 3.81427e+07 3.24574e+07 2.80658e+07 2.46535e+07 2.19932e+07 1.99196e+07 1.83118e+07 1.70808e+07 1.61616e+07 
4 6.22943e+09 1.09112e+08 6.44685e+10 4.12164e+09 3.40214e+08 2.62471e+08 2.05819e+08 1.63997e+08 1.32742e+08 1.09112e+08 9.10535e+07 7.71181e+07 6.62706e+07 5.77644e+07 
5 4.81394e+09 4.48025e+08 1.13128e+12 4.51059e+10 2.07106e+09 1.47711e+09 1.07068e+09 7.88514e+08 5.89837e+08 4.48025e+08 3.45456e+08 2.7032e+08 2.14601e+08 1.72793e+08 
6 3.80046e+09 1.37636e+09 1.22829e+13 3.32822e+11 9.13137e+09 6.06529e+09 4.09215e+09 2.80357e+09 1.9499e+09 1.37636e+09 9.85715e+08 7.16068e+08 5.27501e+08 3.93951e+08 
7 3.12112e+09 2.78133e+09 7.47576e+13 1.43492e+12 2.51952e+10 1.574e+10 9.9832e+09 6.42661e+09 4.19775e+09 2.78133e+09 1.86881e+09 1.27303e+09 8.78922e+08 6.14877e+08 
8 2.43496e+09 2.43496e+09 1.71814e+14 2.45749e+12 2.9166e+10 1.72518e+10 1.03539e+10 6.30308e+09 3.89096e+09 2.43496e+09 1.54431e+09 9.92353e+08 6.45912e+08 4.25737e+08 
