#t = 87000000; extr. Ts: 0.0993833 0.103383 0.108383 0.10905 0.109717 0.110383 0.11105 0.111717 0.112383 0.11305 0.113717 0.114383 
0 2.68215e+10 3.35269e+09 2.12814e+09 1.25408e+09 1.65801e+09 1.85022e+09 2.0979e+09 2.41607e+09 2.8251e+09 3.35269e+09 4.03665e+09 4.92891e+09 6.10117e+09 7.65316e+09 
1 6.86734e+09 648260 2.60551e+06 829357 515964 522191 537575 562805 599092 648260 712890 796537 904030 1.04191e+06 
2 7.74646e+09 4.11193e+06 1.06554e+08 1.87099e+07 5.46592e+06 4.99681e+06 4.64474e+06 4.38889e+06 4.21459e+06 4.11193e+06 4.07481e+06 4.10036e+06 4.18861e+06 4.3424e+06 
3 7.29315e+09 2.19012e+07 2.78599e+09 2.91415e+08 4.47819e+07 3.7573e+07 3.20502e+07 2.77867e+07 2.44772e+07 2.19012e+07 1.98987e+07 1.83524e+07 1.71767e+07 1.63089e+07 
4 6.02585e+09 1.05546e+08 6.14843e+10 3.90512e+09 3.24975e+08 2.51229e+08 1.97454e+08 1.57728e+08 1.2802e+08 1.05546e+08 8.83643e+07 7.51029e+07 6.47816e+07 5.66936e+07 
5 4.68208e+09 4.35753e+08 1.03989e+12 4.21423e+10 1.97712e+09 1.41491e+09 1.02925e+09 7.60821e+08 5.71342e+08 4.35753e+08 3.37438e+08 2.65239e+08 2.11569e+08 1.71205e+08 
6 3.62091e+09 1.31133e+09 1.11443e+13 3.04658e+11 8.53907e+09 5.69179e+09 3.85411e+09 2.65038e+09 1.85046e+09 1.31133e+09 9.42946e+08 6.8783e+08 5.08835e+08 3.81643e+08 
7 2.69525e+09 2.40182e+09 6.39528e+13 1.2318e+12 2.16911e+10 1.35575e+10 8.60358e+09 5.54182e+09 3.62226e+09 2.40182e+09 1.61516e+09 1.10127e+09 7.61123e+08 5.33077e+08 
8 2.10666e+09 2.10666e+09 1.48598e+14 2.11965e+12 2.51664e+10 1.48914e+10 8.94118e+09 5.44595e+09 3.36393e+09 2.10666e+09 1.33721e+09 8.60093e+08 5.60433e+08 3.69851e+08 
