#t = 88000000; extr. Ts: 0.0993833 0.103383 0.108383 0.10905 0.109717 0.110383 0.11105 0.111717 0.112383 0.11305 0.113717 0.114383 
0 3.20966e+10 4.01207e+09 2.38145e+09 1.45521e+09 1.97061e+09 2.20328e+09 2.50233e+09 2.88577e+09 3.37799e+09 4.01207e+09 4.83307e+09 5.90269e+09 7.30599e+09 9.16084e+09 
1 5.77471e+09 545118 2.26454e+06 719071 440694 444834 456631 476584 505610 545118 597117 664375 750661 861066 
2 7.01731e+09 3.72489e+06 9.85735e+07 1.73103e+07 5.01186e+06 4.57234e+06 4.24071e+06 3.99743e+06 3.82866e+06 3.72489e+06 3.68006e+06 3.691e+06 3.75708e+06 3.8801e+06 
3 6.55424e+09 1.96823e+07 2.57539e+09 2.67523e+08 4.067e+07 3.40528e+07 2.89861e+07 2.50766e+07 2.2043e+07 1.96823e+07 1.78467e+07 1.64283e+07 1.53477e+07 1.45471e+07 
4 5.60385e+09 9.81543e+07 5.56654e+10 3.60622e+09 3.02886e+08 2.34185e+08 1.84032e+08 1.46943e+08 1.19178e+08 9.81543e+07 8.20641e+07 6.96304e+07 5.99396e+07 5.2332e+07 
5 4.14884e+09 3.86125e+08 8.79727e+11 3.63224e+10 1.73815e+09 1.24641e+09 9.08323e+08 6.72509e+08 5.05713e+08 3.86125e+08 2.99256e+08 2.35353e+08 1.87773e+08 1.51935e+08 
6 3.14884e+09 1.14037e+09 9.40498e+12 2.59316e+11 7.35057e+09 4.90868e+09 3.33032e+09 2.29487e+09 1.60566e+09 1.14037e+09 8.21876e+08 6.00915e+08 4.45595e+08 3.35014e+08 
7 2.45279e+09 2.18576e+09 5.68765e+13 1.10267e+12 1.96178e+10 1.22779e+10 7.8016e+09 5.03151e+09 3.29265e+09 2.18576e+09 1.47146e+09 1.00431e+09 6.94765e+08 4.87025e+08 
8 1.84207e+09 1.84207e+09 1.27951e+14 1.84955e+12 2.20403e+10 1.304e+10 7.8278e+09 4.76628e+09 2.94289e+09 1.84207e+09 1.16857e+09 7.51122e+08 4.89056e+08 3.22471e+08 
