t = 30000
b = 200 200 200
E = -0.0601277641007602 -0.0778975068258846 0.0177697427251244
-5.45985753449543 -4.98135119304155 7.90383629608053 0.0730655546071892 -0.0332600679888497 -0.996772340782724 0.660709833800179 0.75027663265752 0.0233964092053818 0.0737290173757855 0.188825359684015 -0.141996316202234 0.439174054638759 0.0249645115358967 -0.128956897821368
-4.8235959849217 -4.86148224270144 7.76621754020817 -0.285254501833886 0.192023900179044 -0.93901894636016 0.710963358436958 0.699435469346014 -0.072945455888843 0.0927263517280003 0.0092026747056887 0.420513689472762 0.0627108492073244 -0.860559069490227 -0.182670962817268
-4.3990532317687 -4.72178032572106 7.53625476120486 -0.621867950340895 0.378308346617352 -0.685684267794579 0.730263664756589 0.596359036097242 -0.333272854841562 0.0250430132537108 0.238629179069906 -0.218592600796491 -0.350474418160079 0.408043549379125 -0.099324634166128
-4.13098771945627 -4.56235541784193 7.18127274547834 -0.662082400945127 0.7469359420103 -0.0611020777425955 0.727830617157569 0.621425402750013 -0.289987856392901 0.052988739608189 0.000280042271084024 0.12971132154085 0.375855363684741 -0.173207110691072 0.0667961644389764
-3.97878119067278 -4.30375204751252 6.70347294158688 -0.289748071695937 0.802743039861602 0.521200099874926 0.658950428606836 0.56225696709877 -0.499651184026168 0.296543616618383 0.311058929279679 -0.153106339038601 0.177617671062008 -0.12518147227566 0.312044420049499
-4.02205696918801 -3.87210472992939 6.35605103688534 0.259940627751467 0.412506290945401 0.873080357900803 0.643099449429197 0.600511366587231 -0.475193836426915 0.234693476393164 -0.416559794701256 -0.366848793174203 0.222708968377472 0.212270088658465 0.135754251484484
-4.3470464965277 -3.23155855732105 6.10066227336538 -0.888686157191969 0.111560904822181 0.444736919819967 0.393449610793332 -0.312520121665153 0.864597361632081 -0.258209171031133 -0.164114171206234 -0.0781046624887964 -0.308356217913854 -0.503563032769203 0.399745209225293
-4.23464373162375 -3.18136611265734 6.53544200202134 -0.840268892974019 -0.512068474909169 0.178140142782095 0.370491922496191 -0.302433548775638 0.878219556325912 -0.319998426772205 0.0491934944295202 0.465533040769434 -0.0425317105723631 -0.181429941057359 0.16450577612768
-3.54361479178044 -3.5044335260657 7.05368730097378 -0.0421094815795138 -0.65624538958709 0.753371482641696 0.520634970196838 0.62915855526898 0.577146982096542 -0.0101533263751306 0.0854316320415229 0.280087251090873 -0.338568497432687 -0.348103795362612 -0.0271668833421226
-3.19397755067519 -4.19395976757252 7.75876020128302 -0.720890714831518 0.0614351254195922 0.690320381860383 -0.6684491702226 -0.324658571306615 -0.669157978216981 0.178393940508957 -0.558997858166802 -0.349469047590005 0.0751057653866684 -0.0398594453695179 -0.420201898013728
-3.80411477806041 -3.33082633214434 7.4034853440138 -0.129605568498125 -0.406502396634025 -0.904410346178343 -0.836787122132451 -0.444497425632967 0.319701704104368 0.178727648643318 0.00357457493407808 0.194033180706186 0.445666827984899 -0.162728431993528 -0.161842818456341
-4.39008495671413 -3.40724947613424 7.33659667079133 0.314982513633774 -0.736103166118518 -0.599114387855921 -0.907566670892932 -0.41829338178412 0.0367867032938064 -0.306508188085619 0.230031554309954 -0.218732874302597 0.313919063232568 0.275486002069788 -0.127548019510005
-4.90072344811225 -3.64676926394122 7.15356853616167 0.6001052720817 -0.79677739948907 -0.0708471470160284 -0.79832268102281 -0.602148637036969 0.00989146560669582 -0.0628658903184508 0.0157024796227465 -0.830179144236011 0.0531102414057073 0.0587416861939844 -0.234419209740315
-5.24422728793991 -4.10765600464276 6.97157126490464 0.758058086181834 -0.605547232554769 0.24219907729757 -0.590031470624639 -0.794990358576221 -0.140900987606017 0.013645779736456 -0.36923136870165 0.463034206821322 -0.0972177191625157 0.246656866570762 0.153964801762822
-5.26736536948101 -4.55084084037259 6.75362435433148 0.332132854391394 -0.297620386160762 0.895047361692409 -0.542101476603801 -0.836770347924372 -0.077079946878587 0.21757011848476 0.283839264221087 0.168080374222392 0.040217020455185 -0.134063194779768 -0.133175529794027
-5.22667773022462 -5.06735612755176 6.75834740744168 -0.28608265022923 0.171965246551828 0.942647668164603 -0.547498402921499 -0.836697383676369 -0.0135224986720371 0.315319670287234 -0.509492052365151 0.0261907805325866 -0.0251265293193327 0.36737775681285 0.366437685379701
166.055466885001 75.3705274440521 114.308378428675 -0.880735724539551 0.341488418597044 -0.328161756114438 -0.408729770839143 -0.898088917018831 0.162407661452029 0 0 0 0 0 0
17.6988360648803 24.8012245544684 81.073726300304 -0.346798937845695 0.0111046741875335 0.93787369284232 -0.0501890334198457 0.998277625068655 -0.0303783442829687 0 0 0 0 0 0
132.955188372183 159.350647600588 14.6258807685514 -0.828861141774799 -0.338262857213418 0.445608955830612 -0.238484915397991 0.934145043306129 0.26551453446121 0 0 0 0 0 0
60.3389432243022 82.9532833303158 118.247974826419 -0.329476739327749 0.943626156761506 -0.0318550067610017 -0.663473397491602 -0.207390463707818 0.718882558073303 0 0 0 0 0 0
166.264253451135 4.2202044216766 2.65002355598075 -0.168746775439722 0.938218940987059 0.302108805361684 -0.834652163086993 0.0270187322674383 -0.550114202360384 0 0 0 0 0 0
119.491867545572 18.5306676103651 87.9260613832325 -0.476922248626033 -0.0695368071672519 0.876190437394524 0.0247754824423782 0.995405918448982 0.0924836844729345 0 0 0 0 0 0
34.0390547731013 104.087064923845 135.821208406029 0.783253013426303 -0.598303771270325 -0.168959278247942 0.348565736009799 0.19757643915692 0.916223424615533 0 0 0 0 0 0
166.94940488674 189.051447034664 62.7796633896791 0.145415510274331 -0.290465771346402 0.945771566445216 -0.183339567914998 0.931464799258688 0.314260902433933 0 0 0 0 0 0
129.311006637235 15.7661072720598 18.4101829442844 -0.581378509861055 0.813499352835608 -0.0147577399680053 -0.620354782380345 -0.454935466179612 -0.638900282558075 0 0 0 0 0 0
188.775818337601 175.369768844634 143.70345649275 0.216788944132292 -0.223420526084525 0.950308217878488 0.717295119164365 0.696769415473935 0.0001798566918348 0 0 0 0 0 0
105.534138663951 196.128242236291 116.415763639778 0.815429563507483 -0.575327425283053 0.0638192833268468 0.573514559772355 0.81792296416926 0.0456402777728169 0 0 0 0 0 0
125.477171105473 113.779039012726 77.2183109975161 -0.654446391367311 0.214543593427995 -0.725031622498706 -0.618241114851356 0.40019909927841 0.676475058466533 0 0 0 0 0 0
39.9570846951865 92.8656602931385 59.5435432654714 0.354510821015153 0.726546588201723 0.588601798054768 -0.778998410612055 0.577662882055491 -0.243858548198381 0 0 0 0 0 0
162.410544380149 105.076669379469 121.897170341768 0.294213266591378 0.294529725166006 0.909225321846636 0.715790484945795 0.562485201379103 -0.413828827412813 0 0 0 0 0 0
14.7118182489666 150.717682433721 158.422713198253 -0.140768765489738 -0.132789609346946 0.981096813369981 -0.0374841181794505 0.990968730715033 0.128747479532045 0 0 0 0 0 0
49.1137272117506 134.866424586996 43.9302799748993 -0.129884553861835 -0.894482579883803 0.427821099435812 0.882057959314438 0.0928424354395646 0.461902500978247 0 0 0 0 0 0
103.171677429633 5.28031134861464 190.031432437795 0.602541712848739 0.797243768496441 0.0366853435416298 0.139267481351922 -0.0597720259157778 -0.988449166509055 0 0 0 0 0 0
203.11713865155 29.4778778177329 8.15657021113147 -0.137058667240089 -0.153035174981688 0.978670036598273 0.830539728348541 0.520678016628651 0.197732333581062 0 0 0 0 0 0
17.1660487422547 141.618586333585 24.6645172778514 -0.93790340953626 -0.339734471107216 -0.0701254452503325 -0.332037819555661 0.937726172464745 -0.102080837939348 0 0 0 0 0 0
121.053971923058 31.9624980246396 61.2601540364469 0.603644961549382 -0.111760784818778 0.789380877430171 -0.733106770429833 -0.466926035039327 0.494504244403533 0 0 0 0 0 0
167.773481479426 143.472775826064 61.7979525824358 0.0981018172214079 0.978061751696098 -0.183769524551572 -0.289009405493035 -0.148702001452428 -0.945706699631181 0 0 0 0 0 0
152.399154757313 148.058682813914 21.5168326251673 -0.140664700942645 -0.433033668119884 0.890334312114254 -0.375112152224698 0.855541379171426 0.356847011792008 0 0 0 0 0 0
56.2683455487512 40.8072589729817 29.6834761005495 -0.542550934613179 0.417783715733955 -0.728762754135937 -0.323792517553594 -0.904522246092473 -0.277484936930254 0 0 0 0 0 0
166.222383408018 151.840645629742 -13.7336556063072 0.721576296680321 0.176115127506441 0.669560299316408 0.555239816277457 0.430492208001949 -0.711607411535876 0 0 0 0 0 0
114.533640563235 38.4365463540645 67.5318094529505 0.586567018129234 0.684724115526732 0.432541276112175 0.803138922294243 -0.560635760963271 -0.201631677285217 0 0 0 0 0 0
82.8295868283259 174.77384522064 129.974401606993 0.601818511468672 0.727094409122684 0.330375760746485 0.684983179370814 -0.68263517929247 0.254572567871192 0 0 0 0 0 0
165.286167180337 128.630380527983 33.1725161902447 0.959351727224173 -0.00315951939489262 0.282195254568713 0.237947228409522 0.546703900083546 -0.802805006552811 0 0 0 0 0 0
165.348068245868 186.703325710825 190.000109271197 0.0594236356482477 -0.653832060436333 -0.754302591818535 -0.39197221666635 0.679662643693299 -0.620013232107101 0 0 0 0 0 0
129.195719675597 122.682543591765 169.057372606246 0.346792172261735 0.77973164352216 0.521300015937052 0.00735804397139218 0.55351260276033 -0.832808246289617 0 0 0 0 0 0
140.524934954285 173.691516934854 80.0753724902201 0.169191390003079 -0.972337972858876 -0.161037677521772 0.918731840235373 0.0964443093700419 0.382923207480822 0 0 0 0 0 0
104.148063456103 129.603356004982 56.7041819647045 -0.854746582786332 -0.518527306906768 -0.0231867214083337 -0.418484907002306 0.662032745386937 0.621757959084835 0 0 0 0 0 0
9.11733233067906 130.55580929545 191.012237060652 0.0135165994267615 -0.363677293697278 0.931426875361902 0.999022181484574 -0.0343024200337638 -0.0278909629201871 0 0 0 0 0 0
149.465376246201 44.1527080873955 105.825144428533 -0.86807567369284 -0.194564878787226 -0.456715467209806 0.0405979469848141 -0.944738061408951 0.325302611754725 0 0 0 0 0 0
175.473959009443 176.366340938394 142.325129785482 -0.580361266831015 0.0163243855400306 0.814195428150711 0.644216270091456 0.620803859570732 0.446752607183432 0 0 0 0 0 0
20.953103717893 148.835283984504 86.0346232408343 -0.909504462264993 0.317030696587449 0.268873693978441 -0.134876139321415 0.386756469494556 -0.91226518017952 0 0 0 0 0 0
99.8598711686159 104.448524691511 169.316007545936 -0.707938442280782 -0.523118925724645 -0.474520457833476 -0.168473612676943 0.777547900611035 -0.60583484296408 0 0 0 0 0 0
92.3346192912601 176.357158563343 17.7662638111153 0.764238549927201 0.564009347731429 -0.312782373526241 -0.545592501809101 0.306786691245235 -0.779878605973357 0 0 0 0 0 0
51.5450691828293 116.397450986747 164.77402503732 -0.974920387793507 0.0574732067480779 0.215004532871142 0.215912013113898 0.0100023847108106 0.97636152919697 0 0 0 0 0 0
76.5194675984958 185.306561395212 97.4904347453007 -0.685436605536835 0.727159550004056 0.0376243598213174 0.00441769105012921 0.0558245713274719 -0.998430759944878 0 0 0 0 0 0
174.233757400154 185.292159542013 88.8220907121983 0.749123239854983 0.61637579709858 -0.242683279895557 -0.662391422293576 0.700982596654105 -0.264312205974898 0 0 0 0 0 0
142.570257551624 122.167952505224 69.9002291741692 -0.72436618975389 -0.141992416796115 0.674634463919548 0.63876307390527 0.229928362298697 0.734244217354615 0 0 0 0 0 0
102.728924634898 156.277243104557 159.014596101741 -0.811067681854721 0.187760682974675 0.553999121274594 0.557918147953448 -0.036283442631583 0.829102365768338 0 0 0 0 0 0
75.3843935859482 191.227717717572 160.580102138696 -0.571894393147987 0.272473620629587 0.773753719724785 0.683635763607428 0.679639655972958 0.265954914601201 0 0 0 0 0 0
112.930722379833 93.2607983126075 116.077467715081 0.0636145032460953 -0.997277609183289 0.0372902742041772 -0.755513923446784 -0.0237121362723529 0.654703235771139 0 0 0 0 0 0
53.5776351378958 164.178679145006 61.4474679054813 0.147912263944865 -0.868328009014729 0.473422012171977 -0.416062379786874 0.37963455779795 0.826298733281779 0 0 0 0 0 0
176.786644616604 184.960704154515 92.4648980492817 -0.935920998532053 -0.249860870227819 0.248236416081046 -0.352156367176714 0.651570262241339 -0.671894350192009 0 0 0 0 0 0
24.8743606656724 154.597311905432 169.432851453588 -0.875938137725528 0.0743788814278952 0.476655055911149 0.482340648373254 0.11673596363478 0.868170545536033 0 0 0 0 0 0
119.122132307372 41.539879671094 162.129238429393 0.0767062839286928 -0.0765367888974523 0.994111737904833 -0.434926351687734 -0.899757528328819 -0.0357132485423686 0 0 0 0 0 0
12.0088448770846 -0.686450635845578 151.888385346994 0.365923602206506 0.922588939381698 -0.122186531732773 -0.839773316253011 0.270749501009721 -0.470611702512579 0 0 0 0 0 0
69.8716689941633 73.1856396297352 118.061452235012 -0.465213459873801 0.867306865234334 0.177074020488887 0.418608481367082 0.391809478923783 -0.819299805104398 0 0 0 0 0 0
129.293716680191 142.088776259705 169.11260023593 -0.503504218624785 -0.746590938768927 0.434839532716274 -0.00132462331458959 0.503957207588896 0.863727555053625 0 0 0 0 0 0
180.460143344531 167.034827000332 104.277986354515 -0.400398665073974 0.655627798428158 0.640182029557053 0.624499110780928 0.706499489117796 -0.332955361577409 0 0 0 0 0 0
81.6874260003898 154.275280867184 95.7385597995741 0.112863259707889 -0.147784502654928 0.982558654115582 0.332376603827287 0.93752406511098 0.102831931499484 0 0 0 0 0 0
23.3252613475285 74.297373707056 128.61275920093 -0.154034997001244 0.942191925293053 0.29756945781993 -0.772349885142896 -0.302645879512314 0.558463085837914 0 0 0 0 0 0
121.498961824402 160.613709615633 59.4627484335507 0.867598277984894 0.488078635693951 -0.0951440098251629 -0.476429468173882 0.870692962002881 0.122101183197444 0 0 0 0 0 0
135.382085571343 138.724728570923 166.549084485516 -0.381969603753703 -0.858794402591847 0.34142548908371 0.723828971694791 -0.507698445322254 -0.467240644497509 0 0 0 0 0 0
63.4349743170317 51.9781502723772 137.893785843948 -0.486543500470539 -0.873623631075341 -0.00755944111927291 -0.873625812570014 0.486436079957477 0.0125613982105571 0 0 0 0 0 0
197.467634716263 35.2395812425164 126.768785460588 -0.807797334097573 0.166908945593379 0.565335966499107 0.582189290206402 0.075738097504698 0.809517913594172 0 0 0 0 0 0
62.8343394913968 -0.406117195271762 106.20670000431 -0.626394738717288 -0.125445605442058 -0.769345770151014 -0.0900553421582863 -0.968711366031022 0.23127541444778 0 0 0 0 0 0
36.8951151509177 35.3173596406056 33.2057038633204 -0.645165439320285 -0.355693428024659 0.676197927414408 -0.24139784256861 0.934587411376953 0.261291861743603 0 0 0 0 0 0
77.0139388817281 54.7974045434881 60.9774303365039 -0.0876564570074286 -0.912174073632425 0.400318354460442 0.780282680274269 0.186945272318378 0.596833552155634 0 0 0 0 0 0
92.6373289164281 53.5435510963063 22.7225346114706 -0.536543962383216 0.770939183449265 0.343181152593089 0.538248076607188 -0.00056370489347542 0.842786195340322 0 0 0 0 0 0
102.355861326715 78.9312253080641 160.734576361612 0.950303091803519 0.00129724318108821 -0.311323355467804 -0.309438313091234 -0.106019469998499 -0.944990838317031 0 0 0 0 0 0
52.9536046646265 61.5085160138694 151.279288751304 0.463845522778507 0.866959051659494 -0.182289067512461 0.513045281162201 -0.430618974615351 -0.742530633088251 0 0 0 0 0 0
73.0740126230143 27.3661016133123 42.0006736089047 0.886612661766779 -0.179017513050314 -0.426462897128404 0.2908283748929 -0.501176357526025 0.815009831687654 0 0 0 0 0 0
12.2148683970432 136.515362550628 99.8513531550125 0.360524677292232 0.524117181920953 0.77157180496434 0.393420710592925 0.664573992564241 -0.635264894610336 0 0 0 0 0 0
77.7846748146184 33.0489308906597 103.475624173755 0.0647030286090967 -0.478092095241919 0.875923155644732 -0.154451739834318 0.86238719639152 0.482113008546935 0 0 0 0 0 0
50.345228158676 166.342048944968 156.188472211704 -0.569054771481633 -0.411870283832259 0.711715840320395 0.250710585331885 0.737408134373115 0.627194859175474 0 0 0 0 0 0
117.543616008385 129.67983000609 22.9322310557061 0.668807530440712 0.581248433474469 0.463515551923352 0.661314308440168 -0.180298064317509 -0.728118038590967 0 0 0 0 0 0
180.726858732475 52.8856933013455 50.153094031485 0.799994360474388 0.59927195622979 0.0296996513054227 -0.564074906993018 0.768035678205283 -0.303217162136827 0 0 0 0 0 0
42.0092921268108 135.686042067614 114.050634007222 0.598776762606182 -0.794176906606173 0.103679243604157 0.766253325734597 0.530371454941629 -0.362714591528005 0 0 0 0 0 0
138.364633782315 15.4317158434704 139.309960613288 -0.00370287369892932 -0.935750743602989 0.352642623269938 -0.241493238381196 0.343044281449366 0.907745301062054 0 0 0 0 0 0
10.4274810457489 23.5717616204867 133.18900927007 -0.906014032534552 -0.0906387450958832 0.413428436985142 -0.391486946926144 -0.191783628333545 -0.899976052717523 0 0 0 0 0 0
52.6812528624919 72.3865876955501 136.183732172918 0.828190895696588 0.159593975925068 0.537242484322234 -0.560344706633022 0.254019712966809 0.788344901458387 0 0 0 0 0 0
168.409907653912 186.921533645473 136.135022005111 0.495673070380281 0.710785467173618 -0.499091342312927 0.868317370489564 -0.417642559078154 0.267580900918918 0 0 0 0 0 0
108.294170527637 139.316036991532 143.319656373309 0.275547159275016 0.883764557629189 0.37819828607736 -0.444666794223274 0.465988350238255 -0.764935426185662 0 0 0 0 0 0
167.243152998624 45.1706583361161 41.5574100441234 -0.638477637653859 0.31645109608246 0.701573162779652 0.713726100195639 0.584549876887329 0.385870984727901 0 0 0 0 0 0
126.575631122015 195.977739121118 72.5161317031748 -0.258707229835953 -0.100467819242135 -0.960716747288881 -0.893042413102575 -0.354197099149759 0.277523979324325 0 0 0 0 0 0
126.495505420692 95.2851756461586 25.0959861304735 -0.173460969495325 0.917299638512959 -0.358430811097151 0.454963483234372 -0.24814693937439 -0.855237518782723 0 0 0 0 0 0
156.659330148988 70.3962524318856 132.561444606178 0.344453000570874 -0.880322340423978 0.326166645324447 0.756459884804852 0.466017178244639 0.458907767358076 0 0 0 0 0 0
-1.47002847202706 36.797095774466 191.05741252845 -0.852683721145334 0.368685603984623 -0.370136858611742 0.200343757829609 0.885091588990733 0.420089552327009 0 0 0 0 0 0
94.3791667983613 55.3351930625073 17.8780585591974 0.938598163853929 -0.203195255197725 0.278828012918055 0.133801185059316 0.959299023862521 0.248681756843464 0 0 0 0 0 0
23.8730082116431 176.584596147311 70.9634145742018 -0.738113551929686 -0.408388952162582 0.537035146784573 -0.27876518875283 0.909471304463643 0.308467008430496 0 0 0 0 0 0
152.828760548804 208.415104286037 24.3255021661157 -0.257391690814761 0.0467265324295782 0.96517668316098 -0.749035678645482 -0.640682542862486 -0.168734587771436 0 0 0 0 0 0
175.889247709017 92.5147270962984 152.40815816553 -0.418637962241725 0.889018922812157 -0.185438902230146 0.600939437469836 0.118087833600313 -0.79052320554306 0 0 0 0 0 0
154.590918265562 93.5097661471567 120.378505986499 -0.119284188073476 -0.991109564685681 0.0589331074522498 -0.580041859439899 0.117738603783992 0.806032843573844 0 0 0 0 0 0
40.5103669219155 86.7574616167801 40.3002157947758 -0.117770710366294 0.642462054682369 -0.757213640968228 -0.984614345505418 -0.174671384859789 0.00493785012726327 0 0 0 0 0 0
17.5410014260938 24.0292331076829 36.4593358547857 -0.268468919138662 0.957733453649452 -0.103300829391833 -0.0885815823073862 0.0822379681959917 0.992668172885512 0 0 0 0 0 0
152.603986539562 18.3308843577491 175.594903802828 0.517900501649905 0.684783785840795 0.512689158976178 -0.783501909893678 0.620284970371055 -0.0370302495486561 0 0 0 0 0 0
33.6390407679342 63.672828545368 46.3821419637267 0.686784092648715 0.726273233715088 0.0292360008224397 0.560401265522178 -0.503458152201481 -0.657632284479493 0 0 0 0 0 0
61.3745962939289 130.418547946951 67.4189635240935 0.342080087332685 0.111758546344754 -0.933001137967686 -0.693998613871222 0.699455843035034 -0.170667474058331 0 0 0 0 0 0
23.9989159515857 42.1509429646051 166.458982654985 0.978810887290711 -0.184956550350449 -0.087864704360577 0.0524886971967535 -0.188130465692692 0.980740408851759 0 0 0 0 0 0
15.6886479108647 44.3290671861338 28.9034295535644 -0.692423579948384 0.353474171500392 0.628971773372055 -0.164079761540386 0.771776226903544 -0.614360837973688 0 0 0 0 0 0
69.752436123827 161.018110419688 171.288042492765 -0.791457470042403 0.472662992033139 0.387536677618601 -0.108804064713445 0.514958275729376 -0.850282048594779 0 0 0 0 0 0
190.336862329993 19.9993393095673 143.08011674473 -0.321320173576918 -0.172810339265622 0.931069179516813 0.55441087182666 0.762760589400756 0.332903617590049 0 0 0 0 0 0
111.115711309951 79.962698142682 57.0337116335289 0.765801637996884 0.380120988738987 0.518705873474442 0.643052362265471 -0.445618653064846 -0.622822269903941 0 0 0 0 0 0
78.5063277826892 44.6841699109965 143.215000240156 0.135990829876202 0.160146041913937 0.977680736895699 0.87138929641609 0.450194942231476 -0.194949001105879 0 0 0 0 0 0
102.900092242931 66.4950431408633 102.017792403615 -0.551993480484769 -0.254716151776558 0.793991667495005 0.802883760415988 -0.41943326836892 0.423619289466571 0 0 0 0 0 0
127.067522848767 134.585019052226 124.765051432435 0.168336354930609 0.920558706060747 -0.352469178959639 0.323799988689923 -0.389370133736733 -0.862290186156706 0 0 0 0 0 0
66.5561959131373 107.481653838691 31.4787805845984 0.354994782320634 0.388982289610659 0.850100806800181 -0.181778737808901 0.920691917662483 -0.34537351530316 0 0 0 0 0 0
208.249816521449 145.989570891642 88.6240261873805 -0.884302116192859 0.464286633419105 -0.0494731827650114 0.46536221059963 0.867765441101236 -0.17441652081587 0 0 0 0 0 0
126.616911495342 154.127445456789 71.8503182670714 0.205464148418745 0.954552333129306 -0.215903488722685 0.671586928991998 -0.297990381266534 -0.678360244159419 0 0 0 0 0 0
85.2035236209587 159.527668274417 48.0486859441573 -0.83218018388001 0.528986004051126 0.166282480207747 0.550964753427204 0.754980292079059 0.355587609166221 0 0 0 0 0 0
31.7017060500885 11.9251423895138 177.575719881451 0.932580263628287 -0.0373160815182573 0.359028470887516 -0.0526098530070307 0.969969262842806 0.237469630593898 0 0 0 0 0 0
180.644833150059 194.613279153009 157.050394349055 0.527150832131129 -0.547113302356365 0.650214542318269 -0.781553302927335 -0.612533538608402 0.118224465661534 0 0 0 0 0 0
28.5793588695523 115.020244900944 150.846693505643 -0.613260040755693 -0.334658369137072 0.71548290861526 -0.745543979264197 0.544451020407649 -0.384365942153489 0 0 0 0 0 0
114.344617414382 96.9180193827658 175.392550590843 -0.898310168728105 0.0765699153291381 0.432638151710867 -0.12055186420215 0.903950725165065 -0.41029295961636 0 0 0 0 0 0
153.518405014354 129.111592414381 201.729588132408 -0.0563212337753337 0.076498460834753 0.995477667054495 0.563734420120729 0.825354034213872 -0.0315306799041426 0 0 0 0 0 0
153.793620045116 139.378677324555 58.8765759547009 -0.00546732830385956 -0.914687951054435 0.404123794207546 0.983730270114074 -0.0774896509929613 -0.162080199767866 0 0 0 0 0 0
61.1488302173268 38.0707022185573 27.5854758254657 -0.734986702146592 -0.157599973216731 0.65951245618363 0.403441766638958 0.680096506063665 0.61213023066989 0 0 0 0 0 0
11.1637923454804 138.96749981287 119.265638984178 0.142624601651642 0.197845420091532 0.969801679834292 0.0974431176125373 0.972251938977701 -0.212675808356717 0 0 0 0 0 0
142.290708721755 142.811207157392 32.5882605879004 0.794627488137373 0.30817153553387 0.523065341898286 0.403299241096139 0.376040978665448 -0.834231863538743 0 0 0 0 0 0
23.9799817881934 182.837268713182 94.0665265562859 0.296214588938245 -0.329004822736911 0.896667517874058 -0.553690863149094 -0.82410771270705 -0.119469107613999 0 0 0 0 0 0
96.7260723276176 77.2996345480358 193.041950310124 -0.898889521270853 0.0412979191741946 -0.436224702894465 0.0306797754662909 0.999037157370823 0.0313609524779139 0 0 0 0 0 0
44.809219939361 159.630616966089 90.5000971134596 -0.156390862766264 0.884587743245985 0.439370454871107 -0.22005692470191 0.402456574503324 -0.888596396362814 0 0 0 0 0 0
164.074071067091 81.5458513456724 82.0776781988953 -0.520004794430893 -0.327130694588533 0.789037651810579 -0.822134504773578 -0.058903079552412 -0.566237727888454 0 0 0 0 0 0
144.449606313794 74.4666328591965 186.846072339295 -0.14040997083673 0.882514034541272 0.448836264757999 0.973735441382106 0.041022033839356 0.223956165191718 0 0 0 0 0 0
84.1434205089688 162.047017688095 7.62086849035879 0.0853250114241237 0.557339700969421 0.825888623223012 -0.95064115751018 0.29373380247533 -0.100008669659823 0 0 0 0 0 0
122.10271184154 64.1048344312408 143.274779573129 0.56059853895104 -0.6836107129097 0.467338857598092 -0.472970754632827 0.198920186075299 0.858329371710864 0 0 0 0 0 0
146.201779888904 90.029792741551 58.9638825581562 0.942200151355906 0.00372183051189082 0.335029705481347 0.188444345993597 0.820903330879686 -0.539079225102787 0 0 0 0 0 0
115.071829330912 194.817965414744 185.474643441357 0.437889583889339 -0.383676975869755 0.813046486277343 0.510077370641129 0.850738640799806 0.126747023945789 0 0 0 0 0 0
101.278174232849 189.167197388433 147.33745918745 0.966713478365719 -0.238227222076991 -0.0933419999980291 0.253089088919025 0.943891838360967 0.212165259983237 0 0 0 0 0 0
104.519644459249 111.603997279656 181.204992305817 -0.317340658548978 0.946604900060515 0.0568687719457602 0.94828124924949 0.317238781052991 0.0110508328124268 0 0 0 0 0 0
143.818758620509 178.278578748803 83.0279919050087 0.621478955439276 0.583030307132151 -0.523296751589717 -0.780948265048948 0.514172885447864 -0.354606773051201 0 0 0 0 0 0
13.3151306226923 96.8773521821622 78.6998287210356 0.127786651213253 0.846643465067342 0.516590148058393 0.13032082716251 0.50201090219744 -0.854986226155615 0 0 0 0 0 0
77.4846438797929 63.1812894845033 33.5602613660134 0.790519394109332 0.590126332801457 0.163798416282218 -0.584434676752869 0.646945596262923 0.489793257169973 0 0 0 0 0 0
48.4925739271003 150.261424192621 110.827860191194 -0.190593340967093 0.646507054140544 0.738716953874963 -0.874338125849835 0.23034001204927 -0.427172339518949 0 0 0 0 0 0
197.43038768544 7.52886387247205 42.205580975355 0.960956545942441 0.0804169634231751 0.26475556720455 -0.218897077938881 0.806222687875134 0.549626241277993 0 0 0 0 0 0
81.1031676703896 113.975093759793 167.768056346192 0.323383740020447 -0.516569609099584 0.792829558130943 -0.153427630189087 0.798138927251016 0.582609793799644 0 0 0 0 0 0
44.7318144100275 93.6817183937509 110.862304908096 -0.72762450990741 -0.683613488759404 0.0568780016233105 0.641584046231103 -0.707537409348213 -0.296244268235715 0 0 0 0 0 0
106.910025312562 168.389160279791 68.9011537055203 0.948755415753887 0.195051578986838 0.248632113650788 -0.118341704185503 0.948829687936034 -0.29277543007202 0 0 0 0 0 0
72.3889787690234 157.434989928105 113.48047011971 0.0781969310750925 -0.353895585509476 -0.932010220034134 0.711887572293297 -0.63465488371343 0.300714468889826 0 0 0 0 0 0
122.23013818186 185.185399557361 85.9502367764764 -0.753609539843032 0.408012438584066 0.515362408460529 -0.628431187480358 -0.677107826336417 -0.382882709927178 0 0 0 0 0 0
66.5811293472826 97.7587978209 127.767997094247 -0.138341222017584 -0.351157252155889 0.926040056390426 0.890803882251246 0.364506566560512 0.271299286637138 0 0 0 0 0 0
36.6582531778875 90.1556590661784 159.026544100844 -0.868490246669559 -0.309759678389981 0.387005846612895 0.0764015713154143 0.687741878568849 0.721923711716483 0 0 0 0 0 0
45.4724876058425 29.4505894710965 101.921750650214 -0.193582879822624 -0.00733095040089497 0.981056474726568 0.598101958197709 0.791779155125982 0.123934549794491 0 0 0 0 0 0
116.076562797989 24.3974680061872 10.0750297249062 0.655338767714965 -0.263494297245148 0.707885403096045 -0.404446283902512 0.669099634475227 0.623481208010806 0 0 0 0 0 0
154.350071257396 90.3874724717457 80.9513766211251 -0.0841428841759128 -0.10185906092058 0.991233871888204 0.270999505208417 0.954927310151318 0.12113253072551 0 0 0 0 0 0
96.1799744726716 7.28513327578609 23.6482292316221 0.171356414075428 -0.897911757425933 0.405452132975208 -0.787579340665905 0.122405491128597 0.603933407317945 0 0 0 0 0 0
165.587750950011 187.263765243032 54.1021636011659 0.281246994535781 -0.946873457421054 0.155983240658093 -0.170861723217247 0.110537410533778 0.979074887155732 0 0 0 0 0 0
74.8761862622324 171.222075798756 204.735029615939 0.702073516978407 0.497873367165211 -0.509131414632026 -0.31006458509367 -0.4299027948449 -0.847964293397887 0 0 0 0 0 0
54.6725286621342 90.6507855215482 181.494151594701 0.556479826730579 0.751353518405337 0.354680195260467 -0.217810514732694 0.54387489889754 -0.810406435113809 0 0 0 0 0 0
72.1352251888664 169.206183122348 83.6497784833248 0.0031488611394577 0.945087298021547 -0.326802801486035 0.22218634652809 -0.319296847748716 -0.9212397317628 0 0 0 0 0 0
59.8662132759742 134.218199634391 136.018093697971 -0.491685626605175 -0.248095373956182 0.834681866425541 -0.747134015883773 0.612537611128737 -0.258047210371277 0 0 0 0 0 0
127.974743720097 96.1284355686927 190.13757909891 -0.785144118204459 0.386345946066759 0.48403039387109 -0.576270200817423 -0.169474149905547 -0.799494247870626 0 0 0 0 0 0
117.179958088079 103.428642165041 33.1404966987113 0.0434912584301428 -0.545871375049207 0.836739426974859 -0.877656641213295 0.379267479274927 0.293044189904661 0 0 0 0 0 0
77.7466988079758 90.7333560941745 159.15209337506 0.298180537990381 0.0775830816641156 0.951351204188814 -0.131668180592223 0.990506252027953 -0.0395076278753703 0 0 0 0 0 0
80.0552628362305 37.3449200697614 31.2113681258795 0.162091024915302 -0.561376892381455 0.811530900644489 0.354553745866785 0.800619198428007 0.483011902134027 0 0 0 0 0 0
55.9665508234475 31.3819122665394 18.4487688208596 0.0161425716606966 -0.939476310898582 -0.342233348239569 -0.094760295062096 -0.342174822685074 0.93484585464575 0 0 0 0 0 0
191.020656571931 172.535380824355 93.3830374284755 -0.824057940177812 0.11324593475191 0.555070943043857 0.474126175376365 0.67412966662661 0.566351037221915 0 0 0 0 0 0
160.806961130192 29.3250291518801 146.635561291947 0.388497485972958 0.828062874496396 0.40420482654783 0.00746228292443759 0.435820099851845 -0.900002810180005 0 0 0 0 0 0
33.6117240660093 30.4729865913007 80.9845911117708 -0.692063980713184 0.457827804368089 0.558069040464224 0.682466117774573 0.666843374157658 0.299265511264578 0 0 0 0 0 0
79.0704209445666 51.2128341569883 37.7469802638383 -0.318761600967547 0.64709704001544 0.692572301828211 -0.438895996742987 -0.748402636651539 0.497256216709885 0 0 0 0 0 0
168.238394693113 140.827028535309 55.4510220469494 -0.00292447813121825 0.979547565974632 0.201191472469519 0.597000760837246 -0.159694071540904 0.786185588080349 0 0 0 0 0 0
208.267150203688 133.864415658742 203.451824111844 -0.176329333081785 0.834481343102568 0.522062082622221 0.919701013371464 -0.0493434675773448 0.389506289155789 0 0 0 0 0 0
161.242450672661 158.629048230045 184.440516212028 -0.562660891419377 -0.341220311267485 0.752981616718542 0.823255498860416 -0.314190719823825 0.472794318632558 0 0 0 0 0 0
178.821236009394 149.505093585907 84.9057555119127 0.912320340468077 0.217115935387515 -0.347177409085294 -0.409420464826389 0.469572061969729 -0.7822255868194 0 0 0 0 0 0
184.045001795691 96.0913598589656 149.453918101418 -0.427598646351061 -0.894967557955601 -0.127249534848376 0.66634724351693 -0.407182616343034 0.624646755023 0 0 0 0 0 0
55.4534227224799 94.1165063336532 19.4855208837118 -0.217251740979249 0.421593429312348 0.880375240100058 -0.295171018466025 0.831317630484866 -0.470940580410834 0 0 0 0 0 0
31.8844543565748 33.2313534915571 161.36030786475 -0.107187535143667 -0.99423338127291 0.00328854094656081 0.917642401257216 -0.0976561680300375 0.385221466416602 0 0 0 0 0 0
105.566213121732 119.356357772638 175.289929986538 0.760531567959657 0.0644855759972326 0.646090725758823 -0.369649665551778 0.861063372152973 0.349183280055181 0 0 0 0 0 0
6.77393796646895 31.6853957355752 63.7377479906774 -0.324382864012458 0.818734676258462 0.473760749880022 0.440953491471046 0.573978160119233 -0.690006529048786 0 0 0 0 0 0
158.519012557946 112.162710372993 97.2915863415455 0.924458409532774 -0.361778602555143 0.120385996572057 -0.177351422840938 -0.128506249470599 0.975721527600277 0 0 0 0 0 0
39.6256391664168 127.585576046404 170.264286003974 0.532850840293059 0.68190844823391 0.501069642314448 -0.169451384148213 0.666125792409538 -0.726335040311083 0 0 0 0 0 0
139.791093123844 38.7633136820945 172.22272388162 -0.997759896871797 0.000412235953244879 0.0668946862362353 -0.0591167591171931 -0.47345575125248 -0.878831478675024 0 0 0 0 0 0
68.5028184189471 182.265305689582 140.114395321136 0.0342542886343537 0.997531254106107 -0.0613028564079737 0.612522900151839 -0.0694226957896526 -0.787398290234441 0 0 0 0 0 0
20.4684773591389 177.77916121074 22.5411773646675 0.154392343645504 0.855575189473337 0.494119487001151 0.756415896590234 0.219377564802359 -0.616204805218862 0 0 0 0 0 0
93.9206063047161 77.2450704205135 130.755099092522 -0.291558269650437 -0.811127093204834 -0.507017330363836 0.912224116804627 -0.0762873974699207 -0.402526117403297 0 0 0 0 0 0
27.572007792122 60.8225190600535 34.7258639589553 0.848450262747164 0.509393180164033 0.14370334502002 -0.514087874241395 0.728573465104426 0.45265252409877 0 0 0 0 0 0
97.8744165105092 82.1684020036077 150.009311705511 0.0989510010865536 -0.265492573730912 -0.959021523153166 0.000717539675451476 -0.963732089539006 0.2668706357759 0 0 0 0 0 0
11.5064575722956 175.296587557851 79.9006277710787 0.999758709828915 0.0140329331976747 -0.0168961451607055 -0.0219379585663417 0.600799923512134 -0.799098305405742 0 0 0 0 0 0
173.481318197268 76.3807522841882 15.1701611449415 -0.226580472295817 -0.814234103346878 0.534494222929359 -0.568575966561118 0.556131546498801 0.606167461101285 0 0 0 0 0 0
108.947806857986 121.636191311536 161.472182233104 0.824666926156112 0.320371768292058 -0.466139768751569 -0.266597444853927 -0.50667675649104 -0.819880709751944 0 0 0 0 0 0
101.068995795933 104.363121614729 99.0030939167737 0.843575682902075 0.230710614250107 0.484925320873793 0.347001375371865 0.454984581520075 -0.820109127822248 0 0 0 0 0 0
33.4008321769629 170.937602368403 52.9983139176776 0.559470219521381 0.300445244463094 -0.772480174567367 -0.433288655069254 -0.688488449233472 -0.581587941723548 0 0 0 0 0 0
37.7971501945712 131.984648524115 -1.64168224104607 0.958065670404399 -0.225617121001257 -0.176654953971018 0.130602976036047 -0.20492085531997 0.970025871563267 0 0 0 0 0 0
43.178926982286 114.365443516503 121.421452806132 -0.317773307123699 0.930159120750645 -0.18391334724307 0.823617469954351 0.174689705898202 -0.539571732272694 0 0 0 0 0 0
165.640255131898 190.139979774189 18.4895736302072 -0.0442755455853077 -0.982857736249569 -0.178970227427589 -0.761316536750934 -0.0828023532176101 0.643071366785387 0 0 0 0 0 0
114.727950538932 206.836604115779 34.3253016438824 -0.909059685150923 -0.414575632505776 0.0416825508492939 -0.118111969980791 0.352332768427694 0.928391662192469 0 0 0 0 0 0
21.8340047523221 164.903595578613 185.343110495311 -0.0664517741669992 0.463070473281249 0.883826795723232 0.331348628440604 0.845758158505394 -0.418211895830368 0 0 0 0 0 0
128.321419681332 140.545099878192 158.423005375047 0.674227414512538 0.287299967576758 0.680349919365427 -0.65134423954043 0.665533105643916 0.364439707636355 0 0 0 0 0 0
87.3358514805428 207.184663321709 70.7550518194124 -0.758184792036457 0.289799614232649 0.584099217186258 -0.642558532038924 -0.484283475097121 -0.593791173225701 0 0 0 0 0 0
133.114877009747 170.17650222225 171.821673787708 0.733624773291809 0.576021897682271 0.360545955111905 -0.194519087161855 -0.330358889780718 0.923593645751974 0 0 0 0 0 0
152.256773480468 137.60233115132 117.491711175994 0.0525189686441967 0.660527062079809 0.748963077190065 0.970818589709986 0.141966108985365 -0.193279002911267 0 0 0 0 0 0
58.8005560416751 125.33537140141 131.337686751142 -0.388091512477833 -0.884138016103916 0.260163257204247 0.666839720121063 -0.0745278524152459 0.741464947476326 0 0 0 0 0 0
109.575622324277 160.892672394317 172.637891928456 0.351012008636624 0.877626003255202 0.326440102947164 -0.800748104915265 0.462052811873456 -0.381194934063253 0 0 0 0 0 0
168.262873349659 22.9634771670178 169.664192984649 -0.775498007845822 0.244070192692672 -0.582264947217473 0.273479986189012 0.961101654410517 0.0386302724520171 0 0 0 0 0 0
-2.42601413950884 198.103929873698 95.9180765315599 -0.416324208586243 -0.715156968269435 0.561448667146825 -0.707617470034261 0.642607850620126 0.293824090981766 0 0 0 0 0 0
56.3298642084709 50.9500943400256 55.358730298672 -0.807857964556196 0.243311934450468 -0.536809742371613 -0.00359305895976735 0.908758480019377 0.417306954362047 0 0 0 0 0 0
85.4842918110686 100.365672007143 169.93809066735 -0.0381279892354529 0.483217669266803 0.874669565705369 -0.790169698022518 0.52123578207789 -0.322405057322216 0 0 0 0 0 0
56.6184527620954 122.466727998684 64.5375558337995 -0.852565479152489 -0.521528117888194 0.0337703897537652 -0.343161376500976 0.607375119759956 0.716474464542942 0 0 0 0 0 0
