t = 10000
b = 20 20 20
E = -0.475429372864104 -0.475429372864104 0
-0.703275572013556 1.26440224763311 -0.349753497764986 0.929533313854387 0.231881324535947 0.286703275660063 0.050443915693417 0.690250041752723 -0.72181035501452 0 0 0 0 0 0
-0.73135292312989 1.77400886592206 -0.464070275883689 0.982033611901749 -0.171152546776241 -0.0794764943727283 0.0826546556477694 0.768746069587705 -0.63419048492269 0 0 0 0 0 0
-0.466591516782077 2.24356690628031 -0.546044569415177 0.582617050996121 -0.618411221446432 -0.527375386344665 0.219693531955557 0.74455517344417 -0.630374713969675 0 0 0 0 0 0
-0.0412766468919709 2.61502617930746 -0.736231891402365 0.00813873370780033 -0.757276988971937 -0.653043061676159 0.285618173543121 0.627618918261719 -0.724235245542075 0 0 0 0 0 0
0.39402086482754 2.74498416873032 -1.03286647229287 -0.530467847915465 -0.630608570837804 -0.566512680472546 0.352475843844383 0.44369904390559 -0.823948931330631 0 0 0 0 0 0
0.717229483010973 2.58937137301825 -1.43945397796922 -0.892904058230591 -0.00152769339132923 -0.450244336684396 0.393877932680507 0.481823391861115 -0.782755591550859 0 0 0 0 0 0
0.769887147582048 2.6332426667443 -1.93742418032535 -0.8847343820297 0.458525664032029 0.0836615614972018 0.286855346888535 0.677134664706457 -0.677644875659587 0 0 0 0 0 0
1.77660105608362 1.88501739924804 -2.56187163702171 -0.0711246619367753 -0.894387486147223 -0.441601877794571 0.0448937777817434 0.439404120067801 -0.897166924269554 0 0 0 0 0 0
1.85765582721548 2.06426285358846 -3.08658085721513 -0.890246142124713 0.20526788375929 -0.406603952980428 0.45367765436403 0.320286519972713 -0.831620718397943 0 0 0 0 0 0
1.92259208737592 1.93455182988209 -3.64204046118083 -0.668938360552807 0.743147027022466 0.0159339649871103 0.409919522155834 0.386698501201686 -0.826093319384643 0 0 0 0 0 0
1.71097870354215 2.06219326697559 -4.16267690951191 -0.0178621105854811 0.945497127638669 0.32514003382599 0.186853255089935 0.322619436513927 -0.927902185500025 0 0 0 0 0 0
1.96524255197374 1.27550178505514 -3.27052139364785 -0.142669664875468 -0.814137458516137 0.562872528316244 0.364197771876604 -0.571972732695926 -0.734987820170904 0 0 0 0 0 0
0.902871775539895 2.39452912303942 -3.37666674281443 -0.334116347210899 0.752335850678506 -0.567764784957002 -0.937093965056748 -0.200541923862079 0.285723104533569 0 0 0 0 0 0
-0.0353402065492959 2.05835946613783 -3.63079265509599 -0.397543548028058 -0.90296664161805 0.163126562535136 -0.191011248480347 0.255321414559678 0.947800390451667 0 0 0 0 0 0
-0.354501914507851 2.18226603147333 -3.19268282657793 0.360654450743206 -0.932612112444995 -0.0127637117145155 -0.0161367980422912 -0.0199217831561634 0.999671205337992 0 0 0 0 0 0
-0.577809991107034 1.85390460584221 -2.71979370003032 0.898976998911447 -0.435171079663814 -0.0496632366822028 -0.0254937783534606 -0.165183149454915 0.985933310794806 0 0 0 0 0 0
-0.252200294903291 2.53023721581524 -2.06183615327077 0.761030667069446 0.117345181343236 0.638014368987768 -0.375174982623191 -0.722727175045407 0.580438688232527 0 0 0 0 0 0
-0.318787642244958 2.04063881666804 -1.71553502379226 0.633474411770358 0.578806127385639 0.513511030746362 0.0496615342143146 -0.692698765354749 0.719515174540791 0 0 0 0 0 0
-0.0480909066866237 1.6284202507036 -1.53260350220102 -0.0696329524661895 0.776736122323176 0.625964957871369 0.0333092373816688 -0.625327828390259 0.779650888710082 0 0 0 0 0 0
0.231930772542093 1.40013480553942 -1.09263128079478 -0.475726221802769 0.764839665023597 0.434401642607191 0.130438904235803 -0.427062034359777 0.89476455961271 0 0 0 0 0 0
0.432526636692272 1.50300556874826 -0.605284596432984 -0.985888445650291 0.159530080097621 0.0507348302789012 -0.0234298685634717 -0.431582234903003 0.901769216011278 0 0 0 0 0 0
0.356111349616038 1.45413468821277 -0.11744910801767 -0.884722607721185 -0.345096514270494 -0.313327519804349 -0.0943800766189839 -0.525654285257128 0.845446533983343 0 0 0 0 0 0
16.4119357747085 0.230087359983494 1.74513918574198 -0.796204589292016 0.448436880263857 0.40615578436449 -0.365284486007532 0.178851676796258 -0.913553067201554 0 0 0 0 0 0
7.4005117296807 13.0241255569285 14.1084033116323 0.249506303776892 0.788350996910331 0.562360440398359 0.71910286122979 0.238104062448308 -0.652837972215039 0 0 0 0 0 0
5.16499307632892 19.0492612340885 15.7153483583484 -0.560039662667622 0.273959491007876 0.78185782803759 -0.618980742911991 -0.765639928574324 -0.17509508944731 0 0 0 0 0 0
11.4351282780727 17.2833515578983 17.079423493649 0.47513914854006 -0.795759046501103 -0.375513362896946 0.516699661590452 0.597761084309848 -0.612946220465875 0 0 0 0 0 0
10.6367639206546 10.0568877914031 8.30863600103711 -0.53972737019372 0.780693501204155 -0.31497932708042 0.255861261651227 -0.204331075221985 -0.944872325900559 0 0 0 0 0 0
18.2388202817364 9.33034092712848 9.15296618565528 0.10150062653219 -0.971479899601122 -0.214299838501604 -0.531139438129936 0.129223207791083 -0.837372164937752 0 0 0 0 0 0
15.6538353166717 7.07912398443937 19.6461302650421 0.305755131166607 0.951862119892577 -0.0217323095454344 0.237831583957955 -0.0542541375305652 0.969789929507663 0 0 0 0 0 0
19.8380007912644 17.1390106250481 -7.20912209481573 -0.260823577783421 -0.940640651653731 -0.217177834956433 0.821841762779118 -0.0983186118776425 -0.561167933379669 0 0 0 0 0 0
1.27717309174141 16.6316909979935 1.23980658399508 -0.382883513526019 -0.63560640158047 -0.670376495926441 0.455911911171955 0.501133096601608 -0.73553372422363 0 0 0 0 0 0
-4.8016916806139 14.2268261695155 21.1663348755173 0.853308171704882 0.512372993961935 0.0966384563536451 0.436394392174905 -0.600375265129695 -0.670156249883941 0 0 0 0 0 0
7.85936810466127 12.7198153433009 20.7836102785066 -0.562937346531756 0.548415791466601 -0.618337755756474 0.115193588223329 0.792899457698411 0.598365141824084 0 0 0 0 0 0
4.65535792387296 4.35112460672197 8.91914921228392 -0.799552406754627 -0.572960518275026 -0.180089181452091 -0.523467859485708 0.811810934387713 -0.258736093825453 0 0 0 0 0 0
6.1254226519064 18.2923196496718 5.88993795544702 -0.502883464318734 -0.547296313161816 -0.669010376161784 -0.352306506624494 -0.577002485100853 0.736850173411644 0 0 0 0 0 0
4.35694828512596 2.4782308775498 0.656403134440288 -0.741990268762658 -0.631748088255333 -0.224376296464346 -0.658035375226462 0.622283889138518 0.423971854280662 0 0 0 0 0 0
13.2463097184285 5.16946111548357 4.91353901311393 0.68655552083182 0.246176425243541 -0.684133446401205 0.718492862462173 -0.373875291455637 0.586502489750895 0 0 0 0 0 0
14.3119564120424 16.4368317446576 10.148911592017 0.526484052910428 -0.219137484181769 0.821457967015228 -0.846688160823381 -0.222686664130419 0.483249102060435 0 0 0 0 0 0
-3.47583162603874 23.3253693131872 12.2154067668535 0.390505889827631 0.493981193533398 -0.776844669367758 -0.88138224388435 0.444288220274605 -0.16054040554415 0 0 0 0 0 0
3.1572210972707 13.0641751641038 9.2481022170197 -0.129171781193629 0.13139308749487 -0.982878624424507 0.358750117463153 -0.91785080960571 -0.169847654516949 0 0 0 0 0 0
14.6967983572051 11.5634249543807 15.425324007494 0.141555722900682 0.953545859491681 0.265917769887707 -0.274465405874323 0.295896417423835 -0.914939310753475 0 0 0 0 0 0
3.23059138916314 8.90874272961646 17.7957089193298 0.537570021108694 0.835456827254621 -0.114150454209442 -0.0703849277432202 0.179360996761517 0.981262186886367 0 0 0 0 0 0
8.76377412471642 5.1702559339771 -4.49575403354535 -0.411689404935086 0.232395051001813 0.881194791951792 -0.624461327931641 -0.776190454929721 -0.0870424046357075 0 0 0 0 0 0
