t = 40000
b = 200 200 200
E = -0.234603398398394 -0.553608533450864 0.31900513505247
-5.55229899950655 -6.24934584102755 11.1290430262374 -0.168991760102276 -0.963251754816742 -0.208776737452474 -0.415845423867196 0.261728575065119 -0.870959590832326 -0.202201827870395 -0.610101155144541 -0.238709565006569 -0.224349599966107 -0.484794326961054 0.317675158456696
-5.49471449311568 -6.26059960586286 10.6144762227859 -0.607275201156946 -0.789949258639263 0.0848342618535817 -0.389591499984898 0.203025684413117 -0.89833119086844 -0.297501376269557 0.0618554462117708 -0.0340316873152658 -0.648513873707926 0.187329632728371 -0.301793218944678
-5.58120216040891 -6.36530821098648 9.9935278469151 -0.657228011957463 -0.518416449463091 0.547079165971454 -0.643696187524758 0.00851006746163769 -0.765233699663551 -0.280616938611054 -0.36409178884524 0.109207483127145 0.166073308917125 0.0575011443477415 0.712845269055183
-5.77745991532836 -6.73231214656124 9.71485152401126 -0.776572118855995 0.307500298169022 0.549890172189226 -0.584245711996344 -0.0248456054378382 -0.81119629106079 0.328788865751069 -0.196681751224756 0.228030189833714 -0.23763335007458 0.230343417822445 0.551392572630564
-6.21546336769052 -7.01137339063061 9.49737824687433 -0.405922854055251 0.851227873657755 0.332622321374942 -0.574657301011272 0.0452673292183877 -0.817141118852921 0.124136735077838 -0.176230084114837 -0.101208333078906 0.275210279249103 0.398177538725021 -0.640790559924861
-6.65332019501821 -7.10276033266533 9.28716036331258 -0.0523868884670199 0.997912052391636 0.0377748277871103 -0.683506927467249 -0.00825235312061389 -0.729897259534434 0.287518344611343 0.444794376415277 -0.440608884795096 -0.442421216646332 0.258056182264295 -0.153833415902625
-6.33078621468309 -7.30556101317234 8.1243832759547 -0.674434750441892 -0.735466752384228 -0.0650095972922952 -0.692121517608451 0.660427277441516 -0.291210450600206 -0.327901694198799 -0.0249498859019264 0.254866592047348 -0.325747190526014 -0.253044496848889 -0.236836949824402
-6.81577515733903 -7.14544544458039 7.8271312223526 -0.570927878524546 -0.768481304044481 0.288924992628101 -0.792206098130799 0.423279758265851 -0.439594835147317 -0.321077282627878 0.214765286432629 -0.470810549696978 -0.525191213699349 -0.0995878472949396 0.037463911464936
-6.88203398184982 -6.29025238123003 7.91855678482301 -0.729782133630593 -0.363891237258055 -0.578792785227977 0.382504408445989 0.484368982468155 -0.78681438364608 0.0858881531036314 -0.286707880810107 0.0288079617757715 -0.364052197447262 -0.450421167280181 -0.0836781448710123
-7.1584533424049 -4.90765101599487 8.6572009560528 -0.785897599894758 0.560289144387495 0.26161202397295 0.322985777240799 0.0111734606910904 0.946337793561032 0.613003585374741 -0.715763380686588 0.0330765511226637 -0.790216776380722 -0.523177072771428 0.342587419638289
-6.88482812397436 -5.8388723271556 9.5369474900591 0.189609126019279 -0.965562843350846 -0.178148001248903 0.540590182203676 -0.0488008195269795 0.839869421581425 -0.606386430944626 0.0353070630900256 0.583239217876348 0.176499899102266 0.206685382971818 0.0505173463824968
-6.74511158146655 -6.06351097678004 10.0027080739704 0.3536837944539 -0.83173701645782 -0.4279266286856 0.453321732169007 -0.247755781044382 0.856222095101179 0.56149405957747 0.49515622625482 0.208638260979827 -0.181126565511207 -0.213256338359753 -0.0362407824082781
-6.69219065075706 -6.37186589650332 10.4246178283542 0.724759569347371 -0.341869649781423 -0.598204463133955 0.541365203605941 -0.254504852954724 0.801343153127518 0.113066317520168 0.264785706013497 -0.0184096908940138 0.461243687572946 -0.391323467033557 -0.0689825089086406
-6.4673667522996 -6.72304348062303 10.7420210971797 0.716638119615922 0.0735171505339765 -0.693559596787095 0.630039654053014 -0.494746449142533 0.598561540373825 0.792297960237538 0.168078739275737 -0.0515987704136748 -0.170678243232072 0.172928411369352 0.332664805192182
-6.2317482029332 -7.16765285003683 10.7606785791928 0.638982713514881 0.756213406435238 -0.140862788056452 0.673200907032707 -0.46116594016538 0.57803668785572 0.0353700730016008 -0.24995644641384 0.208666645272915 -0.30204741044934 0.117600024547712 0.0210039834198335
-5.72967962509395 -7.38596222565988 10.8580387677545 0.0285026813230824 0.945618428068193 0.324026707848567 0.614956280247154 -0.272143657473033 0.740112462849049 -0.391240783038644 -0.164960389743627 0.386587908658532 0.153868843991282 0.0663117387094245 -0.726647931653653
110.994068929796 165.046773637378 137.760907805236 0.375588250365958 -0.913133724611278 0.158493504850567 0.213614501389306 -0.0811156517427448 -0.973544550565876 -0.290873567874038 0.267307158212187 -0.210894812229256 -0.119283313465255 -0.309952899155341 -0.129808501872397
142.10197724742 87.4830188462759 73.3704014484505 -0.584099402723281 -0.555802376641835 -0.591533206558768 0.628734100790434 -0.770723675037334 0.103336267560777 -0.116866953448892 0.0147746196223218 0.214884498635977 -0.0724537999921816 -0.0841816776527812 0.347194223083796
48.0631904379116 99.7173085922059 146.440350729744 0.793070096150041 -0.503994686003234 0.342095070549857 -0.354823591658433 -0.838726544962484 -0.413083344929043 -0.239038173838082 -0.125827762076183 0.497658388998349 -0.106343620013395 0.13756541959937 0.0261233331072035
175.682626523771 127.869636934245 20.7304388126289 0.33521791691753 -0.474713960158263 0.813803102427776 -0.907485198912186 -0.394813708934413 0.143501177750817 -0.275791647187476 0.249519216607368 -0.199174351423116 0.132748229324615 0.351054480101208 -0.154196419945941
12.7963913847045 191.415687845645 165.553663950115 -0.681289643192669 -0.72433344590952 0.105760880837228 0.730445623491647 -0.682149482754801 0.0334845326783364 0.121256449265379 0.0883093214417159 -0.339338782624584 -0.704926948055165 0.0131227915594904 -0.157914918884807
35.4695149418026 116.230831002676 154.217725738795 -0.742808479908503 -0.150275960185774 0.652420455107977 -0.43222884614686 0.85183300355358 -0.295903065105309 -0.102235131086721 -0.457761862041167 0.33411551895607 0.035322701096324 -0.0922576340160085 -0.260392932040353
74.3826492204115 143.194358785765 79.7864916566411 -0.702170445045108 -0.385279807834301 -0.598762092877071 -0.510667931928129 -0.313497804680292 0.800585588619611 -0.178047156911533 -0.277481324448244 0.607937641436217 0.0143200612339712 -0.0151916166720678 -0.316246911440666
71.9840920991528 154.423436569674 36.572885662457 -0.618848359704045 0.702573624130166 0.351307461234684 0.203174380802312 0.575181783841193 -0.792392539730682 -0.677663327563608 -0.333349034914908 -0.019357552898036 -0.467623526239601 -0.0990527935298272 0.386099452704756
124.902677233825 34.8563773649041 143.315841360186 0.424914942682763 -0.901958534319451 -0.0769287068289236 -0.0927553234911479 -0.127916609800036 0.987437955215912 0.723098524296002 0.0156287417971199 -0.111412380636688 -0.125490685599924 -0.0235224570356092 -0.287216893481339
114.99659907883 184.406782823307 102.840061738871 0.995194269454306 -0.0563238747150176 0.0800991297129897 0.0423270887995873 0.985082775733319 0.166793885013885 -0.215179975649922 0.12091401086967 -0.422249112311512 -0.421281595819206 0.163555976527857 -0.375085526660801
25.4796059242916 29.4271984749084 120.007202844116 0.886103694001263 -0.101382169272701 0.452262964081832 0.369318931947914 -0.435131103731887 -0.821136012092885 0.108890924732528 0.157389857809437 0.210453487488076 0.397320064919216 0.0287245597049637 -0.346163006768178
94.5315700934017 126.255239224626 120.606948843416 0.971620529985048 -0.185848190063641 0.146334824199411 -0.0383022924732838 0.486860948907742 0.872639217862278 0.494169310141503 0.615711689716718 -0.430347179214943 0.157946228592568 0.506031124382515 0.143726527743342
101.245295075207 107.43796235409 173.030684332221 0.703247704269304 0.522539794111164 0.482073308963438 -0.641839445957944 0.175024320245403 0.746597947540568 -0.106844118223152 0.286291315922036 0.204696316555086 -0.136368546842691 -0.360334697850557 0.526250951456526
106.908265469418 115.005726762977 15.1895001615179 0.292466063508359 -0.278391190330474 -0.914856190065422 -0.956208735418503 -0.0738008879090857 -0.283228189208693 -0.274722416889464 0.304124717538808 0.511172213599281 -0.16214264061768 -0.0151193959121512 0.216367941357386
